1.641983945675274670e-01 5.562578289567838841e-01 2.795437764814676651e-01
1.641983781475271076e-01 5.562577733304557848e-01 2.795438485277960683e-01
1.641983617275300233e-01 5.562577177041388987e-01 2.795439205741100386e-01
1.641983453075362143e-01 5.562576620778331149e-01 2.795439926204096315e-01
1.641983288875456803e-01 5.562576064515384333e-01 2.795440646666947915e-01
1.641983124675584493e-01 5.562575508252549650e-01 2.795441367129655741e-01
1.641982960475744935e-01 5.562574951989824878e-01 2.795442087592219238e-01
1.641982796275938405e-01 5.562574395727212240e-01 2.795442808054638961e-01
1.641982632076164350e-01 5.562573839464710623e-01 2.795443528516914355e-01
1.641982467876423324e-01 5.562573283202320029e-01 2.795444248979045421e-01
1.641982303676715327e-01 5.562572726940041568e-01 2.795444969441032712e-01
1.641982139477039804e-01 5.562572170677874128e-01 2.795445689902876230e-01
1.641981975277397587e-01 5.562571614415816601e-01 2.795446410364574863e-01
1.641981811077787845e-01 5.562571058153872317e-01 2.795447130826129722e-01
1.641981646878211132e-01 5.562570501892037944e-01 2.795447851287540808e-01
1.641981482678667170e-01 5.562569945630314594e-01 2.795448571748807565e-01
1.641981318479155960e-01 5.562569389368703376e-01 2.795449292209929992e-01
1.641981154279677502e-01 5.562568833107203181e-01 2.795450012670908646e-01
1.641980990080232072e-01 5.562568276845814008e-01 2.795450733131742971e-01
1.641980825880819672e-01 5.562567720584535857e-01 2.795451453592433522e-01
1.641980661681439746e-01 5.562567164323369839e-01 2.795452174052979744e-01
1.641980497482092849e-01 5.562566608062314844e-01 2.795452894513382192e-01
1.641980333282778703e-01 5.562566051801370870e-01 2.795453614973640311e-01
1.641980169083497587e-01 5.562565495540537919e-01 2.795454335433754101e-01
1.641980004884249222e-01 5.562564939279815990e-01 2.795455055893724117e-01
1.641979840685033609e-01 5.562564383019206193e-01 2.795455776353549804e-01
1.641979676485851025e-01 5.562563826758707419e-01 2.795456496813231717e-01
1.641979512286700915e-01 5.562563270498319667e-01 2.795457217272769301e-01
1.641979348087583834e-01 5.562562714238042938e-01 2.795457937732162557e-01
1.641979183888499783e-01 5.562562157977877231e-01 2.795458658191412038e-01
1.641979019689448482e-01 5.562561601717823656e-01 2.795459378650517746e-01
1.641978855490429934e-01 5.562561045457881104e-01 2.795460099109478569e-01
1.641978691291444137e-01 5.562560489198049574e-01 2.795460819568296174e-01
1.641978527092491369e-01 5.562559932938329066e-01 2.795461540026968894e-01
1.641978362893571353e-01 5.562559376678719580e-01 2.795462260485497841e-01
1.641978198694684088e-01 5.562558820419222227e-01 2.795462980943883013e-01
1.641978034495829852e-01 5.562558264159835897e-01 2.795463701402123857e-01
1.641977870297008368e-01 5.562557707900560588e-01 2.795464421860220372e-01
1.641977706098219636e-01 5.562557151641396302e-01 2.795465142318173113e-01
1.641977541899463933e-01 5.562556595382344149e-01 2.795465862775981525e-01
1.641977377700740981e-01 5.562556039123403018e-01 2.795466583233646163e-01
1.641977213502050781e-01 5.562555482864571799e-01 2.795467303691166472e-01
1.641977049303393610e-01 5.562554936605910161e-01 2.795468014148485558e-01
1.641976885104769190e-01 5.562554390347357325e-01 2.795468724605663091e-01
1.641976720906177523e-01 5.562553844088913291e-01 2.795469435062698516e-01
1.641976556707618884e-01 5.562553297830579169e-01 2.795470145519591276e-01
1.641976392509092719e-01 5.562552751572353849e-01 2.795470855976342484e-01
1.641976228310599861e-01 5.562552205314238440e-01 2.795471566432951582e-01
1.641976064112139477e-01 5.562551649056181047e-01 2.795472286889469360e-01
1.641975899913712122e-01 5.562551092798234675e-01 2.795473007345842809e-01
1.641975735715317519e-01 5.562550536540399326e-01 2.795473727802072483e-01
1.641975571516955945e-01 5.562549980282676110e-01 2.795474448258157829e-01
1.641975407318626845e-01 5.562549424025062805e-01 2.795475168714099401e-01
1.641975243120330774e-01 5.562548867767561633e-01 2.795475889169896089e-01
1.641975078922067732e-01 5.562548321510216720e-01 2.795476599625504877e-01
1.641974914723837442e-01 5.562547775252980609e-01 2.795477310080971001e-01
1.641974750525639903e-01 5.562547228995854409e-01 2.795478020536295016e-01
1.641974586327475116e-01 5.562546692738878917e-01 2.795478720991435018e-01
1.641974422129343358e-01 5.562546156482010007e-01 2.795479421446434576e-01
1.641974257931244352e-01 5.562545620225248788e-01 2.795480121901294246e-01
1.641974093733178097e-01 5.562545073968556686e-01 2.795480832356053158e-01
1.641973929535144872e-01 5.562544527711973386e-01 2.795481542810669962e-01
1.641973765337144398e-01 5.562543971455462533e-01 2.795482263265181566e-01
1.641973601139176675e-01 5.562543415199062702e-01 2.795482983719548842e-01
1.641973436941241704e-01 5.562542858942773893e-01 2.795483704173771788e-01
1.641973272743339762e-01 5.562542302686597218e-01 2.795484424627850961e-01
1.641973108545470850e-01 5.562541746430531564e-01 2.795485145081785805e-01
1.641972944347634411e-01 5.562541190174576933e-01 2.795485865535576875e-01
1.641972780149831002e-01 5.562540633918733324e-01 2.795486585989223616e-01
1.641972615952060344e-01 5.562540077663000737e-01 2.795487306442726583e-01
1.641972451754322715e-01 5.562539521407380283e-01 2.795488026896085221e-01
1.641972287556617838e-01 5.562538965151869741e-01 2.795488747349300085e-01
1.641972123358945712e-01 5.562538408896471331e-01 2.795489467802370065e-01
1.641971959161306338e-01 5.562537852641185054e-01 2.795490188255296826e-01
1.641971794963699993e-01 5.562537296386008689e-01 2.795490908708079258e-01
1.641971630766126400e-01 5.562536740130944457e-01 2.795491629160717362e-01
1.641971466568585558e-01 5.562536183875991247e-01 2.795492349613211136e-01
1.641971302371077746e-01 5.562535627621149059e-01 2.795493070065561136e-01
1.641971138173602685e-01 5.562535071366417894e-01 2.795493790517767363e-01
1.641970973976160375e-01 5.562534515111797750e-01 2.795494510969829260e-01
1.641970809778751095e-01 5.562533958857289740e-01 2.795495231421746829e-01
1.641970645581374566e-01 5.562533402602892751e-01 2.795495951873520624e-01
1.641970481384030789e-01 5.562532846348606785e-01 2.795496672325150089e-01
1.641970317186720041e-01 5.562532290094431842e-01 2.795497392776635781e-01
1.641970152989442044e-01 5.562531733840369030e-01 2.795498113227977144e-01
1.641969988792196800e-01 5.562531177586416131e-01 2.795498833679174178e-01
1.641969824594984584e-01 5.562530621332575365e-01 2.795499554130227438e-01
1.641969660397805120e-01 5.562530065078845620e-01 2.795500274581136924e-01
1.641969496200658407e-01 5.562529508825228008e-01 2.795500995031901526e-01
1.641969332003544446e-01 5.562528952571720309e-01 2.795501715482522909e-01
1.641969167806463514e-01 5.562528396318324742e-01 2.795502435932999408e-01
1.641969003609415334e-01 5.562527840065040197e-01 2.795503156383332133e-01
1.641968839412400183e-01 5.562527283811866674e-01 2.795503876833521084e-01
1.641968675215417783e-01 5.562526727558804174e-01 2.795504597283565706e-01
1.641968511018468135e-01 5.562526171305853806e-01 2.795505317733466000e-01
1.641968346821551239e-01 5.562525615053013350e-01 2.795506038183222519e-01
1.641968182624667372e-01 5.562525058800285027e-01 2.795506758632834710e-01
1.641968018427816256e-01 5.562524502547668837e-01 2.795507479082303126e-01
1.641967854230997892e-01 5.562523946295162558e-01 2.795508199531627214e-01
1.641967690034212557e-01 5.562523390042768412e-01 2.795508919980806972e-01
