4.191457263743637585e-01 3.046361492299429208e-01 2.762181243900922456e-01
4.191457737935891936e-01 3.046361290994640814e-01 2.762180971013457054e-01
4.191458215461416614e-01 3.046361086356526582e-01 2.762180698126046607e-01
4.191458691320163465e-01 3.046360883385136331e-01 2.762180425238690007e-01
4.191459158845402544e-01 3.046360687080515994e-01 2.762180154018071265e-01
4.191459628037230156e-01 3.046360489109253278e-01 2.762179882797505814e-01
4.191460098895646302e-01 3.046360289471347627e-01 2.762179611576995319e-01
4.191460569753968635e-01 3.046360089833481943e-01 2.762179340356538670e-01
4.191461042278878391e-01 3.046359888528974436e-01 2.762179069136136422e-01
4.191461513137011985e-01 3.046359690557870481e-01 2.762178796249107338e-01
4.191461983995051210e-01 3.046359492586805939e-01 2.762178523362132099e-01
4.191462449852952354e-01 3.046359299615825078e-01 2.762178250475211816e-01
4.191462919044122160e-01 3.046359103311520600e-01 2.762177977588345934e-01
4.191463386568518024e-01 3.046358908673936217e-01 2.762177704701535008e-01
4.191463850759458154e-01 3.046358717369752611e-01 2.762177431814778483e-01
4.191464313283624898e-01 3.046358527732288546e-01 2.762177158928076359e-01
4.191464774141018812e-01 3.046358339761542355e-01 2.762176886041428636e-01
4.191465236665000704e-01 3.046358150124153230e-01 2.762176613154835869e-01
4.191465704188930830e-01 3.046357955486761471e-01 2.762176340268297503e-01
4.191466173379447269e-01 3.046357759182728997e-01 2.762176067381814093e-01
4.191466645903229593e-01 3.046357561212055809e-01 2.762175792828704957e-01
4.191467113426878277e-01 3.046357368241461305e-01 2.762175518275650221e-01
4.191467577617074558e-01 3.046357178604264249e-01 2.762175243722650997e-01
4.191468043473857152e-01 3.046356985633746906e-01 2.762174970836386301e-01
4.191468507663867471e-01 3.046356794329946882e-01 2.762174697950176006e-01
4.191468970187106069e-01 3.046356604692864178e-01 2.762174425064020111e-01
4.191469434376930980e-01 3.046356413389140205e-01 2.762174152177919173e-01
4.191469903566699129e-01 3.046356217085419149e-01 2.762173879291872636e-01
4.191470371089694447e-01 3.046356022448415413e-01 2.762173606405880499e-01
4.191470838612597061e-01 3.046355827811450534e-01 2.762173333519942764e-01
4.191471304468727399e-01 3.046355634841202975e-01 2.762173060634059985e-01
4.191471770324764479e-01 3.046355441870994274e-01 2.762172787748231606e-01
4.191472241180742020e-01 3.046355243900790155e-01 2.762172514862458184e-01
4.191472712036625747e-01 3.046355044263948098e-01 2.762172243643416514e-01
4.191473187892447716e-01 3.046354841293790749e-01 2.762171970757751893e-01
4.191473660414819502e-01 3.046354639990351831e-01 2.762171699538819025e-01
4.191474124603711271e-01 3.046354447020339085e-01 2.762171428319940003e-01
4.191474588792510336e-01 3.046354252383687289e-01 2.762171158767792734e-01
4.191475049647862550e-01 3.046354061080428499e-01 2.762170889215699310e-01
4.191475513836475653e-01 3.046353866443854419e-01 2.762170619663660287e-01
4.191475983025025887e-01 3.046353665140613676e-01 2.762170351778350796e-01
4.191476452213482307e-01 3.046353463837412900e-01 2.762170083893095152e-01
4.191476919735168671e-01 3.046353262534252648e-01 2.762169817674569039e-01
4.191477390590113150e-01 3.046353057897780436e-01 2.762169551456096217e-01
4.191477861444964370e-01 3.046352854928024989e-01 2.762169283571000999e-01
4.191478333966396352e-01 3.046352650291634379e-01 2.762169015685959628e-01
4.191478809821084783e-01 3.046352440655258897e-01 2.762168749467646678e-01
4.191479284009003159e-01 3.046352232685599626e-01 2.762168483249387574e-01
4.191479754863476348e-01 3.046352028049332805e-01 2.762168217031181205e-01
4.191480225717855168e-01 3.046351825079782194e-01 2.762167949146352997e-01
4.191480691572115336e-01 3.046351627110295834e-01 2.762167681261579189e-01
4.191481160759631397e-01 3.046351425807500291e-01 2.762167413376858116e-01
4.191481626613704492e-01 3.046351227838093867e-01 2.762167145492191445e-01
4.191482094134358904e-01 3.046351028202052835e-01 2.762166877607577509e-01
4.191482559988246037e-01 3.046350830232725238e-01 2.762166609723017974e-01
4.191483027508713932e-01 3.046350630596764142e-01 2.762166341838511174e-01
4.191483495029088013e-01 3.046350430960842459e-01 2.762166073954058776e-01
4.191483959216021349e-01 3.046350234658308231e-01 2.762165806069659668e-01
4.191484420069515049e-01 3.046350041689160348e-01 2.762165538185313851e-01
4.191484880922916045e-01 3.046349847053377857e-01 2.762165271967694791e-01
4.191485345109571825e-01 3.046349650750960758e-01 2.762165004083456110e-01
4.191485814296153078e-01 3.046349451115237250e-01 2.762164734532598365e-01
4.191486280149295252e-01 3.046349254812898977e-01 2.762164464981794465e-01
4.191486744335671810e-01 3.046349060177272472e-01 2.762164195431044411e-01
4.191487210188627466e-01 3.046348863875013024e-01 2.762163925880348203e-01
4.191487676041489863e-01 3.046348667572792435e-01 2.762163656329705841e-01
4.191488145227603712e-01 3.046348467937267102e-01 2.762163386779117880e-01
4.191488609413608346e-01 3.046348271635125338e-01 2.762163118895255010e-01
4.191489081932878724e-01 3.046348066999663984e-01 2.762162851011445985e-01
4.191489549452039887e-01 3.046347867364258555e-01 2.762162583127690807e-01
4.191490016971107235e-01 3.046347669395563784e-01 2.762162313577317119e-01
4.191490484490081325e-01 3.046347469760238291e-01 2.762162045693669077e-01
4.191490955342304092e-01 3.046347266791609720e-01 2.762161777810074881e-01
4.191491426194433045e-01 3.046347063823021672e-01 2.762161509926533975e-01
4.191491900379809565e-01 3.046346857521132767e-01 2.762161242043046361e-01
4.191492376231761297e-01 3.046346647885944114e-01 2.762160975826282727e-01
4.191492853750288794e-01 3.046346436584126960e-01 2.762160709609572939e-01
4.191493332935390947e-01 3.046346225282351439e-01 2.762160441726245752e-01
4.191493810453726931e-01 3.046346017313958932e-01 2.762160172176302275e-01
4.191494281305288006e-01 3.046345816012288044e-01 2.762159902626413199e-01
4.191494750490084020e-01 3.046345618043996839e-01 2.762159631409907279e-01
4.191495218008117751e-01 3.046345416742405887e-01 2.762159365193464500e-01
4.191495687192726693e-01 3.046345213774185878e-01 2.762159098977075566e-01
4.191496161377250007e-01 3.046345007472667787e-01 2.762158831094070344e-01
4.191496635561678952e-01 3.046344797837852725e-01 2.762158566544457017e-01
4.191497111412681442e-01 3.046344586536410270e-01 2.762158301994896425e-01
4.191497597263601493e-01 3.046344366901665990e-01 2.762158035778720100e-01
4.191498081447756485e-01 3.046344150600303058e-01 2.762157767895928595e-01
4.191498565631813777e-01 3.046343934298983425e-01 2.762157500013190381e-01
4.191499048149106565e-01 3.046343719664375560e-01 2.762157232130505458e-01
4.191499528999634849e-01 3.046343506696478354e-01 2.762156964247874935e-01
4.191500009850066544e-01 3.046343293728624446e-01 2.762156696365297148e-01
4.191500484033731100e-01 3.046343087427483831e-01 2.762156428482773207e-01
4.191500951550629628e-01 3.046342889459722758e-01 2.762156158933635752e-01
4.191501420734102257e-01 3.046342691492001098e-01 2.762155887717884228e-01
4.191501898250817870e-01 3.046342485190982607e-01 2.762155616502186550e-01
4.191502374100770645e-01 3.046342280556672555e-01 2.762155345286543828e-01
4.191502851617295300e-01 3.046342074255736776e-01 2.762155074070954952e-01
4.191503335800391694e-01 3.046341859621507497e-01 2.762154804522087281e-01
4.191503818316725249e-01 3.046341648320655127e-01 2.762154533306606652e-01
