1.257647693579444226e-01 6.167730503355904892e-01 2.574621803048724455e-01
1.257647667814422443e-01 6.167730772299775399e-01 2.574621559869875176e-01
1.257647642049405656e-01 6.167731041243593726e-01 2.574621316691074746e-01
1.257647630570245534e-01 6.167731310187357652e-01 2.574621059226471220e-01
1.257647619091087632e-01 6.167731579131067177e-01 2.574620801761919875e-01
1.257647607611932228e-01 6.167731848074723411e-01 2.574620544297419045e-01
1.257647610418625994e-01 6.167732102732478294e-01 2.574620286832970395e-01
1.257647598939473643e-01 6.167732371676027947e-01 2.574620029368573371e-01
1.257647601746167965e-01 6.167732626333680690e-01 2.574619771904227417e-01
1.257647618838704517e-01 6.167732866705438743e-01 2.574619514439933088e-01
1.257647621645396063e-01 6.167733121362989346e-01 2.574619256975689829e-01
1.257647624452087332e-01 6.167733376020489988e-01 2.574618999511498751e-01
1.257647627258777767e-01 6.167733630677939560e-01 2.574618742047358744e-01
1.257647630065467925e-01 6.167733885335338062e-01 2.574618484583270361e-01
1.257647632872157251e-01 6.167734139992686604e-01 2.574618227119233604e-01
1.257647649964680481e-01 6.167734380364148228e-01 2.574617969655247918e-01
1.257647681343033175e-01 6.167734606449729595e-01 2.574617712191313856e-01
1.257647698435548078e-01 6.167734846821097960e-01 2.574617454727431420e-01
1.257647715528059651e-01 6.167735087192417476e-01 2.574617197263600610e-01
1.257647732620567893e-01 6.167735327563688141e-01 2.574616939799821425e-01
1.257647749713072527e-01 6.167735567934912178e-01 2.574616682336093310e-01
1.257647766805573830e-01 6.167735808306087364e-01 2.574616424872416820e-01
1.257647812469720183e-01 6.167736020105566430e-01 2.574616167408791956e-01
1.257647858133857377e-01 6.167736231905002198e-01 2.574615909945218717e-01
1.257647918083807104e-01 6.167736429418574362e-01 2.574615652481696548e-01
1.257647992319564645e-01 6.167736612646287364e-01 2.574615395018226005e-01
1.257648052269488836e-01 6.167736810159781813e-01 2.574615137554807087e-01
1.257648097933583842e-01 6.167737021959054378e-01 2.574614880091439795e-01
1.257648143597669688e-01 6.167737233758284754e-01 2.574614622628123572e-01
1.257648189261746374e-01 6.167737445557472942e-01 2.574614365164858976e-01
1.257648234925813902e-01 6.167737657356617831e-01 2.574614107701646004e-01
1.257648280589872547e-01 6.167737869155720531e-01 2.574613850238484658e-01
1.257648326253921756e-01 6.167738080954782154e-01 2.574613592775374382e-01
1.257648371917962082e-01 6.167738292753800478e-01 2.574613335312315732e-01
1.257648431867800509e-01 6.167738490266968521e-01 2.574613077849308707e-01
1.257648477531820852e-01 6.167738702065903578e-01 2.574612820386353307e-01
1.257648494624223900e-01 6.167738942436404859e-01 2.574612562923449532e-01
1.257648511716623341e-01 6.167739182806858400e-01 2.574612305460596828e-01
1.257648528809019173e-01 6.167739423177264202e-01 2.574612047997795750e-01
1.257648517329811866e-01 6.167739692119220685e-01 2.574611790535046296e-01
1.257648505850606502e-01 6.167739961061124987e-01 2.574611533072347913e-01
1.257648494371403636e-01 6.167740230002974888e-01 2.574611275609701710e-01
1.257648482892202990e-01 6.167740498944770389e-01 2.574611018147106578e-01
1.257648485698799057e-01 6.167740753600717829e-01 2.574610760684562516e-01
1.257648488505394291e-01 6.167741008256615309e-01 2.574610503222070634e-01
1.257648491311989247e-01 6.167741262912460609e-01 2.574610245759629823e-01
1.257648479832793598e-01 6.167741531854046277e-01 2.574609988297240637e-01
1.257648454067811783e-01 6.167741815081365653e-01 2.574609730834903076e-01
1.257648428302834964e-01 6.167742098308629517e-01 2.574609473372617141e-01
1.257648373966291921e-01 6.167742410107406315e-01 2.574609215910382276e-01
1.257648305343975481e-01 6.167742736191905717e-01 2.574608958448199592e-01
1.257648236721672641e-01 6.167743062276340726e-01 2.574608700986067422e-01
1.257648168099383679e-01 6.167743388360709123e-01 2.574608443523987433e-01
1.257648099477108594e-01 6.167743714445013126e-01 2.574608186061959070e-01
1.257648045140625503e-01 6.167744026243472399e-01 2.574607928599981777e-01
1.257647990804153237e-01 6.167744338041870611e-01 2.574607671138056109e-01
1.257647950753467692e-01 6.167744635554430754e-01 2.574607413676181511e-01
1.257647910702790195e-01 6.167744933066930946e-01 2.574607156214359094e-01
1.257647856366347627e-01 6.167745244865143750e-01 2.574606898752587747e-01
1.257647816315687339e-01 6.167745542377525148e-01 2.574606641290868025e-01
1.257647776265035378e-01 6.167745839889845483e-01 2.574606383829199929e-01
1.257647721928622508e-01 6.167746151687873990e-01 2.574606126367582903e-01
1.257647667592220742e-01 6.167746463485841435e-01 2.574605868906018058e-01
1.257647627541595425e-01 6.167746760997980804e-01 2.574605611444504283e-01
1.257647587490978436e-01 6.167747058510060221e-01 2.574605353983042133e-01
1.257647547440369218e-01 6.167747356022080796e-01 2.574605096521631054e-01
1.257647507389768049e-01 6.167747653534041419e-01 2.574604839060271599e-01
1.257647481624934727e-01 6.167747936760182847e-01 2.574604581598963771e-01
1.257647455860106955e-01 6.167748219986267655e-01 2.574604324137707567e-01
1.257647415809526881e-01 6.167748517498052863e-01 2.574604066676502989e-01
1.257647361473199221e-01 6.167748829295534030e-01 2.574603809215349481e-01
1.257647307136882109e-01 6.167749141092951914e-01 2.574603551754247599e-01
1.257647267086328957e-01 6.167749438604556156e-01 2.574603294293197342e-01
1.257647198464281191e-01 6.167749764687602276e-01 2.574603036832198710e-01
1.257647129842247025e-01 6.167750090770584004e-01 2.574602779371251149e-01
1.257647061220226459e-01 6.167750416853500228e-01 2.574602521910355768e-01
1.257647006883966800e-01 6.167750728650603920e-01 2.574602264449510902e-01
1.257646938261972325e-01 6.167751054733390248e-01 2.574602006988718217e-01
1.257646869639991727e-01 6.167751380816112183e-01 2.574601749527977157e-01
1.257646801018024729e-01 6.167751706898768616e-01 2.574601492067287167e-01
1.257646732396071332e-01 6.167752032981360655e-01 2.574601234606648803e-01
1.257646663774131812e-01 6.167752359063886081e-01 2.574600977146061509e-01
1.257646595152206170e-01 6.167752685146347114e-01 2.574600719685526395e-01
1.257646526530294129e-01 6.167753011228743754e-01 2.574600462225042352e-01
1.257646457908395687e-01 6.167753337311073780e-01 2.574600204764609934e-01
1.257646389286511124e-01 6.167753663393339414e-01 2.574599947304229142e-01
1.257646320664640160e-01 6.167753989475539544e-01 2.574599689843899974e-01
1.257646252042783075e-01 6.167754315557674172e-01 2.574599432383621878e-01
1.257646183420939590e-01 6.167754641639743296e-01 2.574599174923395406e-01
1.257646143370566849e-01 6.167754939150291715e-01 2.574598917463220560e-01
1.257646103320202158e-01 6.167755236660780183e-01 2.574598660003096784e-01
1.257646063269845516e-01 6.167755534171209808e-01 2.574598402543025188e-01
1.257646037505221193e-01 6.167755817395854656e-01 2.574598145083004663e-01
1.257646011740602143e-01 6.167756100620442883e-01 2.574597887623035763e-01
1.257646000261709585e-01 6.167756369559254104e-01 2.574597630163117934e-01
1.257646003068539076e-01 6.167756624212290539e-01 2.574597372703251730e-01
1.257646005875368289e-01 6.167756878865275905e-01 2.574597115243437706e-01
1.257646008682196948e-01 6.167757133518210200e-01 2.574596857783674198e-01
1.257646011489024773e-01 6.167757388171094535e-01 2.574596600323962869e-01
1.257646014295852321e-01 6.167757642823926689e-01 2.574596342864303167e-01
