4.917486011108184729e-01 2.944491392465111157e-01 2.138022596424152821e-01
4.917485523354803711e-01 2.944491104013144955e-01 2.138023372629500041e-01
4.917485035601519838e-01 2.944490815561236485e-01 2.138024148834692384e-01
4.917484548848343184e-01 2.944490527109385747e-01 2.138024924039719499e-01
4.917484061095254155e-01 2.944490238657593295e-01 2.138025700244601257e-01
4.917483573342263381e-01 2.944489951205867539e-01 2.138026475449318065e-01
4.917483085589369196e-01 2.944489663754198960e-01 2.138027250653879996e-01
4.917482597836573266e-01 2.944489376302588668e-01 2.138028025858287051e-01
4.917482110083874480e-01 2.944489087851026032e-01 2.138028802062547917e-01
4.917481621331264430e-01 2.944488799399521128e-01 2.138029579266662594e-01
4.917481132578752079e-01 2.944488510948073956e-01 2.138030356470621562e-01
4.917480642826329018e-01 2.944488223496693480e-01 2.138031133674425377e-01
4.917480153074004212e-01 2.944487936045370735e-01 2.138031910878073483e-01
4.917479663321777661e-01 2.944487648594105167e-01 2.138032688081566435e-01
4.917479172569639845e-01 2.944487362142905185e-01 2.138033465284903678e-01
4.917478681817600838e-01 2.944487076691771343e-01 2.138034241488077636e-01
4.917478191065659532e-01 2.944486791240694679e-01 2.138035017691096162e-01
4.917477700313816480e-01 2.944486504789666781e-01 2.138035794893967390e-01
4.917477209562071128e-01 2.944486221338720178e-01 2.138036569096658790e-01
4.917476718810424585e-01 2.944485938887838605e-01 2.138037342299187737e-01
4.917476228058875742e-01 2.944485656437013099e-01 2.138038115501561809e-01
4.917475738307433009e-01 2.944485372986236360e-01 2.138038888703781559e-01
4.917475248556088530e-01 2.944485087535501644e-01 2.138039663905861865e-01
4.917474759804849049e-01 2.944484802084823549e-01 2.138040438107779162e-01
4.917474271053706714e-01 2.944484516634202076e-01 2.138041212309541861e-01
4.917473782302662633e-01 2.944484232183645633e-01 2.138041985511142384e-01
4.917473293551715696e-01 2.944483946733138513e-01 2.138042759712595609e-01
4.917472803800860826e-01 2.944483661282688569e-01 2.138043534913900978e-01
4.917472314050103654e-01 2.944483376832302546e-01 2.138044309115044173e-01
4.917471824299444183e-01 2.944483094381988297e-01 2.138045081316018725e-01
4.917471334548882966e-01 2.944482810931722816e-01 2.138045854516845978e-01
4.917470844798419449e-01 2.944482528481521255e-01 2.138046626717511611e-01
4.917470355048053632e-01 2.944482246031375761e-01 2.138047398918022646e-01
4.917469865297786069e-01 2.944481962581280698e-01 2.138048172118386103e-01
4.917469375547616761e-01 2.944481679131241703e-01 2.138048945318594685e-01
4.917468885797545153e-01 2.944481394681253139e-01 2.138049719518655134e-01
4.917468396047571244e-01 2.944481110231321197e-01 2.138050493718560430e-01
4.917467906297695590e-01 2.944480823781434053e-01 2.138051269918323782e-01
4.917467416547917636e-01 2.944480536331598453e-01 2.138052047117937615e-01
4.917466926798237936e-01 2.944480248881820583e-01 2.138052824317396017e-01
4.917466436048650302e-01 2.944479961432099890e-01 2.138053602516705176e-01
4.917465946299166557e-01 2.944479672982430740e-01 2.138054380715858349e-01
4.917465456549780511e-01 2.944479384532819322e-01 2.138055158914856091e-01
4.917464965800486532e-01 2.944479096083265635e-01 2.138055938113703480e-01
4.917464475051291362e-01 2.944478806633764045e-01 2.138056718312400795e-01
4.917463984302193891e-01 2.944478517184320188e-01 2.138057498510942123e-01
4.917463493553194676e-01 2.944478227734934062e-01 2.138058278709327187e-01
4.917463002804293715e-01 2.944477938285606222e-01 2.138059058907556265e-01
4.917462512055490453e-01 2.944477649836341193e-01 2.138059838105624000e-01
4.917462022306791081e-01 2.944477361387134451e-01 2.138060616303531225e-01
4.917461532558189408e-01 2.944477072937984885e-01 2.138061394501283019e-01
4.917461042809685434e-01 2.944476784488893051e-01 2.138062172698878827e-01
4.917460554061283684e-01 2.944476497039863472e-01 2.138062948896309878e-01
4.917460065312979633e-01 2.944476209590892180e-01 2.138063725093585776e-01
4.917459577564777806e-01 2.944475923141982032e-01 2.138064499290697196e-01
4.917459089816673679e-01 2.944475636693129061e-01 2.138065273487653462e-01
4.917458602068667251e-01 2.944475350244333822e-01 2.138066047684455129e-01
4.917458114320758522e-01 2.944475064795599728e-01 2.138066820881097951e-01
4.917457626572946938e-01 2.944474780346926779e-01 2.138067593077581929e-01
4.917457138825233054e-01 2.944474495898311006e-01 2.138068365273911586e-01
4.917456650077612346e-01 2.944474211449751855e-01 2.138069138470090613e-01
4.917456161330089892e-01 2.944473927001249325e-01 2.138069911666115042e-01
4.917455673582668552e-01 2.944473641552800558e-01 2.138070684861984871e-01
4.917455185835344911e-01 2.944473355104404999e-01 2.138071459057703516e-01
4.917454697088115556e-01 2.944473067656063758e-01 2.138072235253274389e-01
4.917454209340987314e-01 2.944472781207783108e-01 2.138073009448683004e-01
4.917453721593956217e-01 2.944472493759556775e-01 2.138073784643940434e-01
4.917453233847023375e-01 2.944472205311384205e-01 2.138074560839045846e-01
4.917452746100187677e-01 2.944471915863266509e-01 2.138075338033998962e-01
4.917452258353449124e-01 2.944471626415205989e-01 2.138076115228796925e-01
4.917451770606808825e-01 2.944471337967207170e-01 2.138076891423436598e-01
4.917451281860262813e-01 2.944471050519268940e-01 2.138077667617920841e-01
4.917450793113814500e-01 2.944470763071387887e-01 2.138078443812250207e-01
4.917450304367463887e-01 2.944470474623561707e-01 2.138079221006426445e-01
4.917449816621213832e-01 2.944470185175790400e-01 2.138079998200447251e-01
4.917449328875061476e-01 2.944469896728079683e-01 2.138080774394310324e-01
4.917448841129006265e-01 2.944469608280426698e-01 2.138081550588018520e-01
4.917448353383049309e-01 2.944469318832828586e-01 2.138082327781573033e-01
4.917447864637186639e-01 2.944469031385293367e-01 2.138083103974970645e-01
4.917447375891422778e-01 2.944468743937815880e-01 2.138083880168212825e-01
4.917446887145756063e-01 2.944468456490395569e-01 2.138084656361299851e-01
4.917446398400187046e-01 2.944468168043030687e-01 2.138085433554232917e-01
4.917445909654715730e-01 2.944467879595723536e-01 2.138086210747010829e-01
4.917445421909344416e-01 2.944467590148472369e-01 2.138086987939633032e-01
4.917444935164071995e-01 2.944467300701278933e-01 2.138087764132098889e-01
4.917444448418896719e-01 2.944467011254143785e-01 2.138088540324409315e-01
4.917443961673819142e-01 2.944466721807065812e-01 2.138089316516564586e-01
4.917443472928835768e-01 2.944466432360046126e-01 2.138090094708566813e-01
4.917442984183950649e-01 2.944466142913084727e-01 2.138090872900413331e-01
4.917442495439162675e-01 2.944465853466181060e-01 2.138091651092104417e-01
4.917442006694472956e-01 2.944465564019335124e-01 2.138092429283639795e-01
4.917441517949880936e-01 2.944465274572546920e-01 2.138093207475019464e-01
4.917441029205386616e-01 2.944464985125816447e-01 2.138093985666243702e-01
4.917440540460989995e-01 2.944464694679144179e-01 2.138094764857312313e-01
4.917440052716691712e-01 2.944464404232529642e-01 2.138095543048225133e-01
4.917439564972491128e-01 2.944464114785972919e-01 2.138096320238981607e-01
4.917439077228388244e-01 2.944463825339475038e-01 2.138097097429582649e-01
4.917438589484382505e-01 2.944463535893034334e-01 2.138097874620028260e-01
4.917438101740474465e-01 2.944463246446651361e-01 2.138098651810318440e-01
4.917437612996664043e-01 2.944462957000326675e-01 2.138099430000453272e-01
