1.075321405693540622e-01 6.172832311076968947e-01 2.751846283263097992e-01
1.075321518162502266e-01 6.172832473795332175e-01 2.751846008075772843e-01
1.075321610631247427e-01 6.172832656513856930e-01 2.751845732888502649e-01
1.075321683099781933e-01 6.172832859232537661e-01 2.751845457701287412e-01
1.075321755568302007e-01 6.172833061951178424e-01 2.751845182514127131e-01
1.075321868037183576e-01 6.172833224669401764e-01 2.751844907327022360e-01
1.075321980506042802e-01 6.172833387387592907e-01 2.751844632139972546e-01
1.075322072974695398e-01 6.172833570105935586e-01 2.751844356952977688e-01
1.075322165443329536e-01 6.172833752824240516e-01 2.751844081766037786e-01
1.075322277912125202e-01 6.172833915542330629e-01 2.751843806579152840e-01
1.075322370380720205e-01 6.172834098260564506e-01 2.751843531392322850e-01
1.075322462849296890e-01 6.172834280978762855e-01 2.751843256205548371e-01
1.075322555317855117e-01 6.172834463696923457e-01 2.751842981018828294e-01
1.075322647786394747e-01 6.172834646415048532e-01 2.751842705832163727e-01
1.075322720254745790e-01 6.172834849133307378e-01 2.751842430645554116e-01
1.075322792723082538e-01 6.172835051851525145e-01 2.751842155458999462e-01
1.075322845191238608e-01 6.172835274569868913e-01 2.751841880272499763e-01
1.075322917659548294e-01 6.172835477288004524e-01 2.751841605086055020e-01
1.075322990127843409e-01 6.172835680006099057e-01 2.751841329899665789e-01
1.075323062596124091e-01 6.172835882724152512e-01 2.751841054713330958e-01
1.075323155064548258e-01 6.172836065442007802e-01 2.751840779527051639e-01
1.075323207532642017e-01 6.172836288160138407e-01 2.751840504340827276e-01
1.075323220000417301e-01 6.172836550878532114e-01 2.751840229154657869e-01
1.075323232468190227e-01 6.172836813596873640e-01 2.751839953968543417e-01
1.075323264936110385e-01 6.172837056315012561e-01 2.751839678782484477e-01
1.075323297404024020e-01 6.172837299033103742e-01 2.751839403596479938e-01
1.075323309871785427e-01 6.172837561751292057e-01 2.751839128410530910e-01
1.075323322339544335e-01 6.172837824469427082e-01 2.751838853224636838e-01
1.075323354807442428e-01 6.172838067187368383e-01 2.751838578038797722e-01
1.075323387275334136e-01 6.172838309905260834e-01 2.751838302853013563e-01
1.075323439743357395e-01 6.172838532622966223e-01 2.751838027667284359e-01
1.075323452211098263e-01 6.172838795340899187e-01 2.751837752481610666e-01
1.075323444678702722e-01 6.172839078058914852e-01 2.751837477295991374e-01
1.075323437146308569e-01 6.172839360776872786e-01 2.751837202110427594e-01
1.075323429613916082e-01 6.172839643494775208e-01 2.751836926924918769e-01
1.075323422081524982e-01 6.172839926212619899e-01 2.751836651739464901e-01
1.075323414549135409e-01 6.172840208930409078e-01 2.751836376554065988e-01
1.075323407016747362e-01 6.172840491648141636e-01 2.751836101368722032e-01
1.075323379484238728e-01 6.172840794365939132e-01 2.751835826183433031e-01
1.075323351951735645e-01 6.172841097083675566e-01 2.751835550998199542e-01
1.075323324419238114e-01 6.172841399801352047e-01 2.751835275813021009e-01
1.075323296886746133e-01 6.172841702518967466e-01 2.751835000627897432e-01
1.075323269354259564e-01 6.172842005236522933e-01 2.751834725442828811e-01
1.075323241821778408e-01 6.172842307954017338e-01 2.751834450257815146e-01
1.075323194289192902e-01 6.172842630671562247e-01 2.751834175072856437e-01
1.075323146756616832e-01 6.172842953389041654e-01 2.751833899887952684e-01
1.075323099224050338e-01 6.172843276106457777e-01 2.751833624703104442e-01
1.075323051691493281e-01 6.172843598823808398e-01 2.751833349518311156e-01
1.075323004158945800e-01 6.172843921541094625e-01 2.751833074333572826e-01
1.075322956626407755e-01 6.172844244258316460e-01 2.751832799148889452e-01
1.075322929093977253e-01 6.172844546975375657e-01 2.751832523964261035e-01
1.075322901561552302e-01 6.172844849692373792e-01 2.751832248779687573e-01
1.075322874029132764e-01 6.172845152409311975e-01 2.751831973595169623e-01
1.075322806496534778e-01 6.172845495126372262e-01 2.751831698410706073e-01
1.075322738963950253e-01 6.172845837843365935e-01 2.751831423226298035e-01
1.075322671431379190e-01 6.172846180560289664e-01 2.751831148041944952e-01
1.075322603898821727e-01 6.172846523277145669e-01 2.751830872857646826e-01
1.075322536366277726e-01 6.172846865993931731e-01 2.751830597673403656e-01
1.075322468833747325e-01 6.172847208710651179e-01 2.751830322489215996e-01
1.075322381301150321e-01 6.172847571427381164e-01 2.751830047305082738e-01
1.075322273768492820e-01 6.172847954144116134e-01 2.751829772121004991e-01
1.075322166235856830e-01 6.172848336860775609e-01 2.751829496936981645e-01
1.075322058703242212e-01 6.172848719577357368e-01 2.751829221753013810e-01
1.075321951170649243e-01 6.172849102293863632e-01 2.751828946569100931e-01
1.075321843638077784e-01 6.172849485010293291e-01 2.751828671385243563e-01
1.075321736105527837e-01 6.172849867726645234e-01 2.751828396201440596e-01
1.075321628572999400e-01 6.172850250442921682e-01 2.751828121017693141e-01
1.075321521040492473e-01 6.172850633159121525e-01 2.751827845834000086e-01
1.075321413508006918e-01 6.172851015875244762e-01 2.751827570650362542e-01
1.075321305975543013e-01 6.172851398591291394e-01 2.751827295466779955e-01
1.075321198443100618e-01 6.172851781307261421e-01 2.751827020283252323e-01
1.075321090910679594e-01 6.172852164023154842e-01 2.751826745099779647e-01
1.075320983378280221e-01 6.172852546738971657e-01 2.751826469916362483e-01
1.075320875845902219e-01 6.172852929454711868e-01 2.751826194732999720e-01
1.075320768313545866e-01 6.172853312170375473e-01 2.751825919549692467e-01
1.075320660781210885e-01 6.172853694885963582e-01 2.751825644366440171e-01
1.075320553248897554e-01 6.172854077601473977e-01 2.751825369183242831e-01
1.075320445716605594e-01 6.172854460316907765e-01 2.751825094000100447e-01
1.075320338184335284e-01 6.172854843032266059e-01 2.751824818817013019e-01
1.075320230652086345e-01 6.172855225747546637e-01 2.751824543633980547e-01
1.075320123119859056e-01 6.172855608462751720e-01 2.751824268451003586e-01
1.075320015587653139e-01 6.172855991177879087e-01 2.751823993268081581e-01
1.075319908055468732e-01 6.172856373892930959e-01 2.751823718085214532e-01
1.075319800523305974e-01 6.172856756607906226e-01 2.751823442902402439e-01
1.075319692991164588e-01 6.172857139322804887e-01 2.751823167719645302e-01
1.075319585459044713e-01 6.172857522037625833e-01 2.751822892536943121e-01
1.075319477926946349e-01 6.172857904752371283e-01 2.751822617354295897e-01
1.075319370394869495e-01 6.172858287467040128e-01 2.751822342171704183e-01
1.075319262862814290e-01 6.172858670181632368e-01 2.751822066989167426e-01
1.075319155330780457e-01 6.172859052896148002e-01 2.751821791806685069e-01
1.075319047798768135e-01 6.172859435610587031e-01 2.751821516624258224e-01
1.075318940266777323e-01 6.172859818324950565e-01 2.751821241441886889e-01
1.075318832734808022e-01 6.172860201039236383e-01 2.751820966259569956e-01
1.075318725202860232e-01 6.172860583753445596e-01 2.751820691077307979e-01
1.075318617670933952e-01 6.172860966467578203e-01 2.751820415895101513e-01
1.075318510139029182e-01 6.172861349181635315e-01 2.751820140712950002e-01
1.075318402607145923e-01 6.172861731895614712e-01 2.751819865530853448e-01
1.075318295075284036e-01 6.172862114609518613e-01 2.751819590348811850e-01
1.075318187543443799e-01 6.172862497323344799e-01 2.751819315166825208e-01
1.075318080011625071e-01 6.172862880037095490e-01 2.751819039984893522e-01
