2.469079007231626266e-01 5.559028074390846008e-01 1.971892918427975983e-01
2.469078760321305743e-01 5.559028518492391546e-01 1.971892721236751800e-01
2.469078513411034626e-01 5.559028962593847156e-01 1.971892524045567030e-01
2.469078266500813190e-01 5.559029406695213948e-01 1.971892326854421396e-01
2.469078019590640882e-01 5.559029850796493033e-01 1.971892129663315452e-01
2.469077772680517979e-01 5.559030291564317494e-01 1.971891935805613616e-01
2.469077525770444204e-01 5.559030735665418943e-01 1.971891738614586220e-01
2.469077278860420110e-01 5.559031179766430464e-01 1.971891541423598238e-01
2.469077031950445422e-01 5.559031623867354277e-01 1.971891344232649668e-01
2.469076785040520139e-01 5.559032067968189272e-01 1.971891147041740511e-01
2.469076538130643983e-01 5.559032512068934340e-01 1.971890949850870767e-01
2.469076291220817509e-01 5.559032956169591699e-01 1.971890752660040436e-01
2.469076044311040163e-01 5.559033400270159131e-01 1.971890555469249517e-01
2.469075797401312222e-01 5.559033844370638855e-01 1.971890358278498290e-01
2.469075550491633964e-01 5.559034288471028651e-01 1.971890161087786197e-01
2.469075303582004832e-01 5.559034732571330739e-01 1.971889963897113796e-01
2.469075056672425106e-01 5.559035176671544010e-01 1.971889766706480807e-01
2.469074809762894784e-01 5.559035620771667352e-01 1.971889569515887231e-01
2.469074562853413868e-01 5.559036064871702987e-01 1.971889372325332790e-01
2.469074315943982079e-01 5.559036508971648693e-01 1.971889175134818040e-01
2.469074069034599972e-01 5.559036953071506693e-01 1.971888977944342702e-01
2.469073825458626692e-01 5.559037393837915619e-01 1.971888780753907056e-01
2.469073578549342840e-01 5.559037837937595983e-01 1.971888583563510544e-01
2.469073331640108671e-01 5.559038282037187528e-01 1.971888386373153446e-01
2.469073084730923628e-01 5.559038722803332222e-01 1.971888192516194349e-01
2.469072837821787991e-01 5.559039166902746132e-01 1.971887995325915799e-01
2.469072590912701759e-01 5.559039611002071224e-01 1.971887798135676939e-01
2.469072347337022411e-01 5.559040051767950574e-01 1.971887600945477215e-01
2.469072100428034433e-01 5.559040495867099141e-01 1.971887403755317181e-01
2.469071856852452784e-01 5.559040936632801966e-01 1.971887206565196560e-01
2.469071619943632168e-01 5.559041370731703235e-01 1.971887009375115074e-01
2.469071379701503477e-01 5.559041804830519018e-01 1.971886815518429370e-01
2.469071146126133875e-01 5.559042235595890169e-01 1.971886618328426710e-01
2.469070902550744850e-01 5.559042676361243274e-01 1.971886421138463463e-01
2.469070662308759934e-01 5.559043113793151747e-01 1.971886223948539629e-01
2.469070422066823034e-01 5.559043551224973623e-01 1.971886026758655208e-01
2.469070178491579726e-01 5.559043991990062494e-01 1.971885829568810200e-01
2.469069931583031119e-01 5.559044432755062548e-01 1.971885635712358753e-01
2.469069684674531640e-01 5.559044876853328487e-01 1.971885438522592293e-01
2.469069437766081843e-01 5.559045320951505609e-01 1.971885241332865246e-01
2.469069190857681173e-01 5.559045765049593912e-01 1.971885044143177890e-01
2.469068943949330186e-01 5.559046209147592288e-01 1.971884846953529669e-01
2.469068697041028326e-01 5.559046653245502956e-01 1.971884649763920860e-01
2.469068450132775872e-01 5.559047097343324806e-01 1.971884452574351743e-01
2.469068203224572822e-01 5.559047541441057838e-01 1.971884255384822038e-01
2.469067959649770827e-01 5.559047982205350680e-01 1.971884058195331468e-01
2.469067716075017127e-01 5.559048422969555814e-01 1.971883861005880589e-01
2.469067469166961737e-01 5.559048867067022393e-01 1.971883663816469123e-01
2.469067222258955474e-01 5.559049311164400153e-01 1.971883466627097070e-01
2.469066975350998894e-01 5.559049751928339944e-01 1.971883272771114692e-01
2.469066728443091441e-01 5.559050196025541180e-01 1.971883075581821188e-01
2.469066481535233393e-01 5.559050640122653597e-01 1.971882878392567096e-01
2.469066234627424750e-01 5.559051084219676087e-01 1.971882681203352417e-01
2.469065987719665511e-01 5.559051528316610868e-01 1.971882484014177150e-01
2.469065740811955678e-01 5.559051972413456832e-01 1.971882286825041297e-01
2.469065493904295250e-01 5.559052416510212868e-01 1.971882089635945134e-01
2.469065246996684226e-01 5.559052860606881197e-01 1.971881892446888107e-01
2.469065000089122330e-01 5.559053304703460707e-01 1.971881695257870770e-01
2.469064753181610117e-01 5.559053748799950290e-01 1.971881498068892846e-01
2.469064506274147031e-01 5.559054192896352165e-01 1.971881300879954335e-01
2.469064259366733627e-01 5.559054636992665221e-01 1.971881103691055237e-01
2.469064012459369351e-01 5.559055081088888350e-01 1.971880906502195552e-01
2.469063765552054479e-01 5.559055525185023772e-01 1.971880709313375279e-01
2.469063518644789013e-01 5.559055969281070375e-01 1.971880512124594420e-01
2.469063271737573229e-01 5.559056413377027051e-01 1.971880314935852974e-01
2.469063024830406572e-01 5.559056857472896018e-01 1.971880117747150940e-01
2.469062777923289043e-01 5.559057301568676168e-01 1.971879920558488597e-01
2.469062531016221196e-01 5.559057745664366390e-01 1.971879723369865389e-01
2.469062284109202754e-01 5.559058186426625303e-01 1.971879529514625751e-01
2.469062037202233717e-01 5.559058630522139000e-01 1.971879332326081091e-01
2.469061790295313807e-01 5.559059074617563878e-01 1.971879135137576122e-01
2.469061543388443580e-01 5.559059518712899939e-01 1.971878937949110289e-01
2.469061296481622481e-01 5.559059962808147182e-01 1.971878740760684146e-01
2.469061049574850786e-01 5.559060406903305607e-01 1.971878543572297415e-01
2.469060802668128773e-01 5.559060850998375214e-01 1.971878346383950098e-01
2.469060555761455888e-01 5.559061295093356003e-01 1.971878149195642194e-01
2.469060308854832408e-01 5.559061739188247975e-01 1.971877952007373702e-01
2.469060061948258333e-01 5.559062183283051128e-01 1.971877754819144624e-01
2.469059815041733663e-01 5.559062627377765464e-01 1.971877557630955236e-01
2.469059571468598391e-01 5.559063064805710441e-01 1.971877363776144976e-01
2.469059327895511968e-01 5.559063505566909091e-01 1.971877166588034136e-01
2.469059087655813556e-01 5.559063942994678653e-01 1.971876969399962432e-01
2.469058847416163160e-01 5.559064380422361618e-01 1.971876772211930418e-01
2.469058617176576598e-01 5.559064807849940504e-01 1.971876575023937539e-01
2.469058390270374437e-01 5.559065231944095853e-01 1.971876377835984351e-01
2.469058170030893895e-01 5.559065649371490725e-01 1.971876180648070576e-01
2.469057959791470247e-01 5.559066056798788180e-01 1.971875983460195936e-01
2.469057766218775152e-01 5.559066444225980730e-01 1.971875789605698481e-01
2.469057589312803891e-01 5.559066818319747805e-01 1.971875592417902667e-01
2.469057422406878144e-01 5.559067182413429675e-01 1.971875395230146266e-01
2.469057228834294904e-01 5.559067573173729349e-01 1.971875198042429278e-01
2.469057041928422458e-01 5.559067957267280757e-01 1.971875000854751703e-01
2.469056848355916101e-01 5.559068348027423889e-01 1.971874803667113540e-01
2.469056651450113049e-01 5.559068742120826245e-01 1.971874606479514791e-01
2.469056447877679417e-01 5.559069142880819214e-01 1.971874409291955732e-01
2.469056234305282427e-01 5.559069553640736405e-01 1.971874212104435808e-01
2.469056017399593739e-01 5.559069967733905049e-01 1.971874014916955575e-01
2.469055793827280576e-01 5.559070388493658754e-01 1.971873817729514478e-01
2.469055583588346814e-01 5.559070795919993646e-01 1.971873620542113070e-01
2.469055363349455523e-01 5.559071213346247209e-01 1.971873423354751076e-01
