3.972181142591976188e-01 3.066474578099182557e-01 2.961344279303723126e-01
3.972181361376005970e-01 3.066474655452482989e-01 2.961343983166392912e-01
3.972181590160089315e-01 3.066474722805670461e-01 2.961343687029122096e-01
3.972181820944145625e-01 3.066474788158825571e-01 2.961343390891910676e-01
3.972182057728212978e-01 3.066474847511910795e-01 2.961343094754758098e-01
3.972182292512214663e-01 3.066474908865002291e-01 2.961342798617664918e-01
3.972182515296057148e-01 3.066474982218193590e-01 2.961342502480631134e-01
3.972182740079873708e-01 3.066475053571351972e-01 2.961342206343656747e-01
3.972182958863590407e-01 3.066475130924550263e-01 2.961341910206741201e-01
3.972183189647371937e-01 3.066475196277625437e-01 2.961341614069884498e-01
3.972183420431106837e-01 3.066475261630687288e-01 2.961341317933087747e-01
3.972183651214795663e-01 3.066475326983736371e-01 2.961341021796349837e-01
3.972183879998421041e-01 3.066475394336789506e-01 2.961340725659671325e-01
3.972184108782000900e-01 3.066475461689829318e-01 2.961340429523052209e-01
3.972184337565534684e-01 3.066475529042855253e-01 2.961340133386491935e-01
3.972184570349056032e-01 3.066475592395834782e-01 2.961339837249991058e-01
3.972184813132614289e-01 3.066475645748718004e-01 2.961339541113549578e-01
3.972185059916156780e-01 3.066475695101558152e-01 2.961339244977166940e-01
3.972185302699617337e-01 3.066475748454420835e-01 2.961338948840843699e-01
3.972185545483029601e-01 3.066475801807272417e-01 2.961338652704579855e-01
3.972185792266424431e-01 3.066475851160082589e-01 2.961338356568374852e-01
3.972186049049847845e-01 3.066475890512804225e-01 2.961338060432229247e-01
3.972186319833328483e-01 3.066475915865410351e-01 2.961337764296143038e-01
3.972186594616784472e-01 3.066475937217981174e-01 2.961337468160116226e-01
3.972186865400155753e-01 3.066475962570577862e-01 2.961337172024148257e-01
3.972187130183428838e-01 3.066475993923213350e-01 2.961336875888239684e-01
3.972187394966648633e-01 3.066476025275842732e-01 2.961336579752390508e-01
3.972187657749801648e-01 3.066476058628480050e-01 2.961336283616600173e-01
3.972187916532872731e-01 3.066476095981139904e-01 2.961335987480869236e-01
3.972188179315920831e-01 3.066476129333763345e-01 2.961335691345197696e-01
3.972188426098805514e-01 3.066476178686491361e-01 2.961335395209584997e-01
3.972188674881654835e-01 3.066476226039195341e-01 2.961335099074031696e-01
3.972188929664494106e-01 3.066476267391849975e-01 2.961334802938537791e-01
3.972189188447309283e-01 3.066476304744469861e-01 2.961334506803103284e-01
3.972189447230072279e-01 3.066476342097081975e-01 2.961334210667727618e-01
3.972189706012783650e-01 3.066476379449686873e-01 2.961333914532411349e-01
3.972189966795455773e-01 3.066476414802271622e-01 2.961333618397153922e-01
3.972190241578162917e-01 3.066476436154763063e-01 2.961333322261955892e-01
3.972190508360766148e-01 3.066476465507298466e-01 2.961333026126817258e-01
3.972190785143375757e-01 3.066476484859768092e-01 2.961332729991738022e-01
3.972191053925883120e-01 3.066476512212280570e-01 2.961332433856717627e-01
3.972191326708360282e-01 3.066476533564753693e-01 2.961332139721768453e-01
3.972191595490759397e-01 3.066476556917233087e-01 2.961331847586889388e-01
3.972191862273093954e-01 3.066476582269719309e-01 2.961331555452069164e-01
3.972192121055330705e-01 3.066476615622244495e-01 2.961331263317306672e-01
3.972192381837527098e-01 3.066476646974752307e-01 2.961330971182603022e-01
3.972192640619660042e-01 3.066476680327264170e-01 2.961330679047957659e-01
3.972192911401804527e-01 3.066476701679707317e-01 2.961330386913371138e-01
3.972193178183873741e-01 3.066476729032176496e-01 2.961330092778832190e-01
3.972193444965889664e-01 3.066476756384640123e-01 2.961329798644352085e-01
3.972193713747862454e-01 3.066476783737098200e-01 2.961329502509921219e-01
3.972193982529781398e-01 3.066476811089551280e-01 2.961329206375549195e-01
3.972194259311683795e-01 3.066476830441960955e-01 2.961328910241237122e-01
3.972194528093494492e-01 3.066476857794403488e-01 2.961328614106983892e-01
3.972194786875206107e-01 3.066476895146885706e-01 2.961328317972789503e-01
3.972195045656866097e-01 3.066476932499360708e-01 2.961328021838655067e-01
3.972195302438465969e-01 3.066476971851836431e-01 2.961327725704579472e-01
3.972195557220005724e-01 3.066477013204313429e-01 2.961327429570563274e-01
3.972195804001461550e-01 3.066477062556814404e-01 2.961327133436605918e-01
3.972196056782892337e-01 3.066477105909281575e-01 2.961326837302707959e-01
3.972196305564256735e-01 3.066477153261755739e-01 2.961326541168869397e-01
3.972196552345563791e-01 3.066477202614227848e-01 2.961326245035090232e-01
3.972196797126814616e-01 3.066477253966697902e-01 2.961325948901369909e-01
3.972197047908037626e-01 3.066477299319135263e-01 2.961325652767708982e-01
3.972197294689196467e-01 3.066477348671578507e-01 2.961325356634106898e-01
3.972197549470332656e-01 3.066477390023984451e-01 2.961325060500564765e-01
3.972197804251418329e-01 3.066477431376382068e-01 2.961324764367081475e-01
3.972198057032446661e-01 3.066477472728771358e-01 2.961324470233663297e-01
3.972198319813455836e-01 3.066477504081121519e-01 2.961324176100304517e-01
3.972198584594418547e-01 3.066477533433459302e-01 2.961323881967004579e-01
3.972198839375298274e-01 3.066477572785820116e-01 2.961323587833762927e-01
3.972199086156105174e-01 3.066477620138194915e-01 2.961323293700580672e-01
3.972199328936852347e-01 3.066477673490576872e-01 2.961322997567451543e-01
3.972199581717576478e-01 3.066477716842922474e-01 2.961322701434381810e-01
3.972199838498260416e-01 3.066477756195248872e-01 2.961322405301371474e-01
3.972200091278883516e-01 3.066477799547577265e-01 2.961322109168419980e-01
3.972200346059460152e-01 3.066477840899892726e-01 2.961321813035527883e-01
3.972200608840003588e-01 3.066477874252181990e-01 2.961321516902695183e-01
3.972200863620477529e-01 3.066477915604481908e-01 2.961321220769921880e-01
3.972201124400912553e-01 3.066477950956760790e-01 2.961320924637207419e-01
3.972201393181311047e-01 3.066477978309017915e-01 2.961320628504552355e-01
3.972201659961651643e-01 3.066478007661272986e-01 2.961320332371956687e-01
3.972201930741945941e-01 3.066478033013514959e-01 2.961320036239419862e-01
3.972202199522183452e-01 3.066478060365755431e-01 2.961319740106942433e-01
3.972202472302372445e-01 3.066478083717984471e-01 2.961319443974523846e-01
3.972202751082515304e-01 3.066478101070200246e-01 2.961319147842165211e-01
3.972203043862621019e-01 3.066478104422394879e-01 2.961318851709865418e-01
3.972203336642667892e-01 3.066478107774588402e-01 2.961318555577625022e-01
3.972203617422642719e-01 3.066478123126794575e-01 2.961318259445443468e-01
3.972203898202561478e-01 3.066478138478997972e-01 2.961317963313321311e-01
3.972204176982422896e-01 3.066478155831199315e-01 2.961317667181258551e-01
3.972204463762234461e-01 3.066478165183391669e-01 2.961317371049255187e-01
3.972204752541990125e-01 3.066478172535579971e-01 2.961317074917310666e-01
3.972205037321686061e-01 3.066478183887769715e-01 2.961316778785425541e-01
3.972205324101325541e-01 3.066478193239955963e-01 2.961316482653599258e-01
3.972205618880910727e-01 3.066478194592137108e-01 2.961316186521832927e-01
3.972205917660438512e-01 3.066478191944316811e-01 2.961315890390125438e-01
3.972206220439907787e-01 3.066478185296496184e-01 2.961315594258476791e-01
3.972206525219316164e-01 3.066478176648677056e-01 2.961315298126888096e-01
3.972206825998663704e-01 3.066478172000859370e-01 2.961315001995358243e-01
