4.400978951916008630e-01 4.603652626163170503e-01 9.953684219721227466e-02
4.400978915151086412e-01 4.603652762465910708e-01 9.953683224343050362e-02
4.400978906164219051e-01 4.603652870990575519e-01 9.953682228965073098e-02
4.400978899399597410e-01 4.603652977292975734e-01 9.953681233587294286e-02
4.400978863745812486e-01 4.603653112484518140e-01 9.953680238209715314e-02
4.400978813647454801e-01 4.603653261009491571e-01 9.953679253943550909e-02
4.400978781327050671e-01 4.603653392867613769e-01 9.953678258566367454e-02
4.400978746784410256e-01 4.603653526947952823e-01 9.953677263189385227e-02
4.400978728908595539e-01 4.603653644361446196e-01 9.953676267812600065e-02
4.400978728810722163e-01 4.603653742885857603e-01 9.953675283547226693e-02
4.400978719823880336e-01 4.603653851410337561e-01 9.953674288170839823e-02
4.400978741948425310e-01 4.603653928823411290e-01 9.953673292794651406e-02
4.400978752961757778e-01 4.603654016236556901e-01 9.953672308529870616e-02
4.400978787308622020e-01 4.603654081427271394e-01 9.953671313154079103e-02
4.400978794988586462e-01 4.603654173284866258e-01 9.953670317778487431e-02
4.400978809335272524e-01 4.603654258475719518e-01 9.953669322403094211e-02
4.400978818126353165e-01 4.603654348111037575e-01 9.953668338139104454e-02
4.400978823584071331e-01 4.603654442190818763e-01 9.953667342764108139e-02
4.400978835708510006e-01 4.603654528492740483e-01 9.953666358500512512e-02
4.400978848944065436e-01 4.603654614794644995e-01 9.953665363125914489e-02
4.400978876624176417e-01 4.603654686651973416e-01 9.953664367751513531e-02
4.400978889859725185e-01 4.603654772953844621e-01 9.953663372377313800e-02
4.400978900873032118e-01 4.603654861477938232e-01 9.953662377003312522e-02
4.400978904108499568e-01 4.603654957779850787e-01 9.953661381629509697e-02
4.400978912899564111e-01 4.603655048526146820e-01 9.953660386255905324e-02
4.400978950579729765e-01 4.603655110383321758e-01 9.953659390882500790e-02
4.400978992704364101e-01 4.603655167796008030e-01 9.953658395509296097e-02
4.400979033717871136e-01 4.603655226319801619e-01 9.953657400136289857e-02
4.400979059175703645e-01 4.603655300399249750e-01 9.953656404763482068e-02
4.400979096855839878e-01 4.603655362256374173e-01 9.953655409390874120e-02
4.400979138980442573e-01 4.603655419669012705e-01 9.953654414018466012e-02
4.400979195549580281e-01 4.603655461525977266e-01 9.953653429757443327e-02
4.400979225451860932e-01 4.603655530049778899e-01 9.953652445496616319e-02
4.400979239798477605e-01 4.603655614129225637e-01 9.953651461235987763e-02
4.400979225256014260e-01 4.603655728208850273e-01 9.953650465864370689e-02
4.400979189602307606e-01 4.603655863399698789e-01 9.953649470492954843e-02
4.400979133948482169e-01 4.603656017479528240e-01 9.953648486232917481e-02
4.400979106072618885e-01 4.603656143781376109e-01 9.953647501973078571e-02
4.400979081530113635e-01 4.603656267860963269e-01 9.953646506602256694e-02
4.400979059209849109e-01 4.603656389718290276e-01 9.953645511231633269e-02
4.400979053556354215e-01 4.603656494908827668e-01 9.953644515861209685e-02
4.400979021236039457e-01 4.603656625655048185e-01 9.953643531602160421e-02
4.400978967804499153e-01 4.603656777512473708e-01 9.953642547343308222e-02
4.400978928817495528e-01 4.603656916036460434e-01 9.953641551973479995e-02
4.400978887608264500e-01 4.603657055671536713e-01 9.953640567715021925e-02
4.400978846399041799e-01 4.603657196417701991e-01 9.953639572345590603e-02
4.400978776300785711e-01 4.603657366052881783e-01 9.953638576976357732e-02
4.400978719535946770e-01 4.603657522354623888e-01 9.953637581607324702e-02
4.400978661660002178e-01 4.603657679767452215e-01 9.953636586238490125e-02
4.400978589339551994e-01 4.603657851624765596e-01 9.953635590869854000e-02
4.400978517019116798e-01 4.603658023482045114e-01 9.953634595501417714e-02
4.400978444698695480e-01 4.603658195339289660e-01 9.953633600133181270e-02
4.400978346822613241e-01 4.603658392752175699e-01 9.953632604765141889e-02
4.400978233390923644e-01 4.603658605720649111e-01 9.953631609397303737e-02
4.400978139959346724e-01 4.603658797577874218e-01 9.953630625140824639e-02
4.400978058750064092e-01 4.603658977212785053e-01 9.953629640884542606e-02
4.400977979763029402e-01 4.603659154625427408e-01 9.953628656628457638e-02
4.400977888553737616e-01 4.603659345371424183e-01 9.953627661261411907e-02
4.400977808455620588e-01 4.603659525006225661e-01 9.953626665894564629e-02
4.400977733913097323e-01 4.603659699085413948e-01 9.953625670527915803e-02
4.400977633814933121e-01 4.603659898720222632e-01 9.953624675161466817e-02
4.400977549272404588e-01 4.603660082799376774e-01 9.953623679795217671e-02
4.400977478063274329e-01 4.603660252433995903e-01 9.953622695540319254e-02
4.400977400187469080e-01 4.603660429846386792e-01 9.953621700174465625e-02
4.400977308978298863e-01 4.603660620592122110e-01 9.953620704808811837e-02
4.400977199991307764e-01 4.603660828004543237e-01 9.953619720554507388e-02
4.400977061004240909e-01 4.603661066528135781e-01 9.953618725189250505e-02
4.400976942017264526e-01 4.603661282829388246e-01 9.953617752046485523e-02
4.400976843030375285e-01 4.603661481352763762e-01 9.953616756681625544e-02
4.400976747376848519e-01 4.603661676542756820e-01 9.953615761316964017e-02
4.400976667278941878e-01 4.603661856177109768e-01 9.953614765952500942e-02
4.400976551625395694e-01 4.603662071367082276e-01 9.953613770588237708e-02
4.400976442638557251e-01 4.603662279890327058e-01 9.953612775224172926e-02
4.400976322540601227e-01 4.603662497302442036e-01 9.953611802082587556e-02
4.400976197998213157e-01 4.603662716936741117e-01 9.953610851163474660e-02
4.400976077900305428e-01 4.603662935459882921e-01 9.953609866911138082e-02
4.400975940024602351e-01 4.603663172871912956e-01 9.953608871547862946e-02
4.400975802148927585e-01 4.603663409172781829e-01 9.953607887295921886e-02
4.400975684273322197e-01 4.603663625473561893e-01 9.953606903044177889e-02
4.400975547508814145e-01 4.603663859552111770e-01 9.953605929903763805e-02
4.400975415188785322e-01 4.603664089186162434e-01 9.953604956763544009e-02
4.400975268424312525e-01 4.603664334375750511e-01 9.953603972512388431e-02
4.400975122770982573e-01 4.603664578454176315e-01 9.953602988261428530e-02
4.400974970451004276e-01 4.603664830310343903e-01 9.953601992899538398e-02
4.400974824797733165e-01 4.603665075499784320e-01 9.953600997537845330e-02
4.400974653588899943e-01 4.603665345133654552e-01 9.953600013287479398e-02
4.400974489046776683e-01 4.603665608100795392e-01 9.953599029037309143e-02
4.400974307837999255e-01 4.603665888845682175e-01 9.953598033676212820e-02
4.400974139962605669e-01 4.603666155146052819e-01 9.953597049426438081e-02
4.400973956531675224e-01 4.603666435890829134e-01 9.953596076287982153e-02
4.400973790878574543e-01 4.603666698857755701e-01 9.953595103149721901e-02
4.400973600781043493e-01 4.603666986269093764e-01 9.953594130011655938e-02
4.400973390683536324e-01 4.603667294791499720e-01 9.953593145762665295e-02
4.400973177252736068e-01 4.603667607758291647e-01 9.953592150402752747e-02
4.400972960488643282e-01 4.603667922947244362e-01 9.953591166154157621e-02
4.400972734835701949e-01 4.603668247025026194e-01 9.953590181905758172e-02
4.400972489182798375e-01 4.603668591102749175e-01 9.953589197657555787e-02
4.400972267974394558e-01 4.603668910735954078e-01 9.953588213409550467e-02
4.400972038988256174e-01 4.603669239257984214e-01 9.953587218050630181e-02
4.400971821113274229e-01 4.603669555557726722e-01 9.953586233803020378e-02
