4.120716879094542540e-01 3.146778157104159757e-01 2.732504963805345022e-01
4.120716971023755670e-01 3.146778336428101563e-01 2.732504692552190084e-01
4.120717074953066383e-01 3.146778501751871238e-01 2.732504423299109142e-01
4.120717172882298884e-01 3.146778673075665833e-01 2.732504154046082046e-01
4.120717264811455394e-01 3.146778850399483130e-01 2.732503884793108795e-01
4.120717352740555506e-01 3.146779031723302422e-01 2.732503615540189945e-01
4.120717446669693862e-01 3.146779209047048664e-01 2.732503344287305347e-01
4.120717532598739408e-01 3.146779394370832761e-01 2.732503073034475150e-01
4.120717614527731887e-01 3.146779583694616078e-01 2.732502801781699353e-01
4.120717700456744126e-01 3.146779771018343719e-01 2.732502528528960029e-01
4.120717784385720672e-01 3.146779960342051541e-01 2.732502255276275105e-01
4.120717862314628444e-01 3.146780155665774292e-01 2.732501982023645137e-01
4.120717944243554864e-01 3.146780346989423438e-01 2.732501708771069571e-01
4.120718018172396246e-01 3.146780546313102667e-01 2.732501435518548960e-01
4.120718096101256833e-01 3.146780741636708290e-01 2.732501162266082750e-01
4.120718178030135515e-01 3.146780932960240862e-01 2.732500889013670942e-01
4.120718259958997542e-01 3.146781124283735687e-01 2.732500615761314089e-01
4.120718345887876555e-01 3.146781311607159126e-01 2.732500342509011637e-01
4.120718419816640776e-01 3.146781510930642400e-01 2.732500069256764141e-01
4.120718499745438246e-01 3.146781704254038026e-01 2.732499796004571602e-01
4.120718581674235326e-01 3.146781895577379085e-01 2.732499522752432908e-01
4.120718665603031461e-01 3.146782084900666687e-01 2.732499249500349170e-01
4.120718763531919238e-01 3.146782260223808247e-01 2.732498976248320388e-01
4.120718859460771322e-01 3.146782437546929989e-01 2.732498702996346007e-01
4.120718959389635394e-01 3.146782610869985897e-01 2.732498429744426582e-01
4.120719057318463774e-01 3.146782786193022541e-01 2.732498156492561558e-01
4.120719147247214331e-01 3.146782969516082051e-01 2.732497883240750935e-01
4.120719243175990365e-01 3.146783146839062240e-01 2.732497609988995269e-01
4.120719329104676198e-01 3.146783334162077117e-01 2.732497336737294003e-01
4.120719409033302694e-01 3.146783527485096932e-01 2.732497063485647693e-01
4.120719490961927134e-01 3.146783718808064401e-01 2.732496790234055783e-01
4.120719584890616960e-01 3.146783898130912083e-01 2.732496516982518830e-01
4.120719682819314333e-01 3.146784073453697261e-01 2.732496243731036278e-01
4.120719782748005766e-01 3.146784246776433425e-01 2.732495970479608682e-01
4.120719880676663727e-01 3.146784422099148659e-01 2.732495697228235487e-01
4.120719980605315191e-01 3.146784595421815434e-01 2.732495423976916693e-01
4.120720090534009672e-01 3.146784758744385346e-01 2.732495150725652855e-01
4.120720196462657192e-01 3.146784926066946708e-01 2.732494877474443418e-01
4.120720308391320752e-01 3.146785087389437630e-01 2.732494604223288936e-01
4.120720426319997021e-01 3.146785242711860886e-01 2.732494330972188856e-01
4.120720536248603239e-01 3.146785406034300347e-01 2.732494057721143732e-01
4.120720636177129248e-01 3.146785579356765061e-01 2.732493784470153009e-01
4.120720726105577825e-01 3.146785762679252252e-01 2.732493511219217242e-01
4.120720808033964122e-01 3.146785954001747321e-01 2.732493237968335875e-01
4.120720883962301073e-01 3.146786151324237335e-01 2.732492964717509465e-01
4.120720955890601056e-01 3.146786352646709362e-01 2.732492691466737456e-01
4.120721019818844311e-01 3.146786561969183715e-01 2.732492418216019847e-01
4.120721079747053928e-01 3.146786775291636751e-01 2.732492144965357195e-01
4.120721133675220860e-01 3.146786994614077515e-01 2.732491871714748943e-01
4.120721197603426922e-01 3.146787203936424748e-01 2.732491598464195648e-01
4.120721251531571649e-01 3.146787423258779470e-01 2.732491325213696753e-01
4.120721307459714877e-01 3.146787640581080181e-01 2.732491051963252815e-01
4.120721367387865652e-01 3.146787853903318943e-01 2.732490778712863277e-01
4.120721427316004770e-01 3.146788067225514407e-01 2.732490505462528696e-01
4.120721495244167309e-01 3.146788272547632048e-01 2.732490232212248515e-01
4.120721561172308034e-01 3.146788479869716548e-01 2.732489958962022736e-01
4.120721629100443928e-01 3.146788685191751478e-01 2.732489685711851912e-01
4.120721693028549515e-01 3.146788894513762314e-01 2.732489412461735490e-01
4.120721748956609476e-01 3.146789111835763819e-01 2.732489139211674023e-01
4.120721798884633968e-01 3.146789335157746392e-01 2.732488865961666957e-01
4.120721830812578701e-01 3.146789576479753769e-01 2.732488592711714848e-01
4.120721878740578048e-01 3.146789801801652686e-01 2.732488319461817139e-01
4.120721942668626459e-01 3.146790009123439091e-01 2.732488048211981768e-01
4.120722016596697901e-01 3.146790206445148619e-01 2.732487776962200243e-01
4.120722096524776501e-01 3.146790397766797698e-01 2.732487505712473119e-01
4.120722186452872582e-01 3.146790581088381722e-01 2.732487232462793014e-01
4.120722276380950344e-01 3.146790764409928554e-01 2.732486959213168420e-01
4.120722376309042256e-01 3.146790937731406834e-01 2.732486685963598227e-01
4.120722492237164358e-01 3.146791095052800524e-01 2.732486412714082435e-01
4.120722604165251157e-01 3.146791256374174561e-01 2.732486139464621044e-01
4.120722730093355768e-01 3.146791403695476386e-01 2.732485866215215164e-01
4.120722850021418804e-01 3.146791557016764829e-01 2.732485592965863130e-01
4.120722975949474010e-01 3.146791704338006701e-01 2.732485319716566052e-01
4.120723103877508842e-01 3.146791849659214546e-01 2.732485046467323930e-01
4.120723235805528462e-01 3.146791990980382647e-01 2.732484773218135654e-01
4.120723375733540972e-01 3.146792124301502902e-01 2.732484499969002889e-01
4.120723505661502140e-01 3.146792267622620654e-01 2.732484226719924525e-01
4.120723633589433166e-01 3.146792412943713591e-01 2.732483953470900562e-01
4.120723751517317290e-01 3.146792564264789815e-01 2.732483684221940212e-01
4.120723879445197801e-01 3.146792705585815808e-01 2.732483414973033153e-01
4.120724003373045230e-01 3.146792850906821593e-01 2.732483145724180496e-01
4.120724115300846702e-01 3.146793008227819488e-01 2.732482876475381128e-01
4.120724233228635347e-01 3.146793161548779305e-01 2.732482605226632111e-01
4.120724351156400678e-01 3.146793312869705095e-01 2.732482335977940990e-01
4.120724479084157399e-01 3.146793454190585648e-01 2.732482066729303716e-01
4.120724611011894467e-01 3.146793591511432564e-01 2.732481797480720287e-01
4.120724744939607276e-01 3.146793728832251724e-01 2.732481526232187763e-01
4.120724892867310696e-01 3.146793852153026982e-01 2.732481254983709640e-01
4.120725030794972765e-01 3.146793987473791021e-01 2.732480981735283532e-01
4.120725166722605803e-01 3.146794124794529690e-01 2.732480708486912380e-01
4.120725310650218409e-01 3.146794254115233835e-01 2.732480435238595629e-01
4.120725448577797767e-01 3.146794389435916828e-01 2.732480161990333278e-01
4.120725578505343711e-01 3.146794532756578278e-01 2.732479888742125884e-01
4.120725706432862290e-01 3.146794678077212137e-01 2.732479615493972891e-01
4.120725834360355888e-01 3.146794823397816576e-01 2.732479342245874854e-01
4.120725958287821955e-01 3.146794972718394146e-01 2.732479068997831217e-01
4.120726078215262156e-01 3.146795126038943180e-01 2.732478795749842537e-01
4.120726208142679869e-01 3.146795269359459191e-01 2.732478522501908258e-01
4.120726338070072048e-01 3.146795412679946891e-01 2.732478249254028935e-01
4.120726479997438574e-01 3.146795544000405287e-01 2.732477976006204012e-01
