1.028818418628579812e-01 6.517619391115941907e-01 2.453562190264272080e-01
1.028818315745729656e-01 6.517619706023756176e-01 2.453561978239308383e-01
1.028818212862900039e-01 6.517620020931507163e-01 2.453561766214387152e-01
1.028818109980091100e-01 6.517620335839194867e-01 2.453561554189508387e-01
1.028818007097302700e-01 6.517620650746819289e-01 2.453561342164671810e-01
1.028817904214534978e-01 6.517620965654381537e-01 2.453561130139877977e-01
1.028817801331787657e-01 6.517621280561880504e-01 2.453560918115126332e-01
1.028817698449061013e-01 6.517621595469316187e-01 2.453560706090416876e-01
1.028817595566354909e-01 6.517621910376688588e-01 2.453560494065750164e-01
1.028817492683669482e-01 6.517622225283998816e-01 2.453560282041125640e-01
1.028817389801004595e-01 6.517622540191245761e-01 2.453560070016543859e-01
1.028817286918360246e-01 6.517622855098429424e-01 2.453559857992003990e-01
1.028817184035736437e-01 6.517623170005550914e-01 2.453559645967506864e-01
1.028817081153133306e-01 6.517623484912609122e-01 2.453559433943052204e-01
1.028816978270550575e-01 6.517623799819604047e-01 2.453559221918639732e-01
1.028816875387988522e-01 6.517624148060149336e-01 2.453558976560656635e-01
1.028816772505447147e-01 6.517624496300624681e-01 2.453558731202722387e-01
1.028816669622926172e-01 6.517624844541030082e-01 2.453558485844837267e-01
1.028816566740425875e-01 6.517625192781366650e-01 2.453558240487001274e-01
1.028816463857946117e-01 6.517625541021633273e-01 2.453557995129214409e-01
1.028816360975487038e-01 6.517625889261829952e-01 2.453557749771476670e-01
1.028816258093048497e-01 6.517626237501957798e-01 2.453557504413787782e-01
1.028816155210630495e-01 6.517626585742015699e-01 2.453557259056148021e-01
1.028816052328233033e-01 6.517626933982003656e-01 2.453557013698557387e-01
1.028815949445856109e-01 6.517627282221921670e-01 2.453556768341015881e-01
1.028815846563499864e-01 6.517627630461770849e-01 2.453556522983523502e-01
1.028815743681164158e-01 6.517627978701550084e-01 2.453556277626079973e-01
1.028815640798849129e-01 6.517628326941259376e-01 2.453556032268685849e-01
1.028815537916554501e-01 6.517628675180898723e-01 2.453555786911340575e-01
1.028815435034280551e-01 6.517629023420469236e-01 2.453555541554044428e-01
1.028815332152027140e-01 6.517629371659969806e-01 2.453555296196797131e-01
1.028815229269794407e-01 6.517629686565841185e-01 2.453555084173159040e-01
1.028815126387582074e-01 6.517630001471648171e-01 2.453554872149563137e-01
1.028815023505390419e-01 6.517630316377394095e-01 2.453554660126009979e-01
1.028814920623219303e-01 6.517630631283075626e-01 2.453554448102499008e-01
1.028814817741068866e-01 6.517630946188694985e-01 2.453554236079030504e-01
1.028814714858938967e-01 6.517631261094251061e-01 2.453554024055604188e-01
1.028814611976829607e-01 6.517631575999743854e-01 2.453553812032220616e-01
1.028814509094740787e-01 6.517631890905174474e-01 2.453553600008879232e-01
1.028814406212672644e-01 6.517632239144074413e-01 2.453553354652046881e-01
1.028814303330624902e-01 6.517632587382905518e-01 2.453553109295263934e-01
1.028814200448597976e-01 6.517632935621666679e-01 2.453552863938529838e-01
1.028814097566591451e-01 6.517633283860357896e-01 2.453552618581844869e-01
1.028813994684605604e-01 6.517633632098979168e-01 2.453552373225209027e-01
1.028813891802640296e-01 6.517633980337531607e-01 2.453552127868622312e-01
1.028813788920695527e-01 6.517634328576014102e-01 2.453551882512084725e-01
1.028813686038771297e-01 6.517634676814426653e-01 2.453551637155595988e-01
1.028813583156867745e-01 6.517635025052770370e-01 2.453551391799156378e-01
1.028813480274984732e-01 6.517635373291043033e-01 2.453551146442765896e-01
1.028813377393122258e-01 6.517635721529246862e-01 2.453550901086424540e-01
1.028813274511280462e-01 6.517636069767381857e-01 2.453550655730132035e-01
1.028813171629459206e-01 6.517636418005445798e-01 2.453550410373888935e-01
1.028813068747658488e-01 6.517636766243440904e-01 2.453550165017694684e-01
1.028812965865878309e-01 6.517637114481366067e-01 2.453549919661549561e-01
1.028812862984118809e-01 6.517637462719221286e-01 2.453549674305453565e-01
1.028812760102379709e-01 6.517637810957007671e-01 2.453549428949406419e-01
1.028812657220661425e-01 6.517638159194724112e-01 2.453549183593408678e-01
1.028812554338963542e-01 6.517638507432370609e-01 2.453548938237459787e-01
1.028812451457286337e-01 6.517638855669948272e-01 2.453548692881560023e-01
1.028812348575629670e-01 6.517639203907454881e-01 2.453548447525709109e-01
1.028812245693993543e-01 6.517639552144892656e-01 2.453548202169907599e-01
1.028812142812377955e-01 6.517639900382261597e-01 2.453547956814154940e-01
1.028812039930783045e-01 6.517640248619559484e-01 2.453547711458451408e-01
1.028811937049208675e-01 6.517640596856788537e-01 2.453547466102797003e-01
1.028811834167654843e-01 6.517640945093947646e-01 2.453547220747191726e-01
1.028811731286121689e-01 6.517641293331036811e-01 2.453546975391635299e-01
1.028811628404609074e-01 6.517641641568057143e-01 2.453546730036128276e-01
1.028811525523116999e-01 6.517641989805007530e-01 2.453546484680670103e-01
1.028811422641645462e-01 6.517642338041887973e-01 2.453546239325261058e-01
1.028811319760194604e-01 6.517642686278698472e-01 2.453545993969900862e-01
1.028811216878764284e-01 6.517643034515440137e-01 2.453545748614590072e-01
1.028811113997354504e-01 6.517643382752111858e-01 2.453545503259328131e-01
1.028811011115965401e-01 6.517643730988713635e-01 2.453545257904115318e-01
1.028810908234596699e-01 6.517644079225245468e-01 2.453545012548951632e-01
1.028810805353248675e-01 6.517644427461708467e-01 2.453544767193837073e-01
1.028810702471921190e-01 6.517644775698101522e-01 2.453544521838771364e-01
1.028810599590614383e-01 6.517645123934424634e-01 2.453544276483755060e-01
1.028810496709328115e-01 6.517645472170678911e-01 2.453544031128787606e-01
1.028810393828062386e-01 6.517645820406862134e-01 2.453543785773869279e-01
1.028810290946817196e-01 6.517646168642976523e-01 2.453543540418999802e-01
1.028810188065592685e-01 6.517646516879022078e-01 2.453543295064179730e-01
1.028810085184388712e-01 6.517646865114996579e-01 2.453543049709408508e-01
1.028809982303205278e-01 6.517647213350902247e-01 2.453542804354686413e-01
1.028809879422042384e-01 6.517647561586737970e-01 2.453542559000013445e-01
1.028809776540900167e-01 6.517647909822504859e-01 2.453542313645389605e-01
1.028809673659778490e-01 6.517648258058200694e-01 2.453542068290814615e-01
1.028809570778677351e-01 6.517648606293827696e-01 2.453541822936289030e-01
1.028809467897596752e-01 6.517648954529384753e-01 2.453541577581812294e-01
1.028809365016536831e-01 6.517649302764872976e-01 2.453541332227384408e-01
1.028809262135497449e-01 6.517649651000290145e-01 2.453541086873005928e-01
1.028809159254478606e-01 6.517649999235638480e-01 2.453540841518676574e-01
1.028809056373480441e-01 6.517650347470917982e-01 2.453540596164396070e-01
1.028808953492502815e-01 6.517650695706126429e-01 2.453540350810164694e-01
1.028808850611545728e-01 6.517651043941266042e-01 2.453540105455982445e-01
1.028808747730609180e-01 6.517651392176335712e-01 2.453539860101849046e-01
1.028808644849693310e-01 6.517651740411335437e-01 2.453539614747765052e-01
1.028808541968797979e-01 6.517652088646266328e-01 2.453539369393729908e-01
1.028808439087923188e-01 6.517652436881127276e-01 2.453539124039743891e-01
1.028808336207068935e-01 6.517652785115918279e-01 2.453538878685807001e-01
1.028808233326235361e-01 6.517653133350639338e-01 2.453538633331918961e-01
