1.585590597347955044e-01 5.204376623328657026e-01 3.210032779324068497e-01
1.585590438787341516e-01 5.204377102895694218e-01 3.210032458317644832e-01
1.585590280226759630e-01 5.204377582462635932e-01 3.210032137311285561e-01
1.585590121666209384e-01 5.204378062029482166e-01 3.210031816304990127e-01
1.585589963105690781e-01 5.204378541596231811e-01 3.210031495298758530e-01
1.585589804545204096e-01 5.204379021162884866e-01 3.210031174292591882e-01
1.585589645984749052e-01 5.204379500729443553e-01 3.210030853286489072e-01
1.585589487424325650e-01 5.204379980295904540e-01 3.210030532280450655e-01
1.585589328863933889e-01 5.204380459862271158e-01 3.210030211274476075e-01
1.585589170303574047e-01 5.204380939428541186e-01 3.210029890268565889e-01
1.585589011743245846e-01 5.204381418994715736e-01 3.210029569262720095e-01
1.585588853182949287e-01 5.204381898560793696e-01 3.210029248256938139e-01
1.585588694622684647e-01 5.204382378126776176e-01 3.210028927251220576e-01
1.585588536062451370e-01 5.204382857692662068e-01 3.210028606245567406e-01
1.585588377502250013e-01 5.204383337258452480e-01 3.210028285239978074e-01
1.585588218942080574e-01 5.204383816824147413e-01 3.210027964234453135e-01
1.585588060381942499e-01 5.204384296389745757e-01 3.210027643228992034e-01
1.585587901821836343e-01 5.204384775955248621e-01 3.210027322223595880e-01
1.585587743261761828e-01 5.204385255520656006e-01 3.210027001218263565e-01
1.585587584701718955e-01 5.204385735085966802e-01 3.210026680212995087e-01
1.585587426141708001e-01 5.204386214651182119e-01 3.210026359207791002e-01
1.585587267581728410e-01 5.204386694216300846e-01 3.210026038202651311e-01
1.585587109021780738e-01 5.204387173781324094e-01 3.210025717197576012e-01
1.585586950461864986e-01 5.204387653346251863e-01 3.210025396192564551e-01
1.585586791901980597e-01 5.204388132911083042e-01 3.210025075187617483e-01
1.585586633342128127e-01 5.204388612475818743e-01 3.210024754182734252e-01
1.585586474782307298e-01 5.204389092040457854e-01 3.210024433177915415e-01
1.585586316222518111e-01 5.204389571605001485e-01 3.210024112173160971e-01
1.585586157662760842e-01 5.204390051169449638e-01 3.210023791168470919e-01
1.585585999103035215e-01 5.204390530733801201e-01 3.210023470163844705e-01
1.585585840543341229e-01 5.204391010298057285e-01 3.210023149159282885e-01
1.585585681983678885e-01 5.204391489862216780e-01 3.210022828154784902e-01
1.585585523424048182e-01 5.204391969426281905e-01 3.210022507150351312e-01
1.585585364864449398e-01 5.204392448990249331e-01 3.210022186145982115e-01
1.585585206304882255e-01 5.204392928554122388e-01 3.210021865141676756e-01
1.585585047745347032e-01 5.204393408117897746e-01 3.210021544137435789e-01
1.585584889185843172e-01 5.204393887681578734e-01 3.210021223133259216e-01
1.585584730626371230e-01 5.204394367245163133e-01 3.210020902129146481e-01
1.585584572066930931e-01 5.204394846808652053e-01 3.210020581125098138e-01
1.585584413507522272e-01 5.204395326372044384e-01 3.210020260121114188e-01
1.585584254948145533e-01 5.204395805935341235e-01 3.210019939117194077e-01
1.585584096388800435e-01 5.204396285498542607e-01 3.210019618113338358e-01
1.585583937829486978e-01 5.204396765061647390e-01 3.210019297109547032e-01
1.585583779270205163e-01 5.204397244624656693e-01 3.210018976105819544e-01
1.585583620710955266e-01 5.204397724187569407e-01 3.210018655102156448e-01
1.585583462151737011e-01 5.204398203750386642e-01 3.210018334098557746e-01
1.585583303592550397e-01 5.204398683313107288e-01 3.210018013095022882e-01
1.585583145033395425e-01 5.204399162875733564e-01 3.210017692091552410e-01
1.585582986474272371e-01 5.204399642438262141e-01 3.210017371088145777e-01
1.585582827915180959e-01 5.204400122000696349e-01 3.210017050084804091e-01
1.585582669356121188e-01 5.204400601563033968e-01 3.210016729081525688e-01
1.585582510797093059e-01 5.204401081125276107e-01 3.210016408078312233e-01
1.585582352238096848e-01 5.204401560687421657e-01 3.210016087075162616e-01
1.585582193679132279e-01 5.204402040249471728e-01 3.210015766072077392e-01
1.585582035120199351e-01 5.204402519811425210e-01 3.210015445069056006e-01
1.585581876561298342e-01 5.204402999373283212e-01 3.210015124066099568e-01
1.585581718002428697e-01 5.204403478935045735e-01 3.210014803063206412e-01
1.585581559443590971e-01 5.204403958496711669e-01 3.210014482060378205e-01
1.585581400884784886e-01 5.204404438058282123e-01 3.210014161057613835e-01
1.585581242326010720e-01 5.204404917619757098e-01 3.210013840054913858e-01
1.585581083767267918e-01 5.204405397181135484e-01 3.210013519052277720e-01
1.585580925208557035e-01 5.204405776742038192e-01 3.210013298050086172e-01
1.585580766649878071e-01 5.204406156302865405e-01 3.210013077047938479e-01
1.585580608091230470e-01 5.204406535863616012e-01 3.210012856045835750e-01
1.585580449532614788e-01 5.204406915424292235e-01 3.210012635043776319e-01
1.585580290974030748e-01 5.204407294984890742e-01 3.210012414041761852e-01
1.585580132415478349e-01 5.204407674545414864e-01 3.210012193039791240e-01
1.585579973856957592e-01 5.204408054105862380e-01 3.210011972037864481e-01
1.585579815298468753e-01 5.204408533666543546e-01 3.210011651035672431e-01
1.585579656740011556e-01 5.204409013227128122e-01 3.210011330033544219e-01
1.585579498181586000e-01 5.204409492787618330e-01 3.210011009031480400e-01
1.585579339623192363e-01 5.204409972348011948e-01 3.210010688029480419e-01
1.585579181064830367e-01 5.204410451908308977e-01 3.210010367027544831e-01
1.585579022506500013e-01 5.204410931468510526e-01 3.210010046025673636e-01
1.585578863948201300e-01 5.204411411028616596e-01 3.210009725023866833e-01
1.585578705389934229e-01 5.204411890588626077e-01 3.210009404022123869e-01
1.585578546831699076e-01 5.204412370148540079e-01 3.210009083020445297e-01
1.585578388273495565e-01 5.204412849708358602e-01 3.210008762018830564e-01
1.585578229715323695e-01 5.204413329268080535e-01 3.210008441017280223e-01
1.585578071157183744e-01 5.204413808827706989e-01 3.210008120015794275e-01
1.585577912599075434e-01 5.204414288387236853e-01 3.210007799014372165e-01
1.585577754040998766e-01 5.204414767946671239e-01 3.210007478013014448e-01
1.585577595482953739e-01 5.204415247506010145e-01 3.210007157011721124e-01
1.585577436924940353e-01 5.204415727065252462e-01 3.210006836010491638e-01
1.585577278366958887e-01 5.204416206624399299e-01 3.210006515009326544e-01
1.585577119809009061e-01 5.204416686183449547e-01 3.210006194008225844e-01
1.585576961251090877e-01 5.204417165742404316e-01 3.210005873007188981e-01
1.585576802693204612e-01 5.204417645301263606e-01 3.210005552006216512e-01
1.585576644135349988e-01 5.204418124860026307e-01 3.210005231005308435e-01
1.585576485577527006e-01 5.204418604418693528e-01 3.210004910004464196e-01
1.585576327019735665e-01 5.204419083977264160e-01 3.210004589003684350e-01
1.585576168461976243e-01 5.204419563535739313e-01 3.210004268002968342e-01
1.585576009904248185e-01 5.204420043094118986e-01 3.210003947002316727e-01
1.585575851346552045e-01 5.204420522652402070e-01 3.210003626001729504e-01
1.585575692788887825e-01 5.204421002210589675e-01 3.210003305001206675e-01
1.585575534231254968e-01 5.204421481768681801e-01 3.210002984000747683e-01
1.585575375673654031e-01 5.204421961326677337e-01 3.210002663000353085e-01
1.585575217116084734e-01 5.204422440884577394e-01 3.210002342000022324e-01
1.585575058558547079e-01 5.204422920442380862e-01 3.210002020999755956e-01
1.585574900001041343e-01 5.204423400000088851e-01 3.210001699999553981e-01
