3.351504293236635124e-01 3.433303276382157487e-01 3.215192430469379081e-01
3.351504528088506962e-01 3.433302946381929233e-01 3.215192525617735497e-01
3.351504766273697977e-01 3.433302613048401231e-01 3.215192620766071929e-01
3.351505007792206503e-01 3.433302283048305092e-01 3.215192709247659542e-01
3.351505245977301484e-01 3.433301953048275013e-01 3.215192801062594641e-01
3.351505490829078671e-01 3.433301623048310436e-01 3.215192886210781475e-01
3.351505739014171148e-01 3.433301293048412473e-01 3.215192968025586961e-01
3.351505983865850080e-01 3.433300963048580567e-01 3.215193053173740489e-01
3.351506228717480163e-01 3.433300633048814166e-01 3.215193138321876809e-01
3.351506486902514070e-01 3.433300303049114377e-01 3.215193210136542690e-01
3.351506735087407818e-01 3.433299973049480092e-01 3.215193291951283228e-01
3.351506976605526100e-01 3.433299643049911865e-01 3.215193380432732617e-01
3.351507228123682958e-01 3.433299313050409696e-01 3.215193458914077373e-01
3.351507466308342176e-01 3.433298986384336060e-01 3.215193547395492901e-01
3.351507694492868450e-01 3.433298659718327372e-01 3.215193645876974760e-01
3.351507909343903746e-01 3.433298336385744998e-01 3.215193754358521838e-01
3.351508130861617918e-01 3.433298013053228126e-01 3.215193856173324538e-01
3.351508345712566617e-01 3.433297689720775092e-01 3.215193964654828873e-01
3.351508563896832271e-01 3.433297359721666497e-01 3.215194076469671258e-01
3.351508778747694373e-01 3.433297029722623961e-01 3.215194191617851138e-01
3.351508990265154586e-01 3.433296699723646928e-01 3.215194310099367958e-01
3.351509205115931200e-01 3.433296369724735952e-01 3.215194425247501764e-01
3.351509426633382804e-01 3.433296039725891591e-01 3.215194533728894521e-01
3.351509638150714787e-01 3.433295706393754143e-01 3.215194655543700542e-01
3.351509853001362060e-01 3.433295373061683309e-01 3.215194774025123547e-01
3.351510057851892488e-01 3.433295039729679088e-01 3.215194902506596786e-01
3.351510252702308845e-01 3.433294706397741480e-01 3.215195040988117481e-01
3.351510447552686345e-01 3.433294373065870486e-01 3.215195179469610420e-01
3.351510635736311139e-01 3.433294039734066105e-01 3.215195324617790007e-01
3.351510827253255109e-01 3.433293706402328893e-01 3.215195466432583249e-01
3.351511015436804408e-01 3.433293373070657739e-01 3.215195611580705104e-01
3.351511196953603777e-01 3.433293039739053754e-01 3.215195763395509720e-01
3.351511385137078136e-01 3.433292703074161123e-01 3.215195911876927992e-01
3.351511566653804230e-01 3.433292366409335661e-01 3.215196067025027360e-01
3.351511748170494243e-01 3.433292029744577367e-01 3.215196222173095641e-01
3.351511916353729359e-01 3.433291693079886797e-01 3.215196390654552205e-01
3.351512084536930614e-01 3.433291356415262841e-01 3.215196559135974907e-01
3.351512249386744413e-01 3.433291019750707163e-01 3.215196730950717341e-01
3.351512420903232092e-01 3.433290683086218098e-01 3.215196896098718171e-01
3.351512579086272647e-01 3.433290346421796757e-01 3.215197074580099512e-01
3.351512720602515816e-01 3.433290013090795068e-01 3.215197266394856923e-01
3.351512868785436750e-01 3.433289679759860547e-01 3.215197451542871065e-01
3.351513013634975779e-01 3.433289346428992084e-01 3.215197640024199943e-01
3.351513155151133461e-01 3.433289013098190789e-01 3.215197831838843556e-01
3.351513263333746329e-01 3.433288679767455553e-01 3.215198056986965369e-01
3.351513374849688920e-01 3.433288349770138859e-01 3.215198275468339473e-01
3.351513479698907116e-01 3.433288019772888222e-01 3.215198500616372468e-01
3.351513587881455036e-01 3.433287686442352826e-01 3.215198725764359944e-01
3.351513689397280227e-01 3.433287353111884044e-01 3.215198957579002981e-01
3.351513804246485928e-01 3.433287016448132167e-01 3.215199179393549711e-01
3.351513905762269485e-01 3.433286679784447459e-01 3.215199414541450307e-01
3.351514000611334199e-01 3.433286349787528779e-01 3.215199649689304273e-01
3.351514105460426940e-01 3.433286016457327006e-01 3.215199878170412751e-01
3.351514210309498587e-01 3.433285683127191845e-01 3.215200106651476264e-01
3.351514325158594376e-01 3.433285349797123298e-01 3.215200325132448467e-01
3.351514426674275238e-01 3.433285016467121364e-01 3.215200556946768984e-01
3.351514534856631089e-01 3.433284683137186044e-01 3.215200782094348453e-01
3.351514649705660265e-01 3.433284349807317892e-01 3.215201000575187984e-01
3.351514774554706921e-01 3.433284016477515799e-01 3.215201209055942311e-01
3.351514909403769393e-01 3.433283683147780874e-01 3.215201407536615319e-01
3.351515047586150486e-01 3.433283346484766185e-01 3.215201606017248914e-01
3.351515169101774161e-01 3.433283009821819221e-01 3.215201821164572205e-01
3.351515290617373410e-01 3.433282673158939424e-01 3.215202036311852751e-01
3.351515408799602969e-01 3.433282336496126796e-01 3.215202254792435821e-01
3.351515526981808657e-01 3.433281999833381337e-01 3.215202473272975037e-01
3.351515641830646319e-01 3.433281659837358890e-01 3.215202698420160377e-01
3.351515763346150090e-01 3.433281323174748878e-01 3.215202913567267173e-01
3.351515871528253365e-01 3.433280986512206034e-01 3.215203142047706741e-01
3.351515986377022194e-01 3.433280649849730359e-01 3.215203363861413588e-01
3.351516117892485158e-01 3.433280313187322408e-01 3.215203569008359130e-01
3.351516249407921477e-01 3.433279976524981625e-01 3.215203774155264149e-01
3.351516380923331151e-01 3.433279639862708010e-01 3.215203979302128090e-01
3.351516519105399716e-01 3.433279303200502119e-01 3.215204177782265971e-01
3.351516653954098590e-01 3.433278966538363397e-01 3.215204379595706374e-01
3.351516768802720314e-01 3.433278629876291843e-01 3.215204601409156204e-01
3.351516876984636517e-01 3.433278293214287458e-01 3.215204829889244387e-01
3.351516968499825833e-01 3.433277956552350796e-01 3.215205075035992288e-01
3.351517043348293812e-01 3.433277619890481303e-01 3.215205336849394357e-01
3.351517128196767614e-01 3.433277283228678978e-01 3.215205588662722325e-01
3.351517223045245020e-01 3.433276946566944376e-01 3.215205830475980631e-01
3.351517314560363281e-01 3.433276613238616104e-01 3.215206072289190642e-01
3.351517419408820420e-01 3.433276279910354445e-01 3.215206300768994607e-01
3.351517524257256464e-01 3.433275949915498559e-01 3.215206525915413893e-01
3.351517622438994204e-01 3.433275619920708732e-01 3.215206757728465425e-01
3.351517717287374465e-01 3.433275286592646913e-01 3.215206996208147538e-01
3.351517815469073347e-01 3.433274953264651153e-01 3.215207231354443862e-01
3.351517940317453870e-01 3.433274619936722560e-01 3.215207439833991376e-01
3.351518065165809968e-01 3.433274286608860026e-01 3.215207648313497257e-01
3.351518180014129711e-01 3.433273953281064661e-01 3.215207866792972879e-01
3.351518284862416430e-01 3.433273619953335909e-01 3.215208095272414357e-01
3.351518383044009841e-01 3.433273286625673770e-01 3.215208330418483640e-01
3.351518484558919098e-01 3.433272953298077690e-01 3.215208562231168798e-01
3.351518582740472540e-01 3.433272619970549333e-01 3.215208797377144267e-01
3.351518674255336006e-01 3.433272283309751760e-01 3.215209042523078375e-01
3.351518769103515871e-01 3.433271946649021911e-01 3.215209284335628359e-01
3.351518850618337986e-01 3.433271609988359785e-01 3.215209539481468926e-01
3.351518925466475674e-01 3.433271276661098437e-01 3.215209797960592586e-01
3.351518980314594498e-01 3.433270943333903702e-01 3.215210076439668496e-01
3.351519018496033619e-01 3.433270610006776136e-01 3.215210371585356941e-01
3.351519063344131633e-01 3.433270276679714628e-01 3.215210660064319881e-01
