1.334751884058190396e-01 6.306142610874172494e-01 2.359105505139140468e-01
1.334751750581693874e-01 6.306142980263531594e-01 2.359105269226278168e-01
1.334751617105223997e-01 6.306143349652816310e-01 2.359105033313462774e-01
1.334751483628781044e-01 6.306143719042027751e-01 2.359104797400694842e-01
1.334751350152364457e-01 6.306144088431164807e-01 2.359104561487973817e-01
1.334751216675974794e-01 6.306144457820228588e-01 2.359104325575299976e-01
1.334751083199611776e-01 6.306144827209217985e-01 2.359104089662673598e-01
1.334750949723275681e-01 6.306145196598132996e-01 2.359103853750094126e-01
1.334750816246965954e-01 6.306145565986974733e-01 2.359103617837562117e-01
1.334750692770773073e-01 6.306145925375653549e-01 2.359103381925077014e-01
1.334750569294604894e-01 6.306146284764259091e-01 2.359103146012639096e-01
1.334750465818637377e-01 6.306146624152617619e-01 2.359102910100248640e-01
1.334750372342777547e-01 6.306146953540820999e-01 2.359102674187905091e-01
1.334750268866850553e-01 6.306147292929044079e-01 2.359102438275608726e-01
1.334750155390859172e-01 6.306147642317284641e-01 2.359102202363359824e-01
1.334750041914890273e-01 6.306147991705456368e-01 2.359101966451157828e-01
1.334749958439193362e-01 6.306148311093308090e-01 2.359101730539003017e-01
1.334749874963513105e-01 6.306148630481095418e-01 2.359101494626895668e-01
1.334749801487930543e-01 6.306148939868738701e-01 2.359101258714835225e-01
1.334749718012282482e-01 6.306149259256400574e-01 2.359101022802821968e-01
1.334749634536651353e-01 6.306149578643998055e-01 2.359100786890856172e-01
1.334749541060958888e-01 6.306149908031609685e-01 2.359100550978937283e-01
1.334749457585361898e-01 6.306150227419078380e-01 2.359100315067065579e-01
1.334749354109629749e-01 6.306150566806634217e-01 2.359100079155241336e-01
1.334749250633918416e-01 6.306150906194122330e-01 2.359099843243464001e-01
1.334749167158375549e-01 6.306151225581395625e-01 2.359099607331733850e-01
1.334749073682776621e-01 6.306151554968677519e-01 2.359099371420051161e-01
1.334748960207052249e-01 6.306151904356038784e-01 2.359099135508415379e-01
1.334748846731350636e-01 6.306152253743328995e-01 2.359098899596826782e-01
1.334748713255531627e-01 6.306152613130620033e-01 2.359098673685355307e-01
1.334748579779739264e-01 6.306152982517907457e-01 2.359098437773859969e-01
1.334748446303973546e-01 6.306153351905120497e-01 2.359098201862412092e-01
1.334748312828234751e-01 6.306153721292260261e-01 2.359097965951011400e-01
1.334748179352522601e-01 6.306154090679325641e-01 2.359097730039657614e-01
1.334748045876836819e-01 6.306154460066317746e-01 2.359097494128351291e-01
1.334747912401178238e-01 6.306154819453172466e-01 2.359097268217155707e-01
1.334747778925546025e-01 6.306155188840018022e-01 2.359097032305942643e-01
1.334747645449940456e-01 6.306155558226789193e-01 2.359096796394776763e-01
1.334747511974361811e-01 6.306155927613485979e-01 2.359096560483658067e-01
1.334747378498809811e-01 6.306156297000109490e-01 2.359096324572586556e-01
1.334747245023284457e-01 6.306156666386659726e-01 2.359096088661562229e-01
1.334747111547785747e-01 6.306157035773135577e-01 2.359095852750585087e-01
1.334746978072313683e-01 6.306157405159537044e-01 2.359095616839655130e-01
1.334746844596868542e-01 6.306157774545865236e-01 2.359095380928772356e-01
1.334746711121450047e-01 6.306158143932119042e-01 2.359095145017936768e-01
1.334746577646057919e-01 6.306158513318299574e-01 2.359094909107148363e-01
1.334746444170692992e-01 6.306158882704405721e-01 2.359094673196407144e-01
1.334746310695354432e-01 6.306159252090438594e-01 2.359094437285713108e-01
1.334746177220042518e-01 6.306159621476397081e-01 2.359094201375066258e-01
1.334746043744757527e-01 6.306159990862282294e-01 2.359093965464466591e-01
1.334745920269548025e-01 6.306160350248044555e-01 2.359093729553914109e-01
1.334745806794411516e-01 6.306160699633687194e-01 2.359093493643408812e-01
1.334745703319344390e-01 6.306161039019211323e-01 2.359093257732950699e-01
1.334745599844298081e-01 6.306161378404668838e-01 2.359093021822539493e-01
1.334745496369272588e-01 6.306161717790057519e-01 2.359092785912175749e-01
1.334745422894399736e-01 6.306162027175247209e-01 2.359092550001859190e-01
1.334745329419455562e-01 6.306162356560460758e-01 2.359092314091589815e-01
1.334745235944529984e-01 6.306162685945608803e-01 2.359092078181367624e-01
1.334745122469541134e-01 6.306163035330772937e-01 2.359091842271192618e-01
1.334744988994495118e-01 6.306163404715947607e-01 2.359091606361064797e-01
1.334744855519475470e-01 6.306163774101047892e-01 2.359091370450983882e-01
1.334744722044482745e-01 6.306164143486073792e-01 2.359091134540950430e-01
1.334744588569516666e-01 6.306164512871026417e-01 2.359090898630964162e-01
1.334744455094577231e-01 6.306164882255904658e-01 2.359090662721025078e-01
1.334744321619664720e-01 6.306165251640709624e-01 2.359090426811133179e-01
1.334744188144778576e-01 6.306165621025440204e-01 2.359090190901288187e-01
1.334744054669919355e-01 6.306165990410096400e-01 2.359089954991490656e-01
1.334743921195086780e-01 6.306166359794679321e-01 2.359089719081740311e-01
1.334743787720280850e-01 6.306166729179188968e-01 2.359089483172037149e-01
1.334743654245501843e-01 6.306167098563624229e-01 2.359089247262380895e-01
1.334743520770749203e-01 6.306167467947985106e-01 2.359089011352772103e-01
1.334743387296023487e-01 6.306167837332272708e-01 2.359088775443210495e-01
1.334743253821324416e-01 6.306168206716487035e-01 2.359088539533696072e-01
1.334743120346651990e-01 6.306168576100625867e-01 2.359088303624228555e-01
1.334742986872006210e-01 6.306168945484692534e-01 2.359088067714808501e-01
1.334742853397387075e-01 6.306169314868683706e-01 2.359087831805435631e-01
1.334742719922794862e-01 6.306169684252602714e-01 2.359087595896109668e-01
1.334742586448229296e-01 6.306170053636446227e-01 2.359087359986831167e-01
1.334742452973690374e-01 6.306170423020216464e-01 2.359087124077599851e-01
1.334742319499178098e-01 6.306170792403913428e-01 2.359086888168415441e-01
1.334742186024692467e-01 6.306171161787536006e-01 2.359086652259278494e-01
1.334742052550233482e-01 6.306171531171084199e-01 2.359086416350188731e-01
1.334741919075801420e-01 6.306171900554559118e-01 2.359086180441145875e-01
1.334741785601396002e-01 6.306172269937960762e-01 2.359085944532150481e-01
1.334741652127017231e-01 6.306172639321286910e-01 2.359085708623202271e-01
1.334741518652665104e-01 6.306173008704540894e-01 2.359085472714300968e-01
1.334741385178339623e-01 6.306173378087720494e-01 2.359085236805447128e-01
1.334741251704041065e-01 6.306173747470825708e-01 2.359085000896640194e-01
1.334741118229769152e-01 6.306174116853856537e-01 2.359084764987880722e-01
1.334740984755523885e-01 6.306174486236815202e-01 2.359084529079168435e-01
1.334740851281305263e-01 6.306174855619698372e-01 2.359084293170503055e-01
1.334740717807113286e-01 6.306175225002508267e-01 2.359084057261885137e-01
1.334740584332947955e-01 6.306175594385244887e-01 2.359083821353314125e-01
1.334740450858809546e-01 6.306175963767907122e-01 2.359083585444790576e-01
1.334740317384697783e-01 6.306176333150494973e-01 2.359083349536313934e-01
1.334740183910612665e-01 6.306176702533009548e-01 2.359083113627884754e-01
1.334740050436554193e-01 6.306177071915449739e-01 2.359082877719502480e-01
1.334739916962522366e-01 6.306177441297816655e-01 2.359082641811167669e-01
1.334739793488518289e-01 6.306177800680108358e-01 2.359082405902879764e-01
1.334739660014538920e-01 6.306178170062328725e-01 2.359082169994639322e-01
