5.068548859628748682e-01 2.950454218496740832e-01 1.980996921868475869e-01
5.068548656771875160e-01 2.950454618455238265e-01 1.980996724766851957e-01
5.068548455915060647e-01 2.950455016413636722e-01 1.980996527665267459e-01
5.068548255058286101e-01 2.950455414371955243e-01 1.980996330563722374e-01
5.068548053201542558e-01 2.950455814330213422e-01 1.980996132462207460e-01
5.068547855344878172e-01 2.950456210288354142e-01 1.980995934360731958e-01
5.068547655488233605e-01 2.950456608246433965e-01 1.980995736259296425e-01
5.068547456631639081e-01 2.950457005204424887e-01 1.980995538157900027e-01
5.068547258775093489e-01 2.950457401162328019e-01 1.980995340056543597e-01
5.068547064918622613e-01 2.950457793120115357e-01 1.980995141955226579e-01
5.068546876062235418e-01 2.950458180077780157e-01 1.980994943853949253e-01
5.068546679205815364e-01 2.950458575035437292e-01 1.980994745752711617e-01
5.068546486349470026e-01 2.950458965992981408e-01 1.980994547651513671e-01
5.068546300493222967e-01 2.950459349950387278e-01 1.980994349550355138e-01
5.068546116637030474e-01 2.950459731907698613e-01 1.980994151449236296e-01
5.068545928780840981e-01 2.950460117864967535e-01 1.980993953348157144e-01
5.068545742924706055e-01 2.950460501822142478e-01 1.980993755247117682e-01
5.068545556068599911e-01 2.950460886779249225e-01 1.980993557146117634e-01
5.068545362212473204e-01 2.950461278736335458e-01 1.980993359045157276e-01
5.068545169356395430e-01 2.950461668693327155e-01 1.980993161944244463e-01
5.068544971500315022e-01 2.950462064650288263e-01 1.980992963843363486e-01
5.068544768644235310e-01 2.950462465607209261e-01 1.980992765742521922e-01
5.068544570788234838e-01 2.950462861564011607e-01 1.980992567641719770e-01
5.068544378932320349e-01 2.950463251520689667e-01 1.980992369540957587e-01
5.068544187076444718e-01 2.950463641477288901e-01 1.980992171440234817e-01
5.068543997220620323e-01 2.950464029433795821e-01 1.980991973339551737e-01
5.068543805364820187e-01 2.950464419390239623e-01 1.980991775238908348e-01
5.068543614509065653e-01 2.950464807346591112e-01 1.980991578138311671e-01
5.068543420653327525e-01 2.950465198302886782e-01 1.980991381037754129e-01
5.068543235797691171e-01 2.950465580259040710e-01 1.980991183937236277e-01
5.068543056942133029e-01 2.950465956215076457e-01 1.980990986836757839e-01
5.068542884086651990e-01 2.950466327171003544e-01 1.980990788736312069e-01
5.068542710231198622e-01 2.950466698126856802e-01 1.980990591635912734e-01
5.068542536375779672e-01 2.950467070082641863e-01 1.980990393535546068e-01
5.068542359520376017e-01 2.950467445038371661e-01 1.980990195435219092e-01
5.068542180664995511e-01 2.950467821994039452e-01 1.980989997334931529e-01
5.068542000809643788e-01 2.950468199949638493e-01 1.980989799234683935e-01
5.068541818954316325e-01 2.950468579905173860e-01 1.980989601134475753e-01
5.068541642099055888e-01 2.950468954860603343e-01 1.980989403034307261e-01
5.068541474243883904e-01 2.950469320815903296e-01 1.980989204934178183e-01
5.068541302388722691e-01 2.950469690771154174e-01 1.980989006834089072e-01
5.068541129533590262e-01 2.950470061726336857e-01 1.980988808734039375e-01
5.068540966678548587e-01 2.950470421681382072e-01 1.980988611634035002e-01
5.068540804823544743e-01 2.950470781636355122e-01 1.980988413534064407e-01
5.068540649968612533e-01 2.950471134591218236e-01 1.980988215434133504e-01
5.068540500113738467e-01 2.950471482545984347e-01 1.980988017334242290e-01
5.068540348258884221e-01 2.950471832500690672e-01 1.980987819234390490e-01
5.068540191404032891e-01 2.950472187455353001e-01 1.980987621134578380e-01
5.068540036549223915e-01 2.950472540409934674e-01 1.980987423034805961e-01
5.068539872694401982e-01 2.950472902364490446e-01 1.980987224935073232e-01
5.068539718839660813e-01 2.950473254318924377e-01 1.980987026835380194e-01
5.068539565984955253e-01 2.950473605273283839e-01 1.980986828735726568e-01
5.068539416130294351e-01 2.950473953227558677e-01 1.980986630636112633e-01
5.068539268275672471e-01 2.950474299181754523e-01 1.980986432536538389e-01
5.068539127421112234e-01 2.950474638135850425e-01 1.980986234437003557e-01
5.068538991566602370e-01 2.950474972089855985e-01 1.980986036337508416e-01
5.068538856712123675e-01 2.950475305043790408e-01 1.980985838238052965e-01
5.068538723857679562e-01 2.950475635997650281e-01 1.980985640138637205e-01
5.068538585003238284e-01 2.950475972951468462e-01 1.980985442039260858e-01
5.068538448148831588e-01 2.950476307905210982e-01 1.980985243939924478e-01
5.068538306294434470e-01 2.950476647858905621e-01 1.980985045840627512e-01
5.068538176440110510e-01 2.950476975812487135e-01 1.980984847741369959e-01
5.068538046585813195e-01 2.950477303766003145e-01 1.980984649642152373e-01
5.068537919731551655e-01 2.950477628719442857e-01 1.980984451542974201e-01
5.068537797877332718e-01 2.950477948672799999e-01 1.980984253443835719e-01
5.068537667023107485e-01 2.950478277626123469e-01 1.980984055344736650e-01
5.068537540168922551e-01 2.950478602579367782e-01 1.980983857245677549e-01
5.068537412314758628e-01 2.950478928532550560e-01 1.980983659146657860e-01
5.068537278460603090e-01 2.950479260485686650e-01 1.980983461047677863e-01
5.068537152606497065e-01 2.950479584438732150e-01 1.980983262948737555e-01
5.068537030752428008e-01 2.950479904391701824e-01 1.980983064849836661e-01
5.068536905898376466e-01 2.950480227344615680e-01 1.980982866750975457e-01
5.068536775044332199e-01 2.950480556297480628e-01 1.980982668652153944e-01
5.068536649190327203e-01 2.950480880250267446e-01 1.980982470553372121e-01
5.068536527336358066e-01 2.950481200202979548e-01 1.980982272454629711e-01
5.068536410482423760e-01 2.950481514155613438e-01 1.980982075355929295e-01
5.068536284628494260e-01 2.950481837108204219e-01 1.980981878257268569e-01
5.068536158774588074e-01 2.950482159060728860e-01 1.980981682158649282e-01
5.068536028920700431e-01 2.950482485013197209e-01 1.980981486060069408e-01
5.068535910066860328e-01 2.950482798965576858e-01 1.980981290961530694e-01
5.068535792213045843e-01 2.950483112917893780e-01 1.980981094863029091e-01
5.068535677359259362e-01 2.950483423870142174e-01 1.980980898764566622e-01
5.068535556505485706e-01 2.950483740822338885e-01 1.980980702666143567e-01
5.068535432651732897e-01 2.950484060774477002e-01 1.980980506567759647e-01
5.068535309798004596e-01 2.950484379726549533e-01 1.980980310469414862e-01
5.068535190944307711e-01 2.950484694678552344e-01 1.980980114371109491e-01
5.068535076090638913e-01 2.950485005630487101e-01 1.980979918272842977e-01
5.068534957236989769e-01 2.950485320582364457e-01 1.980979722174616153e-01
5.068534832383356781e-01 2.950485641534185133e-01 1.980979526076428188e-01
5.068534714529755458e-01 2.950485955485935285e-01 1.980979329978279635e-01
5.068534605676185967e-01 2.950486260437614194e-01 1.980979133880170218e-01
5.068534497822639873e-01 2.950486564389231403e-01 1.980978937782099936e-01
5.068534405969126189e-01 2.950486852340776789e-01 1.980978741684069067e-01
5.068534310115627717e-01 2.950487144292266439e-01 1.980978545586077333e-01
5.068534218262150670e-01 2.950487434243697082e-01 1.980978347488123736e-01
5.068534132408695214e-01 2.950487718195066722e-01 1.980978149390209830e-01
5.068534045555255219e-01 2.950488003146380933e-01 1.980977951292335337e-01
5.068533960701834262e-01 2.950488286097637247e-01 1.980977753194500535e-01
5.068533873848429794e-01 2.950488571048837105e-01 1.980977555096705423e-01
5.068533781995042675e-01 2.950488859999980118e-01 1.980977357998949806e-01
