1.046972365037936170e-01 6.348980634963505842e-01 2.604047000053680838e-01
1.046972260339673610e-01 6.348980000059220030e-01 2.604047739656228933e-01
1.046972155641432006e-01 6.348979365155060783e-01 2.604048479258629367e-01
1.046972050943211358e-01 6.348978730251029212e-01 2.604049218860881587e-01
1.046971946245011664e-01 6.348978095347125317e-01 2.604049958462986147e-01
1.046971841546832926e-01 6.348977460443347987e-01 2.604050698064942493e-01
1.046971736848675005e-01 6.348976825539697222e-01 2.604051437666750624e-01
1.046971632150538040e-01 6.348976190636173023e-01 2.604052177268411650e-01
1.046971527452422168e-01 6.348975555732776499e-01 2.604052916869923906e-01
1.046971422754327113e-01 6.348974920829506541e-01 2.604053656471289058e-01
1.046971318056253014e-01 6.348974285926364258e-01 2.604054396072505440e-01
1.046971213358199870e-01 6.348973651023348541e-01 2.604055135673574717e-01
1.046971108660167682e-01 6.348973016120459389e-01 2.604055875274495224e-01
1.046971003962156449e-01 6.348972381217697913e-01 2.604056614875268627e-01
1.046970899264166033e-01 6.348971746315063003e-01 2.604057354475893815e-01
1.046970794566196711e-01 6.348971111412554658e-01 2.604058094076370788e-01
1.046970689868248205e-01 6.348970476510173988e-01 2.604058833676700102e-01
1.046970585170320656e-01 6.348969841607920994e-01 2.604059573276881201e-01
1.046970480472414200e-01 6.348969206705793455e-01 2.604060312876914640e-01
1.046970375774528561e-01 6.348968571803793592e-01 2.604061052476800420e-01
1.046970271076663878e-01 6.348967936901920295e-01 2.604061792076537984e-01
1.046970166378820011e-01 6.348967302000174673e-01 2.604062531676127890e-01
1.046970061680997238e-01 6.348966667098555616e-01 2.604063271275569580e-01
1.046969956983195421e-01 6.348966032197064235e-01 2.604064010874863055e-01
1.046969852285414421e-01 6.348965397295699420e-01 2.604064750474008871e-01
1.046969747587654515e-01 6.348964762394461170e-01 2.604065490073007028e-01
1.046969642889915425e-01 6.348964127493349485e-01 2.604066229671856969e-01
1.046969538192197291e-01 6.348963492592365476e-01 2.604066969270559251e-01
1.046969433494500112e-01 6.348962857691509143e-01 2.604067708869113318e-01
1.046969328796823889e-01 6.348962222790779375e-01 2.604068448467519725e-01
1.046969224099168622e-01 6.348961587890176173e-01 2.604069188065778473e-01
1.046969119401534309e-01 6.348960952989699535e-01 2.604069927663888451e-01
1.046969014703920814e-01 6.348960318089350574e-01 2.604070667261851324e-01
1.046968910006328413e-01 6.348959683189128178e-01 2.604071406859665982e-01
1.046968805308756828e-01 6.348959048289033458e-01 2.604072146457332426e-01
1.046968700611206199e-01 6.348958413389065303e-01 2.604072886054851210e-01
1.046968595913676525e-01 6.348957778489223713e-01 2.604073625652222335e-01
1.046968491216167807e-01 6.348957143589509799e-01 2.604074365249445244e-01
1.046968386518680044e-01 6.348956508689922451e-01 2.604075104846519939e-01
1.046968281821213237e-01 6.348955873790461668e-01 2.604075844443446974e-01
1.046968177123767385e-01 6.348955238891128561e-01 2.604076584040226350e-01
1.046968072426342350e-01 6.348954603991922019e-01 2.604077323636857511e-01
1.046967967728938409e-01 6.348953969092843153e-01 2.604078063233341012e-01
1.046967863031555285e-01 6.348953334193890852e-01 2.604078802829676298e-01
1.046967758334193116e-01 6.348952699295065116e-01 2.604079542425863925e-01
1.046967653636851903e-01 6.348952064396367057e-01 2.604080282021903336e-01
1.046967548939531645e-01 6.348951429497795562e-01 2.604081021617795089e-01
1.046967444242232342e-01 6.348950794599351743e-01 2.604081761213538626e-01
1.046967339544953995e-01 6.348950159701033380e-01 2.604082500809134504e-01
1.046967234847696604e-01 6.348949524802843802e-01 2.604083240404582722e-01
1.046967130150460029e-01 6.348948889904779680e-01 2.604083979999882725e-01
1.046967025453244549e-01 6.348948255006843233e-01 2.604084719595034514e-01
1.046966920756049885e-01 6.348947620109033352e-01 2.604085459190038643e-01
1.046966816058876176e-01 6.348946985211351146e-01 2.604086198784895112e-01
1.046966711361723423e-01 6.348946350313795506e-01 2.604086938379603366e-01
1.046966606664591626e-01 6.348945715416367541e-01 2.604087677974163406e-01
1.046966501967480784e-01 6.348945080519065032e-01 2.604088417568576341e-01
1.046966397270390897e-01 6.348944445621891308e-01 2.604089157162840507e-01
1.046966292573321827e-01 6.348943810724843040e-01 2.604089896756957012e-01
1.046966187876273852e-01 6.348943175827922447e-01 2.604090636350925858e-01
1.046966083179246693e-01 6.348942540931128420e-01 2.604091375944746489e-01
1.046965978482240489e-01 6.348941906034462068e-01 2.604092115538419461e-01
1.046965873785255380e-01 6.348941271137922282e-01 2.604092855131944773e-01
1.046965769088291087e-01 6.348940636241510171e-01 2.604093594725321315e-01
1.046965664391347750e-01 6.348940001345223516e-01 2.604094334318550752e-01
1.046965559694425230e-01 6.348939366449065647e-01 2.604095073911631975e-01
1.046965454997523803e-01 6.348938731553033232e-01 2.604095813504564982e-01
1.046965350300643333e-01 6.348938096657128494e-01 2.604096553097350331e-01
1.046965245603783679e-01 6.348937461761350320e-01 2.604097292689988019e-01
1.046965140906944980e-01 6.348936826865699823e-01 2.604098032282477493e-01
1.046965036210127376e-01 6.348936191970175891e-01 2.604098771874818752e-01
1.046964931513330588e-01 6.348935557074779634e-01 2.604099511467012906e-01
1.046964826816554756e-01 6.348934922179508833e-01 2.604100251059058291e-01
1.046964722119799879e-01 6.348934287284365707e-01 2.604100990650956016e-01
1.046964617423065819e-01 6.348933652389350257e-01 2.604101730242706081e-01
1.046964512726352853e-01 6.348933017494461373e-01 2.604102469834307931e-01
1.046964408029660842e-01 6.348932382599699054e-01 2.604103209425762122e-01
1.046964303332989649e-01 6.348931747705064410e-01 2.604103949017068653e-01
1.046964198636339410e-01 6.348931112810556332e-01 2.604104688608226414e-01
1.046964093939710266e-01 6.348930477916174819e-01 2.604105428199237071e-01
1.046963989243101939e-01 6.348929843021920982e-01 2.604106167790099513e-01
1.046963884546514567e-01 6.348929208127793711e-01 2.604106907380813740e-01
1.046963779849948012e-01 6.348928573233794115e-01 2.604107646971380308e-01
1.046963675153402551e-01 6.348927938339921084e-01 2.604108386561799215e-01
1.046963570456878045e-01 6.348927303446174619e-01 2.604109126152069908e-01
1.046963465760374357e-01 6.348926668552555830e-01 2.604109865742192387e-01
1.046963361063891762e-01 6.348926033659063606e-01 2.604110605332167760e-01
1.046963256367429984e-01 6.348925398765697947e-01 2.604111344921994364e-01
1.046963151670989162e-01 6.348924763872459964e-01 2.604112084511673308e-01
1.046963046974569295e-01 6.348924128979348547e-01 2.604112824101204593e-01
1.046962942278170383e-01 6.348923494086363695e-01 2.604113563690587663e-01
1.046962837581792427e-01 6.348922859193506518e-01 2.604114303279823073e-01
1.046962732885435288e-01 6.348922224300775907e-01 2.604115042868910823e-01
1.046962628189099243e-01 6.348921589408172972e-01 2.604115782457849804e-01
1.046962523492784014e-01 6.348920954515696602e-01 2.604116522046641680e-01
1.046962418796489880e-01 6.348920319623346797e-01 2.604117261635285341e-01
1.046962314100216562e-01 6.348919684731124669e-01 2.604118001223780787e-01
1.046962209403964200e-01 6.348919049839029105e-01 2.604118740812128574e-01
1.046962104707732794e-01 6.348918414947061217e-01 2.604119480400328701e-01
1.046962000011522342e-01 6.348917780055218785e-01 2.604120219988380613e-01
