1.042236551468397054e-01 6.486141646153006368e-01 2.471621802385853273e-01
1.042236447243720526e-01 6.486140997532484631e-01 2.471622555231050844e-01
1.042236343019064815e-01 6.486140348912093900e-01 2.471623308076097980e-01
1.042236238794429920e-01 6.486139700291831955e-01 2.471624060920994403e-01
1.042236134569815981e-01 6.486139051671699907e-01 2.471624813765740392e-01
1.042236030345222719e-01 6.486138403051697754e-01 2.471625566610335667e-01
1.042235926120650413e-01 6.486137754431825497e-01 2.471626319454780507e-01
1.042235821896098924e-01 6.486137105812083137e-01 2.471627072299074634e-01
1.042235717671568390e-01 6.486136457192469562e-01 2.471627825143218327e-01
1.042235613447058534e-01 6.486135808572985884e-01 2.471628577987211584e-01
1.042235509222569634e-01 6.486135159953633211e-01 2.471629330831054128e-01
1.042235404998101550e-01 6.486134511334409325e-01 2.471630083674745959e-01
1.042235300773654283e-01 6.486133862715315335e-01 2.471630836518287355e-01
1.042235196549227833e-01 6.486133214096350130e-01 2.471631589361678039e-01
1.042235092324822338e-01 6.486132565477515932e-01 2.471632342204918287e-01
1.042234988100437520e-01 6.486131916858810520e-01 2.471633095048008100e-01
1.042234883876073659e-01 6.486131268240236114e-01 2.471633847890947200e-01
1.042234779651730614e-01 6.486130619621790494e-01 2.471634600733735587e-01
1.042234675427408525e-01 6.486129971003474770e-01 2.471635353576373539e-01
1.042234571203107113e-01 6.486129322385287832e-01 2.471636106418861056e-01
1.042234466978826657e-01 6.486128673767231900e-01 2.471636859261197861e-01
1.042234362754567017e-01 6.486128025149305865e-01 2.471637612103383952e-01
1.042234258530328195e-01 6.486127376531508615e-01 2.471638364945419608e-01
1.042234154306110328e-01 6.486126727913841261e-01 2.471639117787304829e-01
1.042234050081913138e-01 6.486126079296303804e-01 2.471639870629039337e-01
1.042233945857736904e-01 6.486125430678896242e-01 2.471640623470623410e-01
1.042233841633581487e-01 6.486124815395194476e-01 2.471641342978480038e-01
1.042233737409446886e-01 6.486124200111615945e-01 2.471642062486193170e-01
1.042233633185333103e-01 6.486123584828160649e-01 2.471642781993762250e-01
1.042233528961240274e-01 6.486122969544828587e-01 2.471643501501187279e-01
1.042233424737168263e-01 6.486122354261619760e-01 2.471644221008468534e-01
1.042233320513117067e-01 6.486121738978533058e-01 2.471644940515605737e-01
1.042233216289086689e-01 6.486121090362013675e-01 2.471645693356155915e-01
1.042233112065077127e-01 6.486120441745624188e-01 2.471646446196555102e-01
1.042233007841088521e-01 6.486119793129363487e-01 2.471647199036804132e-01
1.042232903617120732e-01 6.486119144513233792e-01 2.471647951876902449e-01
1.042232799393173759e-01 6.486118495897232883e-01 2.471648704716850053e-01
1.042232695169247603e-01 6.486117847281361870e-01 2.471649457556647222e-01
1.042232590945342263e-01 6.486117198665620753e-01 2.471650210396293679e-01
1.042232486721457879e-01 6.486116550050008422e-01 2.471650963235789700e-01
1.042232382497594312e-01 6.486115901434527098e-01 2.471651716075135286e-01
1.042232278273751561e-01 6.486115252819174559e-01 2.471652468914330159e-01
1.042232174049929627e-01 6.486114604203953027e-01 2.471653221753374319e-01
1.042232069826128510e-01 6.486113955588860280e-01 2.471653974592268044e-01
1.042231965602348348e-01 6.486113306973897430e-01 2.471654727431011334e-01
1.042231861378589003e-01 6.486112658359063365e-01 2.471655480269603911e-01
1.042231757154850474e-01 6.486112009744360307e-01 2.471656233108045775e-01
1.042231652931132763e-01 6.486111361129786035e-01 2.471656985946337204e-01
1.042231548707436006e-01 6.486110712515342769e-01 2.471657738784478198e-01
1.042231444483759928e-01 6.486110063901028289e-01 2.471658491622468479e-01
1.042231340260104805e-01 6.486109415286843705e-01 2.471659244460308325e-01
1.042231236036470499e-01 6.486108766672789017e-01 2.471659997297997458e-01
1.042231131812857009e-01 6.486108118058863115e-01 2.471660750135535878e-01
1.042231027589264475e-01 6.486107469445068219e-01 2.471661502972924140e-01
1.042230923365692619e-01 6.486106820831402109e-01 2.471662255810161413e-01
1.042230819142141718e-01 6.486106172217865895e-01 2.471663008647248527e-01
1.042230714918611634e-01 6.486105523604459577e-01 2.471663761484184652e-01
1.042230610695102505e-01 6.486104874991183156e-01 2.471664514320970618e-01
1.042230506471614054e-01 6.486104226378036630e-01 2.471665267157605594e-01
1.042230402248146559e-01 6.486103577765020001e-01 2.471666019994090413e-01
1.042230298024699880e-01 6.486102929152132157e-01 2.471666772830424519e-01
1.042230193801274019e-01 6.486102280539374210e-01 2.471667525666607912e-01
1.042230089577868973e-01 6.486101631926746158e-01 2.471668278502640870e-01
1.042229985354484745e-01 6.486100983314248003e-01 2.471669031338523115e-01
1.042229881131121472e-01 6.486100334701879744e-01 2.471669784174254925e-01
1.042229776907779015e-01 6.486099686089641381e-01 2.471670537009836299e-01
1.042229672684457376e-01 6.486099037477531803e-01 2.471671289845266961e-01
1.042229568461156552e-01 6.486098388865553233e-01 2.471672042680546910e-01
1.042229464237876685e-01 6.486097740253703448e-01 2.471672795515676424e-01
1.042229360014617634e-01 6.486097091641983559e-01 2.471673548350655503e-01
1.042229255791379261e-01 6.486096443030393566e-01 2.471674301185483869e-01
1.042229151568161982e-01 6.486095794418932359e-01 2.471675054020161522e-01
1.042229047344965381e-01 6.486095145807602158e-01 2.471675806854688739e-01
1.042228943121789597e-01 6.486094497196400743e-01 2.471676559689065522e-01
1.042228838898634768e-01 6.486093848585330335e-01 2.471677312523291592e-01
1.042228734675500756e-01 6.486093199974388712e-01 2.471678065357367227e-01
1.042228630452387561e-01 6.486092551363576986e-01 2.471678818191292148e-01
1.042228526229295182e-01 6.486091902752894045e-01 2.471679571025066635e-01
1.042228422006223759e-01 6.486091254142342111e-01 2.471680323858690409e-01
1.042228317783173153e-01 6.486090605531920072e-01 2.471681076692163748e-01
1.042228213560143363e-01 6.486089956921626820e-01 2.471681829525486374e-01
1.042228109337134390e-01 6.486089308311463464e-01 2.471682582358658564e-01
1.042228005114146233e-01 6.486088659701430004e-01 2.471683335191680042e-01
1.042227900891178893e-01 6.486088011091526440e-01 2.471684088024551085e-01
1.042227796668232509e-01 6.486087362481752772e-01 2.471684840857271692e-01
1.042227692445306941e-01 6.486086713872107890e-01 2.471685593689841587e-01
1.042227588222402190e-01 6.486086065262592903e-01 2.471686346522260769e-01
1.042227483999518395e-01 6.486085416653208924e-01 2.471687099354529515e-01
1.042227379776655277e-01 6.486084768043953730e-01 2.471687852186647827e-01
1.042227275553813115e-01 6.486084119434828432e-01 2.471688605018615426e-01
1.042227171330991770e-01 6.486083470825831920e-01 2.471689357850432311e-01
1.042227067108191241e-01 6.486082822216966415e-01 2.471690110682098762e-01
1.042226962885411529e-01 6.486082173608229695e-01 2.471690863513614778e-01
1.042226858662652772e-01 6.486081524999623982e-01 2.471691616344980080e-01
1.042226754439914693e-01 6.486080876391147054e-01 2.471692369176194948e-01
1.042226650217197570e-01 6.486080227782800023e-01 2.471693122007259102e-01
1.042226545994501402e-01 6.486079579174581777e-01 2.471693874838172822e-01
1.042226441771825912e-01 6.486078930566494538e-01 2.471694627668935829e-01
1.042226337549171239e-01 6.486078281958537195e-01 2.471695380499548400e-01
1.042226233326537521e-01 6.486077633350708638e-01 2.471696133330010259e-01
