1.698303013201447609e-01 5.431888975703654809e-01 2.869808011099806433e-01
1.698302843369481896e-01 5.431889432519233507e-01 2.869807724116192893e-01
1.698302673537550322e-01 5.431889889334721166e-01 2.869807437132636529e-01
1.698302503705652611e-01 5.431890346150117788e-01 2.869807150149137898e-01
1.698302333873788761e-01 5.431890802965423370e-01 2.869806863165696442e-01
1.698302164041959050e-01 5.431891259780636805e-01 2.869806576182312718e-01
1.698301994210163202e-01 5.431891716595759201e-01 2.869806289198986171e-01
1.698301824378401215e-01 5.431892173410790559e-01 2.869806002215716800e-01
1.698301654546673367e-01 5.431892630225729768e-01 2.869805715232505161e-01
1.698301484714979381e-01 5.431893087040577939e-01 2.869805428249350698e-01
1.698301314883319535e-01 5.431893543855335071e-01 2.869805141266253967e-01
1.698301145051693550e-01 5.431894000670001166e-01 2.869804854283214413e-01
1.698300975220101428e-01 5.431894457484575112e-01 2.869804567300232034e-01
1.698300805388543167e-01 5.431894914299058019e-01 2.869804280317307388e-01
1.698300635557019322e-01 5.431895371113449889e-01 2.869803993334439918e-01
1.698300465725529063e-01 5.431895827927749609e-01 2.869803706351629624e-01
1.698300295894072942e-01 5.431896284741958292e-01 2.869803419368877062e-01
1.698300126062650683e-01 5.431896741556075936e-01 2.869803132386182232e-01
1.698299956231262564e-01 5.431897198370101432e-01 2.869802845403544023e-01
1.698299786399908029e-01 5.431897655184036999e-01 2.869802558420964100e-01
1.698299616568587911e-01 5.431898111997880418e-01 2.869802271438440799e-01
1.698299446737301377e-01 5.431898568811631689e-01 2.869801984455975230e-01
1.698299276906049260e-01 5.431899025625291921e-01 2.869801697473566837e-01
1.698299107074830727e-01 5.431899482438861115e-01 2.869801410491216176e-01
1.698298937243646334e-01 5.431899939252339271e-01 2.869801123508922691e-01
1.698298767412495802e-01 5.431900396065726389e-01 2.869800836526686938e-01
1.698298597581379410e-01 5.431900852879021357e-01 2.869800549544508361e-01
1.698298427750296880e-01 5.431901309692225288e-01 2.869800262562386961e-01
1.698298257919248211e-01 5.431901766505337070e-01 2.869799975580323292e-01
1.698298088088233682e-01 5.431902223318357814e-01 2.869799688598316800e-01
1.698297918257253014e-01 5.431902680131287520e-01 2.869799401616367485e-01
1.698297748426306208e-01 5.431903136944126187e-01 2.869799114634475901e-01
1.698297578595393542e-01 5.431903593756872706e-01 2.869798827652641493e-01
1.698297408764514738e-01 5.431904050569529296e-01 2.869798540670864817e-01
1.698297238933670072e-01 5.431904507382092628e-01 2.869798253689145318e-01
1.698297069102859269e-01 5.431904964194566032e-01 2.869797966707483550e-01
1.698296899272082328e-01 5.431905421006947288e-01 2.869797679725878958e-01
1.698296729441339525e-01 5.431905877819237505e-01 2.869797392744331543e-01
1.698296559610630585e-01 5.431906334631436684e-01 2.869797105762841860e-01
1.698296389779955506e-01 5.431906791443543714e-01 2.869796818781409353e-01
1.698296219949314567e-01 5.431907248255559706e-01 2.869796531800034023e-01
1.698296050118707767e-01 5.431907705067484660e-01 2.869796244818716424e-01
1.698295880288134552e-01 5.431908161879317465e-01 2.869795957837456002e-01
1.698295710457595475e-01 5.431908618691059232e-01 2.869795670856253311e-01
1.698295540627090539e-01 5.431909075502709960e-01 2.869795383875107797e-01
1.698295370796619186e-01 5.431909532314269651e-01 2.869795096894019459e-01
1.698295200966181973e-01 5.431909989125737193e-01 2.869794809912988853e-01
1.698295031135778899e-01 5.431910445937113696e-01 2.869794522932015979e-01
1.698294861305409686e-01 5.431910902748399161e-01 2.869794235951099726e-01
1.698294691475074336e-01 5.431911359559592478e-01 2.869793948970241204e-01
1.698294521644773125e-01 5.431911816370694757e-01 2.869793661989440414e-01
1.698294351814505776e-01 5.431912273181705997e-01 2.869793375008696801e-01
1.698294181984272289e-01 5.431912729992626199e-01 2.869793088028010364e-01
1.698294012154072941e-01 5.431913186803454252e-01 2.869792801047381103e-01
1.698293842323907454e-01 5.431913643614191267e-01 2.869792514066809574e-01
1.698293672493775830e-01 5.431914100424837244e-01 2.869792227086295777e-01
1.698293502663678345e-01 5.431914557235391072e-01 2.869791940105839156e-01
1.698293332833614999e-01 5.431915014045853862e-01 2.869791653125439712e-01
1.698293163003585238e-01 5.431915470856225614e-01 2.869791366145097444e-01
1.698292993173589616e-01 5.431915927666505217e-01 2.869791079164812908e-01
1.698292823343628133e-01 5.431916384476694892e-01 2.869790792184586103e-01
1.698292653513700234e-01 5.431916841286792419e-01 2.869790505204416475e-01
1.698292483683806475e-01 5.431917298096797797e-01 2.869790218224304024e-01
1.698292313853946855e-01 5.431917754906713247e-01 2.869789931244248748e-01
1.698292144024121098e-01 5.431918211716536549e-01 2.869789644264251205e-01
1.698291974194329201e-01 5.431918668526267702e-01 2.869789357284311393e-01
1.698291804364571445e-01 5.431919125335908927e-01 2.869789070304428757e-01
1.698291634534847550e-01 5.431919582145458003e-01 2.869788783324603298e-01
1.698291464705157516e-01 5.431920038954916041e-01 2.869788496344835016e-01
1.698291294875501622e-01 5.431920495764281931e-01 2.869788209365124465e-01
1.698291125045879590e-01 5.431920952573557893e-01 2.869787922385471646e-01
1.698290955216291698e-01 5.431921409382741706e-01 2.869787635405875448e-01
1.698290785386737389e-01 5.431921866191833370e-01 2.869787348426336981e-01
1.698290615557217498e-01 5.431922323000835107e-01 2.869787061446856247e-01
1.698290445727731190e-01 5.431922779809744695e-01 2.869786774467432688e-01
1.698290275898279023e-01 5.431923236618563244e-01 2.869786487488066307e-01
1.698290106068860994e-01 5.431923693427289646e-01 2.869786200508757656e-01
1.698289936239476827e-01 5.431924150235926119e-01 2.869785913529506183e-01
1.698289766410126522e-01 5.431924607044469333e-01 2.869785626550312441e-01
1.698289596580810079e-01 5.431925063852922619e-01 2.869785339571175875e-01
1.698289426751527775e-01 5.431925520661284867e-01 2.869785052592096486e-01
1.698289256922279333e-01 5.431925977469554967e-01 2.869784765613074828e-01
1.698289087093065031e-01 5.431926434277732918e-01 2.869784478634110347e-01
1.698288917263884590e-01 5.431926891085820941e-01 2.869784191655203043e-01
1.698288747434738011e-01 5.431927347893816815e-01 2.869783904676353470e-01
1.698288577605625571e-01 5.431927804701721652e-01 2.869783617697561073e-01
1.698288407776546993e-01 5.431928261509535449e-01 2.869783330718826408e-01
1.698288237947502555e-01 5.431928718317257099e-01 2.869783043740148920e-01
1.698288068118491978e-01 5.431929175124887710e-01 2.869782756761529163e-01
1.698287898289515263e-01 5.431929631932427283e-01 2.869782469782966028e-01
1.698287728460572688e-01 5.431930088739874707e-01 2.869782182804461179e-01
1.698287558631663974e-01 5.431930545547231093e-01 2.869781895826012952e-01
1.698287388802789122e-01 5.431931002354496441e-01 2.869781608847622456e-01
1.698287218973948409e-01 5.431931459161670750e-01 2.869781321869289692e-01
1.698287049145141558e-01 5.431931915968752911e-01 2.869781034891014104e-01
1.698286879316368569e-01 5.431932372775744033e-01 2.869780747912795693e-01
1.698286709487629720e-01 5.431932829582644118e-01 2.869780460934635014e-01
1.698286539658925010e-01 5.431933286389452054e-01 2.869780173956531510e-01
1.698286369830253884e-01 5.431933743196168951e-01 2.869779886978485184e-01
1.698286200001616897e-01 5.431934200002794810e-01 2.869779600000496589e-01
