3.490665074260362877e-01 3.540239431715081486e-01 2.969095494103584087e-01
3.490664725190434359e-01 3.540239124354793154e-01 2.969096150533800937e-01
3.490664376120575785e-01 3.540238823661296941e-01 2.969096800297155170e-01
3.490664027050787155e-01 3.540238522967861234e-01 2.969097450060379506e-01
3.490663677981068469e-01 3.540238222274485480e-01 2.969098099823473946e-01
3.490663332244783867e-01 3.540237921581170233e-01 2.969098746253073795e-01
3.490662986508568655e-01 3.540237614221186657e-01 2.969099399349273138e-01
3.490662640772422831e-01 3.540237303527900004e-01 2.969100055778705616e-01
3.490662295036345841e-01 3.540236986167948352e-01 2.969100718874734257e-01
3.490661949300338240e-01 3.540236665474696953e-01 2.969101385303993812e-01
3.490661603564399473e-01 3.540236341448146362e-01 2.969102055066482615e-01
3.490661257828530095e-01 3.540236017421660164e-01 2.969102724828838191e-01
3.490660912092730106e-01 3.540235690061877549e-01 2.969103397924421350e-01
3.490660566356998951e-01 3.540235362702159883e-01 2.969104071019870728e-01
3.490660220621336629e-01 3.540235035342508274e-01 2.969104744115185213e-01
3.490659874885744252e-01 3.540234707982921614e-01 2.969105417210364806e-01
3.490659529150220153e-01 3.540234383956761266e-01 2.969106086972048697e-01
3.490659183414765998e-01 3.540234056597305057e-01 2.969106760066959616e-01
3.490658837679380677e-01 3.540233729237914906e-01 2.969107433161736198e-01
3.490658491944064190e-01 3.540233401878589703e-01 2.969108106256377888e-01
3.490658149542176791e-01 3.540233074519330558e-01 2.969108776017524987e-01
3.490657807140358226e-01 3.540232747160136362e-01 2.969109445778538303e-01
3.490657461405248796e-01 3.540232419801007668e-01 2.969110118872776982e-01
3.490657115670208199e-01 3.540232092441944478e-01 2.969110791966880769e-01
3.490656773268595581e-01 3.540231765082947346e-01 2.969111461727491630e-01
3.490656427533693207e-01 3.540231434390657128e-01 2.969112138154683667e-01
3.490656081798859667e-01 3.540231107031790447e-01 2.969112811248383887e-01
3.490655732730738592e-01 3.540230779672989825e-01 2.969113487675306140e-01
3.490655383662686906e-01 3.540230448980897227e-01 2.969114167435450424e-01
3.490655034594705164e-01 3.540230121622227610e-01 2.969114843862101782e-01
3.490654685526792811e-01 3.540229790930267129e-01 2.969115523621974062e-01
3.490654336458950957e-01 3.540229456905016892e-01 2.969116206715066708e-01
3.490653987391178492e-01 3.540229119546477454e-01 2.969116893141378610e-01
3.490653638323475971e-01 3.540228785521360999e-01 2.969117576234197586e-01
3.490653289255842839e-01 3.540228451496311157e-01 2.969118259326880005e-01
3.490652940188280207e-01 3.540228120804683187e-01 2.969118939086071163e-01
3.490652591120786963e-01 3.540227790113121276e-01 2.969119618845126318e-01
3.490652242053363663e-01 3.540227459421625422e-01 2.969120298604045471e-01
3.490651892986009752e-01 3.540227128730195627e-01 2.969120978362828622e-01
3.490651543918726341e-01 3.540226794705478297e-01 2.969121661454829364e-01
3.490651194851512318e-01 3.540226460680828136e-01 2.969122344546693548e-01
3.490650845784368239e-01 3.540226133322950663e-01 2.969123020971715654e-01
3.490650496717294105e-01 3.540225809298490067e-01 2.969123694063250385e-01
3.490650147650289914e-01 3.540225485274094419e-01 2.969124367154650224e-01
3.490649798583355112e-01 3.540225161249763164e-01 2.969125040245915725e-01
3.490649449516490255e-01 3.540224837225497412e-01 2.969125713337046890e-01
3.490649100449695341e-01 3.540224516534647425e-01 2.969126383094691790e-01
3.490648751382969817e-01 3.540224192510510459e-01 2.969127056185553726e-01
3.490648402316314791e-01 3.540223865153088179e-01 2.969127732609631032e-01
3.490648053249729155e-01 3.540223537795731956e-01 2.969128409033573446e-01
3.490647704183213462e-01 3.540223213771790389e-01 2.969129082124030705e-01
3.490647355116767159e-01 3.540222886414564618e-01 2.969129758547702225e-01
3.490647006050391354e-01 3.540222562390752947e-01 2.969130431637890255e-01
3.490646656984084939e-01 3.540222238367005669e-01 2.969131104727943393e-01
3.490646311251197065e-01 3.540221917676671937e-01 2.969131771151165555e-01
3.490645965518378024e-01 3.540221596986402597e-01 2.969132437574253935e-01
3.490645619785628373e-01 3.540221269629502121e-01 2.969133110663904618e-01
3.490645277386295042e-01 3.540220945606014080e-01 2.969133777086725989e-01
3.490644934987029990e-01 3.540220628249284851e-01 2.969134436842719715e-01
3.490644592587833772e-01 3.540220307559272528e-01 2.969135099931928257e-01
3.490644250188705833e-01 3.540219990202670419e-01 2.969135759687658305e-01
3.490643904456300906e-01 3.540219669512786327e-01 2.969136426109947879e-01
3.490643558723964257e-01 3.540219348822966072e-01 2.969137092532104227e-01
3.490643212991697553e-01 3.540219024799864389e-01 2.969137762287473170e-01
3.490642867259499682e-01 3.540218700776827654e-01 2.969138432042707776e-01
3.490642521527370645e-01 3.540218373420511155e-01 2.969139105131153311e-01
3.490642175795310997e-01 3.540218046064260715e-01 2.969139778219463954e-01
3.490641830063320183e-01 3.540217715374731067e-01 2.969140454640983862e-01
3.490641484331399313e-01 3.540217384685268032e-01 2.969141131062368877e-01
3.490641138599546722e-01 3.540217053995870500e-01 2.969141807483617890e-01
3.490640792867764075e-01 3.540216719973196535e-01 2.969142487238075057e-01
3.490640447136049707e-01 3.540216385950589184e-01 2.969143166992396221e-01
3.490640101404405282e-01 3.540216051928049001e-01 2.969143846746581383e-01
3.490639755672829692e-01 3.540215717905575432e-01 2.969144526500630543e-01
3.490639409941322935e-01 3.540215390549851793e-01 2.969145199587860939e-01
3.490639064209885567e-01 3.540215059860852831e-01 2.969145876008297269e-01
3.490638718478517588e-01 3.540214729171919372e-01 2.969146552428598707e-01
3.490638372747218443e-01 3.540214395149711701e-01 2.969147232182105522e-01
3.490638027015988687e-01 3.540214061127571199e-01 2.969147911935476336e-01
3.490637681284827765e-01 3.540213727105496755e-01 2.969148591688711147e-01
3.490637335553736231e-01 3.540213396416829195e-01 2.969149268108470241e-01
3.490636989822713532e-01 3.540213069061567408e-01 2.969149941194755282e-01
3.490636644091760221e-01 3.540212738373031409e-01 2.969150617614244592e-01
3.490636298360876300e-01 3.540212407684562024e-01 2.969151294033597899e-01
3.490635952630061212e-01 3.540212073662820091e-01 2.969151973786154919e-01
3.490635606899315513e-01 3.540211739641145328e-01 2.969152653538575937e-01
3.490635261168638648e-01 3.540211405619537177e-01 2.969153333290860397e-01
3.490634915438031172e-01 3.540211071597995640e-01 2.969154013043009410e-01
3.490634569707492529e-01 3.540210737576521272e-01 2.969154692795022421e-01
3.490634223977023276e-01 3.540210403555113516e-01 2.969155372546899430e-01
3.490633878246623412e-01 3.540210072867108759e-01 2.969156048965304051e-01
3.490633532516292381e-01 3.540209742179170616e-01 2.969156725383573781e-01
3.490633186786030184e-01 3.540209414824633805e-01 2.969157398468372233e-01
3.490632841055837376e-01 3.540209087470163052e-01 2.969158071553036904e-01
3.490632495325713958e-01 3.540208756782421973e-01 2.969158747970900847e-01
3.490632149595659928e-01 3.540208426094747507e-01 2.969159424388629898e-01
3.490631803865674176e-01 3.540208092073804935e-01 2.969160104139557665e-01
3.490631461469092534e-01 3.540207758052928977e-01 2.969160780557015822e-01
3.490631119072578614e-01 3.540207424032119632e-01 2.969161456974338531e-01
3.490630776676133529e-01 3.540207090011377455e-01 2.969162133391525793e-01
