4.033539129184851024e-01 4.687652210620061877e-01 1.278808660219008242e-01
4.033539290118229315e-01 4.687652176140217342e-01 1.278808533765474487e-01
4.033539443908649158e-01 4.687652148803305718e-01 1.278808407311965989e-01
4.033539606270548639e-01 4.687652111466303340e-01 1.278808282287067777e-01
4.033539752917981169e-01 4.687652091272329069e-01 1.278808155833609794e-01
4.033539896708214778e-01 4.687652073935528740e-01 1.278808029380177069e-01
4.033540040498419521e-01 4.687652058027316770e-01 1.278807901498184851e-01
4.033540214288871550e-01 4.687652012118831424e-01 1.278807773616218169e-01
4.033540372364859961e-01 4.687651981924784717e-01 1.278807645734277298e-01
4.033540541869491403e-01 4.687651940302069442e-01 1.278807517852361686e-01
4.033540704231167728e-01 4.687651904393698166e-01 1.278807391399056081e-01
4.033540865164227940e-01 4.687651869913918579e-01 1.278807264945775457e-01
4.033541021811504201e-01 4.687651839719897962e-01 1.278807138492520368e-01
4.033541201316088176e-01 4.687651786668542986e-01 1.278807012039290536e-01
4.033541373677718700e-01 4.687651736474366393e-01 1.278806889871836605e-01
4.033541577468150452e-01 4.687651654851364702e-01 1.278806767704407099e-01
4.033541768401291971e-01 4.687651587514211071e-01 1.278806644108418933e-01
4.033541939334231441e-01 4.687651543034402346e-01 1.278806517655289021e-01
4.033542071695395137e-01 4.687651538554926112e-01 1.278806389773601560e-01
4.033542214056612951e-01 4.687651524075370224e-01 1.278806261891939355e-01
4.033542309274572024e-01 4.687651556739047543e-01 1.278806134010302964e-01
4.033542403063929416e-01 4.687651590831300452e-01 1.278806006128692108e-01
4.033542525424917424e-01 4.687651596351898320e-01 1.278805878247106786e-01
4.033542642071550888e-01 4.687651607586824642e-01 1.278805750365547000e-01
4.033542787289804976e-01 4.687651590250105360e-01 1.278805622484013027e-01
4.033542946793848838e-01 4.687651558627569659e-01 1.278805494602504311e-01
4.033543127726589295e-01 4.687651504147731241e-01 1.278805368149603383e-01
4.033543335802345919e-01 4.687651422524850564e-01 1.278805241696727713e-01
4.033543553878132792e-01 4.687651330901914659e-01 1.278805115243877022e-01
4.033543766239549022e-01 4.687651243564741610e-01 1.278804990219633286e-01
4.033543991458155009e-01 4.687651143370354379e-01 1.278804865195414253e-01
4.033544203819485197e-01 4.687651053176055127e-01 1.278804743028382762e-01
4.033544421895097765e-01 4.687650957267450180e-01 1.278804620861375696e-01
4.033544627113438419e-01 4.687650872787511580e-01 1.278804500122973919e-01
4.033544816617350426e-01 4.687650799736235441e-01 1.278804383670338329e-01
4.033544986121096465e-01 4.687650749542262574e-01 1.278804264360564880e-01
4.033545188482158261e-01 4.687650669348110144e-01 1.278804142193654403e-01
4.033545400843241979e-01 4.687650579153912478e-01 1.278804020026768629e-01
4.033545601775641587e-01 4.687650501816953974e-01 1.278803896431326970e-01
4.033545816993800992e-01 4.687650407337051739e-01 1.278803775693070077e-01
4.033546023640438571e-01 4.687650318571487396e-01 1.278803657811997119e-01
4.033546230287034517e-01 4.687650232663099770e-01 1.278803537073788243e-01
4.033546446933646834e-01 4.687650138183253046e-01 1.278803414907023761e-01
4.033546626437150007e-01 4.687650083703648884e-01 1.278803289883125027e-01
4.033546840226520103e-01 4.687649996366731187e-01 1.278803163430672074e-01
4.033547058301585331e-01 4.687649906172672853e-01 1.278803035549665179e-01
4.033547282090922947e-01 4.687649810264317152e-01 1.278802907668683819e-01
4.033547520166004263e-01 4.687649700070192216e-01 1.278802779787727995e-01
4.033547742526671920e-01 4.687649605590454849e-01 1.278802651906797705e-01
4.033547950601509835e-01 4.687649523967943876e-01 1.278802525454471872e-01
4.033548167247776317e-01 4.687649432345399325e-01 1.278802400430749664e-01
4.033548341036650720e-01 4.687649382151643507e-01 1.278802276835630525e-01
4.033548504825443803e-01 4.687649341957944582e-01 1.278802153240536366e-01
4.033548658614157789e-01 4.687649311764300331e-01 1.278802029645466909e-01
4.033548813831418500e-01 4.687649274427772572e-01 1.278801911764733401e-01
4.033548966191493612e-01 4.687649241376985465e-01 1.278801792455445951e-01
4.033549121408693261e-01 4.687649208326205019e-01 1.278801670289027026e-01
4.033549299483100148e-01 4.687649152418192355e-01 1.278801548122632525e-01
4.033549497557554209e-01 4.687649079367263716e-01 1.278801423099107937e-01
4.033549709917739201e-01 4.687648993459154756e-01 1.278801296647031349e-01
4.033549925135036518e-01 4.687648906122486303e-01 1.278801168766402763e-01
4.033550096066407797e-01 4.687648863071718353e-01 1.278801040885799989e-01
4.033550259854861153e-01 4.687648827163841680e-01 1.278800913005222750e-01
4.033550415071822659e-01 4.687648799827431878e-01 1.278800785124671047e-01
4.033550567431600231e-01 4.687648775348179919e-01 1.278800657244145156e-01
4.033550739791414985e-01 4.687648729440289652e-01 1.278800530792220946e-01
4.033550922151228901e-01 4.687648674960951389e-01 1.278800402911745848e-01
4.033551077368061621e-01 4.687648647624567677e-01 1.278800275031296285e-01
4.033551232584863810e-01 4.687648618859613925e-01 1.278800148579448404e-01
4.033551364944423234e-01 4.687648612951877403e-01 1.278800022127625780e-01
4.033551487303927430e-01 4.687648618472746165e-01 1.278799894247252544e-01
4.033551642520641911e-01 4.687648591136379106e-01 1.278799766366905122e-01
4.033551830594556686e-01 4.687648530942786218e-01 1.278799638486583234e-01
4.033551988668356292e-01 4.687648499320707929e-01 1.278799512034862196e-01
4.033552181027924011e-01 4.687648434841411027e-01 1.278799384154591101e-01
4.033552386244626531e-01 4.687648356076378198e-01 1.278799257702920855e-01
4.033552592889863009e-01 4.687648275882786431e-01 1.278799131251275867e-01
4.033552768106417608e-01 4.687648228546426044e-01 1.278799003371081378e-01
4.033552900465705027e-01 4.687648224067308411e-01 1.278798875490912423e-01
4.033553021396371063e-01 4.687648229588211035e-01 1.278798749039343485e-01
4.033553116612678124e-01 4.687648260823447655e-01 1.278798622587799805e-01
4.033553184686060056e-01 4.687648320630157794e-01 1.278798494707707456e-01
4.033553231330821442e-01 4.687648401865463499e-01 1.278798366827640642e-01
4.033553265118409725e-01 4.687648495957916772e-01 1.278798238947599364e-01
4.033553280334534197e-01 4.687648608621807766e-01 1.278798111067583620e-01
4.033553285550642298e-01 4.687648731285690151e-01 1.278797983187593412e-01
4.033553270766723209e-01 4.687648872521000820e-01 1.278797856736202110e-01
4.033553281697123127e-01 4.687648988041966946e-01 1.278797730284836343e-01
4.033553256913195995e-01 4.687649139277234589e-01 1.278797603833495833e-01
4.033553239272138491e-01 4.687649283369607067e-01 1.278797477382180303e-01
4.033553230202520656e-01 4.687649418890514896e-01 1.278797350930890309e-01
4.033553205418606291e-01 4.687649571554267092e-01 1.278797223051053034e-01
4.033553134920379035e-01 4.687649769932305532e-01 1.278797095171241294e-01
4.033553050136443052e-01 4.687649982596027165e-01 1.278796967291454811e-01
4.033552926781076575e-01 4.687650233831154312e-01 1.278796839411694142e-01
4.033552806282878489e-01 4.687650482209086977e-01 1.278796711531959285e-01
4.033552651498980013e-01 4.687650764872695053e-01 1.278796583652249685e-01
4.033552458143676023e-01 4.687651084679110847e-01 1.278796457201137604e-01
4.033552290502698812e-01 4.687651380199746587e-01 1.278796329321479075e-01
4.033552134290326885e-01 4.687651662863179802e-01 1.278796202870417509e-01
