2.188935637133789802e-01 4.714241864336335408e-01 3.096822498548303937e-01
2.188935418238080743e-01 4.714241392907528860e-01 3.096823188872819266e-01
2.188935199342415816e-01 4.714240921478816682e-01 3.096823879197196372e-01
2.188934980446794465e-01 4.714240450050198872e-01 3.096824569521435810e-01
2.188934761551216690e-01 4.714239978621674876e-01 3.096825259845537026e-01
2.188934542655683047e-01 4.714239507193245804e-01 3.096825950169500019e-01
2.188934323760192979e-01 4.714239035764911101e-01 3.096826640493324789e-01
2.188934104864746766e-01 4.714238564336670212e-01 3.096827330817011892e-01
2.188933885969344406e-01 4.714238092908523692e-01 3.096828021140560772e-01
2.188933667073985623e-01 4.714237621480471541e-01 3.096828711463971429e-01
2.188933448178670971e-01 4.714237150052513758e-01 3.096829401787243863e-01
2.188933229283399895e-01 4.714236678624650345e-01 3.096830092110378629e-01
2.188933010388172395e-01 4.714236207196880746e-01 3.096830782433375173e-01
2.188932791492989027e-01 4.714235735769206070e-01 3.096831472756234049e-01
2.188932572597849235e-01 4.714235264341625209e-01 3.096832163078954148e-01
2.188932353702753297e-01 4.714234792914138716e-01 3.096832853401536578e-01
2.188932134807700935e-01 4.714234321486746593e-01 3.096833543723981341e-01
2.188931915912692427e-01 4.714233850059448838e-01 3.096834234046287326e-01
2.188931697017728051e-01 4.714233378632244897e-01 3.096834924368455644e-01
2.188931478122806973e-01 4.714232907205135881e-01 3.096835614690485738e-01
2.188931259227930026e-01 4.714232435778120678e-01 3.096836305012377610e-01
2.188931040333096656e-01 4.714231964351200399e-01 3.096836995334131815e-01
2.188930821438307139e-01 4.714231492924373934e-01 3.096837685655747796e-01
2.188930602543561477e-01 4.714231021497641838e-01 3.096838375977225555e-01
2.188930383648859390e-01 4.714230550071003556e-01 3.096839066298565646e-01
2.188930164754201158e-01 4.714230078644460198e-01 3.096839756619766959e-01
2.188929945859586779e-01 4.714229607218011209e-01 3.096840446940831160e-01
2.188929726965016254e-01 4.714229135791656033e-01 3.096841137261756582e-01
2.188929508070489305e-01 4.714228664365395227e-01 3.096841827582544338e-01
2.188929289176006210e-01 4.714228192939228790e-01 3.096842517903193315e-01
2.188929070281566969e-01 4.714227721513156721e-01 3.096843208223705179e-01
2.188928851387171581e-01 4.714227250087179022e-01 3.096843898544078266e-01
2.188928632492819770e-01 4.714226778661295136e-01 3.096844588864313685e-01
2.188928413598511813e-01 4.714226307235506175e-01 3.096845279184410882e-01
2.188928194704247709e-01 4.714225835809811027e-01 3.096845969504369855e-01
2.188927975810027182e-01 4.714225364384210248e-01 3.096846659824191161e-01
2.188927756915850509e-01 4.714224892958703839e-01 3.096847350143874245e-01
2.188927538021717689e-01 4.714224421533291798e-01 3.096848040463419105e-01
2.188927319127628723e-01 4.714223950107974126e-01 3.096848730782825743e-01
2.188927100233583611e-01 4.714223478682750268e-01 3.096849421102094713e-01
2.188926881339582076e-01 4.714223007257621334e-01 3.096850111421225460e-01
2.188926662445624394e-01 4.714222535832586214e-01 3.096850801740218539e-01
2.188926443551710288e-01 4.714222064407645463e-01 3.096851492059072841e-01
2.188926224657840036e-01 4.714221592982799081e-01 3.096852182377789475e-01
2.188926005764013638e-01 4.714221121558047067e-01 3.096852872696367887e-01
2.188925786870231094e-01 4.714220650133388868e-01 3.096853563014808630e-01
2.188925567976492403e-01 4.714220178708825593e-01 3.096854253333111151e-01
2.188925349082797289e-01 4.714219707284356131e-01 3.096854943651275449e-01
2.188925130189146029e-01 4.714219235859981039e-01 3.096855633969301524e-01
2.188924911295538622e-01 4.714218764435700315e-01 3.096856324287189932e-01
2.188924692401974792e-01 4.714218293011513961e-01 3.096857014604939562e-01
2.188924473508454815e-01 4.714217821587421975e-01 3.096857704922552079e-01
2.188924254614978693e-01 4.714217350163423803e-01 3.096858395240025819e-01
2.188924035721546424e-01 4.714216878739520555e-01 3.096859085557361890e-01
2.188923816828157731e-01 4.714216407315711121e-01 3.096859775874559739e-01
2.188923597934812892e-01 4.714215935891996057e-01 3.096860466191619365e-01
2.188923379041511907e-01 4.714215464468375361e-01 3.096861156508541324e-01
2.188923160148254776e-01 4.714214993044849034e-01 3.096861846825325060e-01
2.188922941255041221e-01 4.714214521621417076e-01 3.096862537141970573e-01
2.188922722361871520e-01 4.714214050198078931e-01 3.096863227458477863e-01
2.188922503468745673e-01 4.714213578774835711e-01 3.096863917774847486e-01
2.188922284575663402e-01 4.714213107351686305e-01 3.096864608091078885e-01
2.188922065682624984e-01 4.714212635928631268e-01 3.096865298407172062e-01
2.188921846789630421e-01 4.714212164505670599e-01 3.096865988723127572e-01
2.188921627896679711e-01 4.714211693082804300e-01 3.096866679038944858e-01
2.188921409003772578e-01 4.714211221660031814e-01 3.096867369354623922e-01
2.188921190110909576e-01 4.714210750237354253e-01 3.096868059670165318e-01
2.188920971218089873e-01 4.714210278814770505e-01 3.096868749985567937e-01
2.188920752325314301e-01 4.714209807392281126e-01 3.096869440300832887e-01
2.188920533432582305e-01 4.714209335969886117e-01 3.096870130615960170e-01
2.188920314539894163e-01 4.714208864547585476e-01 3.096870820930948676e-01
2.188920095647249875e-01 4.714208393125379204e-01 3.096871511245799513e-01
2.188919876754649441e-01 4.714207921703266746e-01 3.096872201560512683e-01
2.188919657862092583e-01 4.714207450281249212e-01 3.096872891875087075e-01
2.188919438969579578e-01 4.714206978859325492e-01 3.096873582189523799e-01
2.188919220077110150e-01 4.714206507437496141e-01 3.096874272503822301e-01
2.188919001184684854e-01 4.714206036015761159e-01 3.096874962817982579e-01
2.188918782292303133e-01 4.714205564594120546e-01 3.096875653132005191e-01
2.188918563399965267e-01 4.714205093172573746e-01 3.096876343445889579e-01
2.188918344507670977e-01 4.714204621751121871e-01 3.096877033759635744e-01
2.188918125615420818e-01 4.714204150329763809e-01 3.096877724073244242e-01
2.188917906723214235e-01 4.714203678908500117e-01 3.096878414386713962e-01
2.188917687831051506e-01 4.714203207487330793e-01 3.096879104700046015e-01
2.188917468938932354e-01 4.714202736066255839e-01 3.096879795013240400e-01
2.188917250046857055e-01 4.714202264645275253e-01 3.096880485326296006e-01
2.188917031154825610e-01 4.714201793224388481e-01 3.096881175639213946e-01
2.188916812262838019e-01 4.714201321803596634e-01 3.096881865951994217e-01
2.188916593370894004e-01 4.714200850382898600e-01 3.096882556264635711e-01
2.188916374478994120e-01 4.714200378962294935e-01 3.096883246577139537e-01
2.188916162253811137e-01 4.714199907541785639e-01 3.096883930222831816e-01
2.188915950028670621e-01 4.714199436121370712e-01 3.096884613868386982e-01
2.188915737803572847e-01 4.714198964701050154e-01 3.096885297513805591e-01
2.188915532245188367e-01 4.714198493280823410e-01 3.096885974492416538e-01
2.188915326686844964e-01 4.714198021860691590e-01 3.096886651470892038e-01
2.188915121128542640e-01 4.714197550440653584e-01 3.096887328449232646e-01
2.188914915570281672e-01 4.714197079020709946e-01 3.096888005427437252e-01
2.188914710012061504e-01 4.714196607600860678e-01 3.096888682405506410e-01
2.188914504453882692e-01 4.714196136181105223e-01 3.096889359383440676e-01
2.188914298895744681e-01 4.714195664761444693e-01 3.096890036361238940e-01
2.188914093337648026e-01 4.714195193341877976e-01 3.096890713338902312e-01
