1.448101236148600750e-02 9.836644552988398349e-01 1.854532359952360552e-03
1.448101124670717922e-02 9.836644565990736444e-01 1.854532174497307111e-03
1.448101013192857299e-02 9.836644578993072319e-01 1.854531989042290750e-03
1.448100901715019054e-02 9.836644591995404863e-01 1.854531803587311468e-03
1.448100790237203186e-02 9.836644604997735186e-01 1.854531618132369266e-03
1.448100678759409524e-02 9.836644618000063289e-01 1.854531432677464144e-03
1.448100567281638065e-02 9.836644631002388062e-01 1.854531247222596319e-03
1.448100455803889158e-02 9.836644644004711724e-01 1.854531061767765356e-03
1.448100344326162282e-02 9.836644657007030945e-01 1.854530876312971473e-03
1.448100232848457784e-02 9.836644670009349056e-01 1.854530690858214887e-03
1.448100121370775664e-02 9.836644683011663837e-01 1.854530505403495164e-03
1.448100043226742406e-02 9.836644692680613922e-01 1.854530319948812520e-03
1.448099965082724760e-02 9.836644702349562897e-01 1.854530134494167173e-03
1.448099886938722727e-02 9.836644712018510761e-01 1.854529949039558905e-03
1.448099808794736480e-02 9.836644721687455295e-01 1.854529763584987501e-03
1.448099730650765672e-02 9.836644731356398719e-01 1.854529578130453393e-03
1.448099652506810477e-02 9.836644741025339922e-01 1.854529392675956364e-03
1.448099574362871067e-02 9.836644750694278905e-01 1.854529207221496199e-03
1.448099462885343858e-02 9.836644763696575922e-01 1.854529021767073330e-03
1.448099351407839026e-02 9.836644776698869608e-01 1.854528836312687541e-03
1.448099239930356573e-02 9.836644789701159963e-01 1.854528650858338831e-03
1.448099128452896324e-02 9.836644802703449209e-01 1.854528465404027202e-03
1.448099016975458279e-02 9.836644815705735123e-01 1.854528279949752652e-03
1.448098905498042613e-02 9.836644828708018817e-01 1.854528094495515181e-03
1.448098827354232614e-02 9.836644835043583113e-01 1.854528242377148336e-03
1.448098749210438053e-02 9.836644841379146298e-01 1.854528390258751783e-03
1.448098704400236150e-02 9.836644844381351449e-01 1.854528538140325740e-03
1.448098659590043094e-02 9.836644847383554380e-01 1.854528686021869989e-03
1.448098614779859059e-02 9.836644850385757310e-01 1.854528833903384749e-03
1.448098536636117234e-02 9.836644856721317165e-01 1.854528981784870018e-03
1.448098458492390848e-02 9.836644863056874799e-01 1.854529129666325580e-03
1.448098380348680249e-02 9.836644869392432433e-01 1.854529277547751652e-03
1.448098302204985088e-02 9.836644875727987847e-01 1.854529425429148016e-03
1.448098224061305714e-02 9.836644882063542150e-01 1.854529573310514890e-03
1.448098145917641952e-02 9.836644888399095343e-01 1.854529721191852274e-03
1.448098034440447116e-02 9.836644898068003240e-01 1.854529869073159951e-03
1.448097922963274657e-02 9.836644907736907806e-01 1.854530016954438138e-03
1.448097811486124403e-02 9.836644917405811261e-01 1.854530164835686617e-03
1.448097700008996527e-02 9.836644927074712497e-01 1.854530312716905606e-03
1.448097588531890856e-02 9.836644936743611511e-01 1.854530460598095105e-03
1.448097477054807562e-02 9.836644946412509416e-01 1.854530608479254897e-03
1.448097365577746647e-02 9.836644952748051507e-01 1.854531089695651922e-03
1.448097254100707935e-02 9.836644959083592488e-01 1.854531570911952670e-03
1.448097142623691429e-02 9.836644965419132358e-01 1.854532052128157141e-03
1.448097031146697300e-02 9.836644971754671118e-01 1.854532533344265552e-03
1.448096919669725549e-02 9.836644978090208769e-01 1.854533014560277469e-03
1.448096808192776003e-02 9.836644984425744198e-01 1.854533495776193325e-03
1.448096696715848834e-02 9.836644990761279628e-01 1.854533976992012905e-03
1.448096585238943870e-02 9.836645000430163099e-01 1.854534124872702803e-03
1.448096473762061284e-02 9.836645010099045461e-01 1.854534272753362995e-03
1.448096362285200903e-02 9.836645019767926712e-01 1.854534420633993912e-03
1.448096284141856156e-02 9.836645026103455480e-01 1.854534568514594906e-03
1.448096205998527022e-02 9.836645032438982028e-01 1.854534716395166627e-03
1.448096094521726836e-02 9.836645042107857728e-01 1.854534864275708640e-03
1.448095983044949027e-02 9.836645051776731208e-01 1.854535012156220946e-03
1.448095871568193423e-02 9.836645061445602467e-01 1.854535160036703979e-03
1.448095760091460196e-02 9.836645071114472616e-01 1.854535307917157087e-03
1.448095648614749348e-02 9.836645080783339434e-01 1.854535455797580923e-03
1.448095537138060704e-02 9.836645090452205142e-01 1.854535603677975051e-03
1.448095425661394264e-02 9.836645100121068630e-01 1.854535751558339472e-03
1.448095314184750203e-02 9.836645109789931007e-01 1.854535899438674619e-03
1.448095202708128519e-02 9.836645116125444233e-01 1.854536380653579999e-03
1.448095091231529040e-02 9.836645122460956348e-01 1.854536861868389319e-03
1.448094979754951765e-02 9.836645128796467352e-01 1.854537343083102145e-03
1.448094868278396868e-02 9.836645135131976136e-01 1.854537824297718910e-03
1.448094756801864350e-02 9.836645141467484921e-01 1.854538305512239398e-03
1.448094645325354035e-02 9.836645147802991485e-01 1.854538786726663826e-03
1.448094533848866099e-02 9.836645154138498048e-01 1.854539267940991760e-03
1.448094422372400367e-02 9.836645160474002392e-01 1.854539749155223634e-03
1.448094310895957013e-02 9.836645170142849226e-01 1.854539897035025571e-03
1.448094199419535863e-02 9.836645179811693840e-01 1.854540044914798234e-03
1.448094087943137091e-02 9.836645189480537343e-01 1.854540192794541190e-03
1.448093976466760524e-02 9.836645199149378627e-01 1.854540340674254656e-03
1.448093864990406335e-02 9.836645212151559070e-01 1.854540155219738329e-03
1.448093753514074350e-02 9.836645225153736183e-01 1.854539969765259082e-03
1.448093642037764743e-02 9.836645238155911075e-01 1.854539784310817131e-03
1.448093530561477514e-02 9.836645251158082637e-01 1.854539598856412043e-03
1.448093419085212490e-02 9.836645260826912818e-01 1.854539746736110981e-03
1.448093307608969670e-02 9.836645270495741888e-01 1.854539894615780211e-03
1.448093196132749227e-02 9.836645280164567628e-01 1.854540042495419951e-03
1.448093051323154530e-02 9.836645293166731419e-01 1.854540190375029984e-03
1.448092906513588629e-02 9.836645306168890768e-01 1.854540338254610527e-03
1.448092761704051872e-02 9.836645319171049007e-01 1.854540486134161580e-03
1.448092616894544084e-02 9.836645332173203915e-01 1.854540634013682925e-03
1.448092472085065092e-02 9.836645348508694653e-01 1.854540448559341371e-03
1.448092327275615245e-02 9.836645364844183170e-01 1.854540263105036897e-03
1.448092182466194193e-02 9.836645381179667247e-01 1.854540077650769503e-03
1.448092037656802111e-02 9.836645397515149103e-01 1.854539892196539188e-03
1.448091892847439173e-02 9.836645413850627628e-01 1.854539706742345953e-03
1.448091748038105031e-02 9.836645430186102823e-01 1.854539521288189798e-03
1.448091603228799859e-02 9.836645446521573577e-01 1.854539335834070723e-03
1.448091458419523657e-02 9.836645462857042110e-01 1.854539150379988944e-03
1.448091313610276425e-02 9.836645479192507313e-01 1.854538964925944028e-03
1.448091168801058336e-02 9.836645495527969185e-01 1.854538779471936192e-03
1.448091023991869043e-02 9.836645511863427727e-01 1.854538594017965652e-03
1.448090879182708721e-02 9.836645528198882937e-01 1.854538408564031975e-03
1.448090734373577368e-02 9.836645544534335928e-01 1.854538223110135595e-03
1.448090589564474812e-02 9.836645560869784477e-01 1.854538037656276077e-03
1.448090444755401399e-02 9.836645577205229696e-01 1.854537852202453856e-03
1.448090299946356956e-02 9.836645593540672694e-01 1.854537666748668498e-03
