1.623989107526967457e-01 5.548267107889200966e-01 2.827743784643704794e-01
1.623988945126464967e-01 5.548267553066852376e-01 2.827743501866555320e-01
1.623988782725995228e-01 5.548267998244416077e-01 2.827743219089461912e-01
1.623988620325557963e-01 5.548268443421889851e-01 2.827742936312425681e-01
1.623988457925153173e-01 5.548268888599274806e-01 2.827742653535445516e-01
1.623988295524780856e-01 5.548269333776569834e-01 2.827742370758521973e-01
1.623988133124441013e-01 5.548269778953777154e-01 2.827742087981655050e-01
1.623987970724133645e-01 5.548270224130894546e-01 2.827741805204844749e-01
1.623987808323858473e-01 5.548270669307923120e-01 2.827741522428091070e-01
1.623987645923616052e-01 5.548271114484862876e-01 2.827741239651394012e-01
1.623987483523406106e-01 5.548271559661713814e-01 2.827740956874753020e-01
1.623987321123228633e-01 5.548272004838474825e-01 2.827740674098169205e-01
1.623987158723083635e-01 5.548272450015148127e-01 2.827740391321641455e-01
1.623986996322971110e-01 5.548272895191731502e-01 2.827740108545170328e-01
1.623986833922891060e-01 5.548273340368226059e-01 2.827739825768755821e-01
1.623986671522843761e-01 5.548273785544630687e-01 2.827739542992397936e-01
1.623986509122828659e-01 5.548274230720947608e-01 2.827739260216096673e-01
1.623986346722846030e-01 5.548274675897174602e-01 2.827738977439852031e-01
1.623986184322895876e-01 5.548275121073313887e-01 2.827738694663663455e-01
1.623986021922978196e-01 5.548275566249362134e-01 2.827738411887532055e-01
1.623985859523092989e-01 5.548276011425322674e-01 2.827738129111456722e-01
1.623985697123240535e-01 5.548276456601194395e-01 2.827737846335438565e-01
1.623985534723420276e-01 5.548276901776976189e-01 2.827737563559476475e-01
1.623985372323632492e-01 5.548277346952669165e-01 2.827737280783571006e-01
1.623985209923877182e-01 5.548277792128273322e-01 2.827736998007722158e-01
1.623985047524154623e-01 5.548278237303788663e-01 2.827736715231929376e-01
1.623984885124464261e-01 5.548278682479215185e-01 2.827736432456193771e-01
1.623984722724806373e-01 5.548279127654551779e-01 2.827736149680514788e-01
1.623984560325181237e-01 5.548279572829799555e-01 2.827735866904891870e-01
1.623984397925588297e-01 5.548280018004958514e-01 2.827735584129325574e-01
1.623984235526028108e-01 5.548280463180028654e-01 2.827735301353816455e-01
1.623984073126500116e-01 5.548280908355009977e-01 2.827735018578363402e-01
1.623983910727004598e-01 5.548281353529901372e-01 2.827734735802966970e-01
1.623983748327541832e-01 5.548281798704703949e-01 2.827734453027627159e-01
1.623983585928111262e-01 5.548282243879417708e-01 2.827734170252343415e-01
1.623983423528713443e-01 5.548282689054042649e-01 2.827733887477116848e-01
1.623983261129348099e-01 5.548283134228578772e-01 2.827733604701946346e-01
1.623983098730014951e-01 5.548283579403024968e-01 2.827733321926833021e-01
1.623982936330714555e-01 5.548284024577382345e-01 2.827733039151775762e-01
1.623982773931446355e-01 5.548284469751650905e-01 2.827732756376775125e-01
1.623982611532210907e-01 5.548284914925830646e-01 2.827732473601831109e-01
1.623982449133007933e-01 5.548285360099921570e-01 2.827732190826943715e-01
1.623982286733837155e-01 5.548285805273922566e-01 2.827731908052112941e-01
1.623982124334699129e-01 5.548286250447834744e-01 2.827731625277338234e-01
1.623981961935593576e-01 5.548286695621658104e-01 2.827731342502620704e-01
1.623981799536520221e-01 5.548287140795392647e-01 2.827731059727959240e-01
1.623981637137479617e-01 5.548287585969038371e-01 2.827730776953354952e-01
1.623981474738471487e-01 5.548288031142594168e-01 2.827730494178806731e-01
1.623981322339546896e-01 5.548288466316011469e-01 2.827730211404315130e-01
1.623981169940652558e-01 5.548288901489341063e-01 2.827729928629880152e-01
1.623981017541788752e-01 5.548289336662582949e-01 2.827729645855501794e-01
1.623980875143003488e-01 5.548289761835690781e-01 2.827729363081179503e-01
1.623980742744293715e-01 5.548290177008665669e-01 2.827729080306914389e-01
1.623980600345564518e-01 5.548290602181603637e-01 2.827728797532705340e-01
1.623980457946863631e-01 5.548291027354457228e-01 2.827728514758553469e-01
1.623980315548191333e-01 5.548291452527226442e-01 2.827728231984457663e-01
1.623980173149547623e-01 5.548291877699909058e-01 2.827727949210418479e-01
1.623980030750932224e-01 5.548292302872507298e-01 2.827727666436435916e-01
1.623979908352427282e-01 5.548292708044938459e-01 2.827727383662509975e-01
1.623979785953947041e-01 5.548293113217288575e-01 2.827727100888640654e-01
1.623979663555490949e-01 5.548293518389557644e-01 2.827726818114827401e-01
1.623979531157021539e-01 5.548293933561783131e-01 2.827726535341071323e-01
1.623979398758578496e-01 5.548294348733925352e-01 2.827726252567371312e-01
1.623979266360162099e-01 5.548294763905985416e-01 2.827725969793727923e-01
1.623979123961737103e-01 5.548295189077997458e-01 2.827725687020141709e-01
1.623978981563340696e-01 5.548295614249924013e-01 2.827725404246611562e-01
1.623978839164972598e-01 5.548296039421766190e-01 2.827725121473138037e-01
1.623978696766632812e-01 5.548296464593522881e-01 2.827724838699720578e-01
1.623978564368352973e-01 5.548296879765163281e-01 2.827724555926360295e-01
1.623978441970129194e-01 5.548297284936690721e-01 2.827724273153056633e-01
1.623978319571930118e-01 5.548297690108137115e-01 2.827723990379809038e-01
1.623978197173755467e-01 5.548298095279503572e-01 2.827723707606618064e-01
1.623978074775605240e-01 5.548298500450787873e-01 2.827723424833483712e-01
1.623977952377479717e-01 5.548298905621991128e-01 2.827723142060406536e-01
1.623977829979378618e-01 5.548299310793113337e-01 2.827722859287384871e-01
1.623977687581253659e-01 5.548299735964202783e-01 2.827722576514420383e-01
1.623977545183157567e-01 5.548300161135207853e-01 2.827722293741512516e-01
1.623977412785111707e-01 5.548300576306104404e-01 2.827722010968661270e-01
1.623977280387092492e-01 5.548300991476918798e-01 2.827721728195866091e-01
1.623977147989099645e-01 5.548301406647649925e-01 2.827721445423127533e-01
1.623977015591133444e-01 5.548301821818297785e-01 2.827721162650446152e-01
1.623976873193175574e-01 5.548302246988880970e-01 2.827720879877820837e-01
1.623976720795229090e-01 5.548302682159396149e-01 2.827720597105252143e-01
1.623976568397313136e-01 5.548303117329824730e-01 2.827720314332740070e-01
1.623976415999427714e-01 5.548303552500165603e-01 2.827720031560284064e-01
1.623976263601572823e-01 5.548303987670419879e-01 2.827719748787885234e-01
1.623976111203748185e-01 5.548304422840587558e-01 2.827719466015542471e-01
1.623975958805954356e-01 5.548304858010667528e-01 2.827719183243256884e-01
1.623975796408179684e-01 5.548305303180671721e-01 2.827718900471027363e-01
1.623975634010437763e-01 5.548305748350585986e-01 2.827718617698854464e-01
1.623975471612728316e-01 5.548306193520411433e-01 2.827718334926738186e-01
1.623975309215051066e-01 5.548306638690149173e-01 2.827718052154678530e-01
1.623975146817406567e-01 5.548307073859789496e-01 2.827717779382682428e-01
1.623974984419794543e-01 5.548307509029343221e-01 2.827717506610740172e-01
1.623974822022214715e-01 5.548307944198810349e-01 2.827717233838853428e-01
1.623974659624667638e-01 5.548308379368190879e-01 2.827716961067020529e-01
1.623974497227153035e-01 5.548308824537485640e-01 2.827716678295239539e-01
1.623974334829670629e-01 5.548309259706690755e-01 2.827716405523517107e-01
1.623974172432220975e-01 5.548309694875808162e-01 2.827716132751849076e-01
1.623974010034803794e-01 5.548310130044838973e-01 2.827715859980235447e-01
