2.574774530280236062e-01 5.602797487722329661e-01 1.822427982048205053e-01
2.574775272810059801e-01 5.602796927437089236e-01 1.822427799803620907e-01
2.574776015339734769e-01 5.602796367151962054e-01 1.822427617559073121e-01
2.574776757869261523e-01 5.602795806866947004e-01 1.822427435314561694e-01
2.574777500398640062e-01 5.602795246582042976e-01 1.822427253070086905e-01
2.574778242927869831e-01 5.602794686297252191e-01 1.822427070825648476e-01
2.574778985456950831e-01 5.602794126012572429e-01 1.822426888581246684e-01
2.574779727985883615e-01 5.602793565728005909e-01 1.822426706336880975e-01
2.574780470514667630e-01 5.602793005443550411e-01 1.822426524092552180e-01
2.574781213043303429e-01 5.602792445159207047e-01 1.822426341848259468e-01
2.574781955571791014e-01 5.602791884874975814e-01 1.822426159604003393e-01
2.574782698100129275e-01 5.602791324590856714e-01 1.822425977359783678e-01
2.574783440628319875e-01 5.602790764306849747e-01 1.822425795115600322e-01
2.574784183156361150e-01 5.602790204022954912e-01 1.822425612871453604e-01
2.574784925684254211e-01 5.602789643739172210e-01 1.822425430627343246e-01
2.574785668211999057e-01 5.602789083455501640e-01 1.822425248383269247e-01
2.574786410739595133e-01 5.602788523171943202e-01 1.822425066139231886e-01
2.574787153267042994e-01 5.602787962888496898e-01 1.822424883895230607e-01
2.574787895794342085e-01 5.602787402605161615e-01 1.822424701651266243e-01
2.574788638321492962e-01 5.602786842321939575e-01 1.822424519407337962e-01
2.574789360848336872e-01 5.602786282038828558e-01 1.822424357163604514e-01
2.574790083375036454e-01 5.602785721755830783e-01 1.822424194919903262e-01
2.574790805901591706e-01 5.602785161472944031e-01 1.822424032676234484e-01
2.574791528428002074e-01 5.602784601190169411e-01 1.822423870432598181e-01
2.574792250954268114e-01 5.602784040907508034e-01 1.822423708188994351e-01
2.574792973480389824e-01 5.602783480624957679e-01 1.822423545945422996e-01
2.574793696006366650e-01 5.602782920342519457e-01 1.822423383701883837e-01
2.574794418532199702e-01 5.602782360060193367e-01 1.822423221458377429e-01
2.574795141057887315e-01 5.602781799777979410e-01 1.822423059214903496e-01
2.574795863583431155e-01 5.602781239495877585e-01 1.822422896971461759e-01
2.574796586108830110e-01 5.602780679213886783e-01 1.822422734728052496e-01
2.574797308634084736e-01 5.602780118932009223e-01 1.822422572484675984e-01
2.574798031159194478e-01 5.602779558650243796e-01 1.822422410241331669e-01
2.574798753684160446e-01 5.602778998368589392e-01 1.822422247998019829e-01
2.574799476208980975e-01 5.602778438087048229e-01 1.822422085754740462e-01
2.574800198733657730e-01 5.602777877805619200e-01 1.822421923511493569e-01
2.574800921258189601e-01 5.602777317524301193e-01 1.822421761268279150e-01
2.574801643782577143e-01 5.602776757243095318e-01 1.822421599025097205e-01
2.574802366306820356e-01 5.602776196962002686e-01 1.822421436781947457e-01
2.574803088830918685e-01 5.602775636681021076e-01 1.822421274538830460e-01
2.574803811354872685e-01 5.602775076400151599e-01 1.822421112295745660e-01
2.574804533878682355e-01 5.602774516119394255e-01 1.822420950052693611e-01
2.574805256402347142e-01 5.602773955838749043e-01 1.822420787809673759e-01
2.574805978925867600e-01 5.602773395558215963e-01 1.822420625566686381e-01
2.574806701449243729e-01 5.602772835277795016e-01 1.822420463323731477e-01
2.574807423972474973e-01 5.602772274997486202e-01 1.822420301080809046e-01
2.574808146495561889e-01 5.602771714717288409e-01 1.822420138837919090e-01
2.574808869018504476e-01 5.602771154437203860e-01 1.822419976595061608e-01
2.574809591541302733e-01 5.602770594157231443e-01 1.822419814352236600e-01
2.574810314063956107e-01 5.602770033877370048e-01 1.822419652109443788e-01
2.574811036586464597e-01 5.602769473597620786e-01 1.822419489866683728e-01
2.574811739108733288e-01 5.602768913317984767e-01 1.822419347624051889e-01
2.574812441630860982e-01 5.602768353038459770e-01 1.822419205381448637e-01
2.574813144152848787e-01 5.602767792759046905e-01 1.822419063138873974e-01
2.574813846674695594e-01 5.602767232479747284e-01 1.822418920896327621e-01
2.574814549196401958e-01 5.602766672200558684e-01 1.822418778653809579e-01
2.574815231717881847e-01 5.602766111921482217e-01 1.822418656411406157e-01
2.574815894239140812e-01 5.602765551642517883e-01 1.822418554169111249e-01
2.574816556760267661e-01 5.602764991363665681e-01 1.822418451926836602e-01
2.574817219281262393e-01 5.602764431084924501e-01 1.822418349684582495e-01
2.574817861802046193e-01 5.602763870806296564e-01 1.822418267442426909e-01
2.574818504322701207e-01 5.602763310527780760e-01 1.822418185200287699e-01
2.574819126843154171e-01 5.602762750249377088e-01 1.822418122958238962e-01
2.574819729363410636e-01 5.602762189971084439e-01 1.822418080716274591e-01
2.574820331883546087e-01 5.602761629692905032e-01 1.822418038474318547e-01
2.574820914403493366e-01 5.602761069414836648e-01 1.822418016232439097e-01
2.574821496923324071e-01 5.602760509136880396e-01 1.822417993990563811e-01
2.574822039442910548e-01 5.602759948859037387e-01 1.822418011748821454e-01
2.574822581962388224e-01 5.602759388581305400e-01 1.822418029507075210e-01
2.574823144481817039e-01 5.602758828303685545e-01 1.822418027265265417e-01
2.574823707001133721e-01 5.602758268026177824e-01 1.822418025023456178e-01
2.574824289520394327e-01 5.602757707748782234e-01 1.822418002781591162e-01
2.574824872039537804e-01 5.602757147471498778e-01 1.822417980539730864e-01
2.574825454558564708e-01 5.602756587194327453e-01 1.822417958297874729e-01
2.574826017077425644e-01 5.602756026917268262e-01 1.822417956056073263e-01
2.574826579596173892e-01 5.602755466640320092e-01 1.822417953814272351e-01
2.574827142114809453e-01 5.602754906363485166e-01 1.822417951572471717e-01
2.574827724633376724e-01 5.602754346086762371e-01 1.822417929330627517e-01
2.574828307151827422e-01 5.602753785810150600e-01 1.822417907088787759e-01
2.574828909670201504e-01 5.602753225533652071e-01 1.822417864846912483e-01
2.574829512188455127e-01 5.602752665257264564e-01 1.822417822605045812e-01
2.574830114706588291e-01 5.602752104980989190e-01 1.822417780363187190e-01
2.574830717224600996e-01 5.602751544704827058e-01 1.822417738121337449e-01
2.574831319742493241e-01 5.602750984428775949e-01 1.822417695879495758e-01
2.574831922260265027e-01 5.602750424152836972e-01 1.822417653637662671e-01
2.574832524777916354e-01 5.602749863877010128e-01 1.822417611395838188e-01
2.574833127295446666e-01 5.602749303601295416e-01 1.822417569154022032e-01
2.574833729812857075e-01 5.602748743325692837e-01 1.822417526912214203e-01
2.574834352330168663e-01 5.602748183050202391e-01 1.822417464670393339e-01
2.574834994847375880e-01 5.602747622774822966e-01 1.822417382428564714e-01
2.574835637364454310e-01 5.602747062499556785e-01 1.822417300186752465e-01
2.574836279881404510e-01 5.602746502224402736e-01 1.822417217944956869e-01
2.574836922398226480e-01 5.602745941949359709e-01 1.822417135703177371e-01
2.574837584914931310e-01 5.602745381674429925e-01 1.822417033461402602e-01
2.574838227431494042e-01 5.602744821399611164e-01 1.822416951219658354e-01
2.574838869947928544e-01 5.602744261124905645e-01 1.822416868977930482e-01
2.574839512464234259e-01 5.602743700850311148e-01 1.822416786736218985e-01
2.574840154980411189e-01 5.602743140575828784e-01 1.822416704494523865e-01
2.574840797496459888e-01 5.602742580301458553e-01 1.822416622252845120e-01
2.574841420012379811e-01 5.602742020027200454e-01 1.822416560011183018e-01
