1.116589614251050633e-01 6.118114809376768992e-01 2.765295576411666567e-01
1.116589502590994987e-01 6.118114197559292311e-01 2.765296299889198894e-01
1.116589390930961545e-01 6.118113585741937754e-01 2.765297023366586338e-01
1.116589279270950585e-01 6.118112973924705322e-01 2.765297746843829452e-01
1.116589167610961830e-01 6.118112362107596125e-01 2.765298470320928237e-01
1.116589055950995418e-01 6.118111750290609052e-01 2.765299193797881583e-01
1.116588944291051488e-01 6.118111138473744104e-01 2.765299917274690600e-01
1.116588832631129763e-01 6.118110526657001280e-01 2.765300640751354733e-01
1.116588720971230381e-01 6.118109914840380581e-01 2.765301364227874537e-01
1.116588609311353342e-01 6.118109303023883117e-01 2.765302087704249456e-01
1.116588497651498646e-01 6.118108691207507777e-01 2.765302811180479492e-01
1.116588385991666293e-01 6.118108079391254561e-01 2.765303534656564644e-01
1.116588274331856284e-01 6.118107467575123470e-01 2.765304258132505466e-01
1.116588162672068479e-01 6.118106855759115614e-01 2.765304981608301960e-01
1.116588051012303157e-01 6.118106243943229883e-01 2.765305705083953014e-01
1.116587939352560038e-01 6.118105632127466276e-01 2.765306428559459739e-01
1.116587827692839402e-01 6.118105020311824793e-01 2.765307152034821581e-01
1.116587716033140970e-01 6.118104408496305435e-01 2.765307875510039093e-01
1.116587604373465020e-01 6.118103796680909312e-01 2.765308598985111721e-01
1.116587492713811275e-01 6.118103184865635313e-01 2.765309322460039465e-01
1.116587381054179873e-01 6.118102573050483439e-01 2.765310045934822880e-01
1.116587269394570814e-01 6.118101961235453690e-01 2.765310769409461411e-01
1.116587157734984098e-01 6.118101349420546065e-01 2.765311492883955058e-01
1.116587046075419726e-01 6.118100737605761674e-01 2.765312216358304376e-01
1.116586934415877697e-01 6.118100125791099408e-01 2.765312939832508810e-01
1.116586822756358011e-01 6.118099513976559267e-01 2.765313663306568359e-01
1.116586711096860529e-01 6.118098902162142361e-01 2.765314386780483580e-01
1.116586599437385530e-01 6.118098290347846469e-01 2.765315110254253916e-01
1.116586487777932735e-01 6.118097678533673811e-01 2.765315833727879369e-01
1.116586376118502422e-01 6.118097066719623278e-01 2.765316557201360492e-01
1.116586264459094313e-01 6.118096454905694870e-01 2.765317280674696732e-01
1.116586152799708548e-01 6.118095843091888586e-01 2.765318004147888087e-01
1.116586041140345126e-01 6.118095231278205537e-01 2.765318727620935113e-01
1.116585929481004186e-01 6.118094619464644612e-01 2.765319451093837255e-01
1.116585817821685450e-01 6.118094007651205812e-01 2.765320174566594513e-01
1.116585706162388919e-01 6.118093395837889137e-01 2.765320898039207442e-01
1.116585594503114870e-01 6.118092784024695696e-01 2.765321621511675487e-01
1.116585482843863164e-01 6.118092172211623270e-01 2.765322344983998648e-01
1.116585371184633801e-01 6.118091560398674078e-01 2.765323068456177480e-01
1.116585259525426643e-01 6.118090968585967460e-01 2.765323771928091534e-01
1.116585147866241967e-01 6.118090376773378525e-01 2.765324475399864590e-01
1.116585036207079495e-01 6.118089784960907274e-01 2.765325178871497203e-01
1.116584924547939506e-01 6.118089193148554816e-01 2.765325882342989372e-01
1.116584812888821721e-01 6.118088601336321153e-01 2.765326585814340543e-01
1.116584701229726279e-01 6.118087989524095827e-01 2.765327309285660617e-01
1.116584589570653180e-01 6.118087377711993735e-01 2.765328032756836918e-01
1.116584477911602424e-01 6.118086765900012658e-01 2.765328756227867779e-01
1.116584366252574012e-01 6.118086154088154816e-01 2.765329479698754311e-01
1.116584254593567943e-01 6.118085542276419098e-01 2.765330203169495960e-01
1.116584142934584217e-01 6.118084930464806614e-01 2.765330926640093279e-01
1.116584031275622835e-01 6.118084318653315146e-01 2.765331650110545159e-01
1.116583919616683657e-01 6.118083706841946912e-01 2.765332373580853265e-01
1.116583807957766961e-01 6.118083095030700802e-01 2.765333097051015931e-01
1.116583696298872469e-01 6.118082483219576817e-01 2.765333820521034269e-01
1.116583584640000459e-01 6.118081871408574957e-01 2.765334543990907723e-01
1.116583472981150654e-01 6.118081259597696331e-01 2.765335267460636848e-01
1.116583361322323192e-01 6.118080647786939830e-01 2.765335990930221088e-01
1.116583249663518074e-01 6.118080035976305453e-01 2.765336714399660445e-01
1.116583138004735298e-01 6.118079424165793201e-01 2.765337437868954917e-01
1.116583026345974866e-01 6.118078812355403073e-01 2.765338161338105061e-01
1.116582914687236777e-01 6.118078200545136180e-01 2.765338884807110320e-01
1.116582803028521031e-01 6.118077588734991412e-01 2.765339608275971250e-01
1.116582691369827629e-01 6.118076976924968768e-01 2.765340331744687297e-01
1.116582579711156570e-01 6.118076365115068249e-01 2.765341055213258459e-01
1.116582468052507715e-01 6.118075753305289854e-01 2.765341778681685292e-01
1.116582356393881342e-01 6.118075141495634695e-01 2.765342502149967241e-01
1.116582244735277174e-01 6.118074529686101659e-01 2.765343225618104306e-01
1.116582133076695349e-01 6.118073917876690748e-01 2.765343949086097042e-01
1.116582021418136006e-01 6.118073306067403072e-01 2.765344672553944894e-01
1.116581909759598867e-01 6.118072694258236410e-01 2.765345396021647861e-01
1.116581798101084072e-01 6.118072082449192983e-01 2.765346119489206500e-01
1.116581686442591620e-01 6.118071470640271681e-01 2.765346842956620255e-01
1.116581574784121511e-01 6.118070858831472503e-01 2.765347566423889125e-01
1.116581463125673607e-01 6.118070247022796559e-01 2.765348289891013667e-01
1.116581351467248184e-01 6.118069635214241631e-01 2.765349013357993324e-01
1.116581239808845105e-01 6.118069023405809936e-01 2.765349736824828097e-01
1.116581128150464230e-01 6.118068411597500367e-01 2.765350460291518542e-01
1.116581016492105838e-01 6.118067799789312922e-01 2.765351183758064102e-01
1.116580904833769650e-01 6.118067187981248711e-01 2.765351907224464778e-01
1.116580793175455943e-01 6.118066576173306625e-01 2.765352630690721125e-01
1.116580681517164442e-01 6.118065964365486664e-01 2.765353354156832588e-01
1.116580569858895283e-01 6.118065352557788827e-01 2.765354077622799722e-01
1.116580458200648468e-01 6.118064740750213115e-01 2.765354801088621417e-01
1.116580346542423996e-01 6.118064128942760638e-01 2.765355524554299338e-01
1.116580234884221867e-01 6.118063517135429175e-01 2.765356248019831820e-01
1.116580123226042082e-01 6.118062905328220946e-01 2.765356971485219972e-01
1.116580011567884639e-01 6.118062293521135953e-01 2.765357694950463241e-01
1.116579899909749402e-01 6.118061681714171973e-01 2.765358418415562181e-01
1.116579788251636646e-01 6.118061069907331229e-01 2.765359141880515681e-01
1.116579676593546094e-01 6.118060458100611498e-01 2.765359865345325407e-01
1.116579564935478025e-01 6.118059846294015003e-01 2.765360588809989695e-01
1.116579453277432160e-01 6.118059234487541742e-01 2.765361312274509653e-01
1.116579341619408638e-01 6.118058622681189496e-01 2.765362035738884727e-01
1.116579229961407460e-01 6.118058010874960484e-01 2.765362759203115472e-01
1.116579118303428764e-01 6.118057399068853597e-01 2.765363482667201334e-01
1.116579006645472272e-01 6.118056787262868834e-01 2.765364206131142311e-01
1.116578894987537984e-01 6.118056175457006196e-01 2.765364929594938959e-01
1.116578783329626179e-01 6.118055563651266793e-01 2.765365653058590167e-01
1.116578671671736717e-01 6.118054951845649514e-01 2.765366376522097602e-01
1.116578560013869598e-01 6.118054340040154360e-01 2.765367099985459598e-01
