4.573503230182526802e-01 2.896734768919242420e-01 2.529762000900855901e-01
4.573502789077881769e-01 2.896734481742951339e-01 2.529762729181793124e-01
4.573502347973324444e-01 2.896734195816729751e-01 2.529763456212572592e-01
4.573501906868855382e-01 2.896733909890565339e-01 2.529764183243206621e-01
4.573501465764474583e-01 2.896733623964458104e-01 2.529764910273694656e-01
4.573501025910193252e-01 2.896733338038408045e-01 2.529765636054026046e-01
4.573500583555976107e-01 2.896733052112415163e-01 2.529766364334235518e-01
4.573500138701825368e-01 2.896732766186480013e-01 2.529767095114322517e-01
4.573499693847763448e-01 2.896732480260601483e-01 2.529767825894262967e-01
4.573499248993790900e-01 2.896732194334780131e-01 2.529768556674057423e-01
4.573498804139906615e-01 2.896731908409015954e-01 2.529769287453705884e-01
4.573498359286111703e-01 2.896731622483309510e-01 2.529770018233208351e-01
4.573497915682416814e-01 2.896731336557659686e-01 2.529770747762553063e-01
4.573497472078810189e-01 2.896731050632067039e-01 2.529771477291752335e-01
4.573497028475291826e-01 2.896730763456520918e-01 2.529772208070816264e-01
4.573496582371842645e-01 2.896730476281032529e-01 2.529772941349755500e-01
4.573496137518491822e-01 2.896730189105601316e-01 2.529773673378536980e-01
4.573495692665230927e-01 2.896729901930227280e-01 2.529774405407171911e-01
4.573495247812058295e-01 2.896729614754910975e-01 2.529775137435660848e-01
4.573494802958975036e-01 2.896729327579651847e-01 2.529775869464003235e-01
4.573494356855971055e-01 2.896729040404450450e-01 2.529776602742209168e-01
4.573493909503045796e-01 2.896728753229306785e-01 2.529777337270278093e-01
4.573493463400220005e-01 2.896728466054219742e-01 2.529778070548190372e-01
4.573493017297483587e-01 2.896728180129200525e-01 2.529778802575946561e-01
4.573492569944826447e-01 2.896727894204237930e-01 2.529779535853566297e-01
4.573492122592259235e-01 2.896727608279333066e-01 2.529780269131038928e-01
4.573491675239780840e-01 2.896727322354484824e-01 2.529781002408365009e-01
4.573491227887392374e-01 2.896727036429694313e-01 2.529781735685544541e-01
4.573490780535092726e-01 2.896726750504960979e-01 2.529782468962577524e-01
4.573490331932874575e-01 2.896726464580284266e-01 2.529783203489471832e-01
4.573489882080737923e-01 2.896726181155682145e-01 2.529783936766211161e-01
4.573489430978681658e-01 2.896725897731137200e-01 2.529784671292812370e-01
4.573488978626708001e-01 2.896725613056639892e-01 2.529785408319283335e-01
4.573488527524832148e-01 2.896725328382199760e-01 2.529786144095598766e-01
4.573488076423046778e-01 2.896725042457808375e-01 2.529786881121774966e-01
4.573487625321351890e-01 2.896724757783482040e-01 2.529787616897796187e-01
4.573487175469755917e-01 2.896724471859205008e-01 2.529788352673669749e-01
4.573486725618249316e-01 2.896724185934985152e-01 2.529789088449396206e-01
4.573486275766833198e-01 2.896723900010823027e-01 2.529789824224975558e-01
4.573485825915506453e-01 2.896723614086717524e-01 2.529790560000407806e-01
4.573485376064270191e-01 2.896723328162669198e-01 2.529791295775692950e-01
4.573484926213123858e-01 2.896723040988670728e-01 2.529792032800838308e-01
4.573484476362067452e-01 2.896722755064737309e-01 2.529792768575829243e-01
4.573484027761107740e-01 2.896722469140860512e-01 2.529793503100665197e-01
4.573483576660223315e-01 2.896722183217040891e-01 2.529794240125368687e-01
4.573483124309422609e-01 2.896721897293279002e-01 2.529794978399931282e-01
4.573482671958712942e-01 2.896721611369574290e-01 2.529795716674346218e-01
4.573482219608093202e-01 2.896721325445926198e-01 2.529796454948614048e-01
4.573481767257564501e-01 2.896721039522335839e-01 2.529797193222733664e-01
4.573481314907125728e-01 2.896720753598802101e-01 2.529797931496705621e-01
4.573480862556777438e-01 2.896720467675326094e-01 2.529798669770529917e-01
4.573480410206519631e-01 2.896720181751906709e-01 2.529799408044206555e-01
4.573479957856352862e-01 2.896719894578538845e-01 2.529800147567741742e-01
4.573479508006287886e-01 2.896719607405228714e-01 2.529800884591117405e-01
4.573479056906306628e-01 2.896719318981970104e-01 2.529801624114356717e-01
4.573478604556410754e-01 2.896719030558769226e-01 2.529802364887454025e-01
4.573478152206604808e-01 2.896718740885620424e-01 2.529803106910408217e-01
4.573477699856889900e-01 2.896718451212529910e-01 2.529803848933214194e-01
4.573477246257260376e-01 2.896718161539497127e-01 2.529804592205876501e-01
4.573476792657721335e-01 2.896717871866522076e-01 2.529805335478390038e-01
4.573476339058273332e-01 2.896717582193605312e-01 2.529806078750755360e-01
4.573475885458915813e-01 2.896717292520746279e-01 2.529806822022971913e-01
4.573475433109653321e-01 2.896717002847945532e-01 2.529807564045035151e-01
4.573474979510477323e-01 2.896716713175201963e-01 2.529808307316954163e-01
4.573474525911391808e-01 2.896716423502517235e-01 2.529809050588724961e-01
4.573474072312397332e-01 2.896716133829889683e-01 2.529809793860346989e-01
4.573473618713493338e-01 2.896715844157320419e-01 2.529810537131820247e-01
4.573473165114679828e-01 2.896715554484808886e-01 2.529811280403144735e-01
4.573472711515957356e-01 2.896715264812355639e-01 2.529812023674320454e-01
4.573472257917325923e-01 2.896714975139960124e-01 2.529812766945347957e-01
4.573471801818776994e-01 2.896714685467622896e-01 2.529813512716233559e-01
4.573471345720319658e-01 2.896714395795342845e-01 2.529814258486970391e-01
4.573470889621953361e-01 2.896714106123121080e-01 2.529815004257557898e-01
4.573470433523678103e-01 2.896713816450957601e-01 2.529815750027996080e-01
4.573469977425494437e-01 2.896713526778851855e-01 2.529816495798285492e-01
4.573469521327401255e-01 2.896713237106803840e-01 2.529817241568425579e-01
4.573469065229400221e-01 2.896712947434814112e-01 2.529817987338416341e-01
4.573468609131489671e-01 2.896712657762882115e-01 2.529818733108258333e-01
4.573468153033670713e-01 2.896712368091007850e-01 2.529819478877951000e-01
4.573467696935943350e-01 2.896712078419191871e-01 2.529820224647494342e-01
4.573467240838306469e-01 2.896711788747433625e-01 2.529820970416888359e-01
4.573466784740761182e-01 2.896711499075733109e-01 2.529821716186133607e-01
4.573466328643306933e-01 2.896711209404090881e-01 2.529822461955229529e-01
4.573465872545944277e-01 2.896710919732506384e-01 2.529823207724176681e-01
4.573465416448672660e-01 2.896710630060979619e-01 2.529823953492974509e-01
4.573464960351492081e-01 2.896710340389511140e-01 2.529824699261623011e-01
4.573464504254403096e-01 2.896710050718100948e-01 2.529825445030122189e-01
4.573464048157405148e-01 2.896709761046747933e-01 2.529826190798472596e-01
4.573463592060498240e-01 2.896709471375453204e-01 2.529826936566673679e-01
4.573463135963682924e-01 2.896709181704216762e-01 2.529827682334725436e-01
4.573462679866958092e-01 2.896708892033037497e-01 2.529828428102627869e-01
4.573462223770325408e-01 2.896708602361916518e-01 2.529829173870381531e-01
4.573461767673783207e-01 2.896708312690853826e-01 2.529829919637985869e-01
4.573461311577332600e-01 2.896708023019848866e-01 2.529830665405441437e-01
4.573460855480973031e-01 2.896707733348901637e-01 2.529831411172747679e-01
4.573460399384705055e-01 2.896707443678012139e-01 2.529832156939904597e-01
4.573459943288528118e-01 2.896707154007180929e-01 2.529832902706912190e-01
4.573459487192442219e-01 2.896706865586408108e-01 2.529833647223770909e-01
4.573459031096447358e-01 2.896706577165693020e-01 2.529834391740480859e-01
4.573458575000544091e-01 2.896706288745035662e-01 2.529835136257041484e-01
