4.793475779855521091e-01 3.006382126521136566e-01 2.200142093749336558e-01
4.793475933842786252e-01 3.006382192550237642e-01 2.200141873732970876e-01
4.793476085607776271e-01 3.006382260801569450e-01 2.200141653716649326e-01
4.793476238483857510e-01 3.006382327941765631e-01 2.200141433700371907e-01
4.793476398026638163e-01 3.006382388415218543e-01 2.200141213684138342e-01
4.793476552013780090e-01 3.006382454444266883e-01 2.200140993667948908e-01
4.793476702667525680e-01 3.006382523806666596e-01 2.200140773651803328e-01
4.793476858876847824e-01 3.006382587613445900e-01 2.200140553635701879e-01
4.793477013975017686e-01 3.006382652531333077e-01 2.200140333619644284e-01
4.793477179073246108e-01 3.006382707449117841e-01 2.200140113603630820e-01
4.793477347504805364e-01 3.006382759033529029e-01 2.200139893587661211e-01
4.793477520380814427e-01 3.006382806173445443e-01 2.200139673571735732e-01
4.793477686590064679e-01 3.006382859980077926e-01 2.200139453555854385e-01
4.793477853910401154e-01 3.006382912675578667e-01 2.200139233540016892e-01
4.793478023452945602e-01 3.006382963148827581e-01 2.200139013524223253e-01
4.793478196328818108e-01 3.006383010288705138e-01 2.200138793508473745e-01
4.793478365871294278e-01 3.006383059650813427e-01 2.200138574603888730e-01
4.793478536524857780e-01 3.006383107901792195e-01 2.200138355699347292e-01
4.793478704956146697e-01 3.006383158375001696e-01 2.200138136794849708e-01
4.793478873387401751e-01 3.006383208848200650e-01 2.200137917890395978e-01
4.793479037374143159e-01 3.006383263765869396e-01 2.200137698985986101e-01
4.793479205805331045e-01 3.006383314239047810e-01 2.200137480081619801e-01
4.793479376458725238e-01 3.006383362489977173e-01 2.200137261177297354e-01
4.793479550445443049e-01 3.006383407407537955e-01 2.200137042273018761e-01
4.793479722209887384e-01 3.006383452325089300e-01 2.200136825591022804e-01
4.793479886196462258e-01 3.006383505020467917e-01 2.200136608909070146e-01
4.793480050183004382e-01 3.006383557715835431e-01 2.200136392227161064e-01
4.793480211947275249e-01 3.006383612633430902e-01 2.200136175545295003e-01
4.793480378155989818e-01 3.006383663106538817e-01 2.200135958863472518e-01
4.793480549920265399e-01 3.006383709135161397e-01 2.200135741070574358e-01
4.793480719462269168e-01 3.006383757386012490e-01 2.200135523277719773e-01
4.793480890115358051e-01 3.006383804525735171e-01 2.200135305484908765e-01
4.793481059657293541e-01 3.006383852776566834e-01 2.200135087692141056e-01
4.793481234754787268e-01 3.006383894360678544e-01 2.200134871010535620e-01
4.793481408741128158e-01 3.006383939278136630e-01 2.200134652106736921e-01
4.793481578282960953e-01 3.006383988640058402e-01 2.200134433202981799e-01
4.793481748935878861e-01 3.006384036890852318e-01 2.200134214299270530e-01
4.793481916255407649e-01 3.006384088474990945e-01 2.200133995395603115e-01
4.793482093574963909e-01 3.006384131170176111e-01 2.200133775380861412e-01
4.793482269783367333e-01 3.006384174976470258e-01 2.200133555366163840e-01
4.793482442658383302e-01 3.006384222116108562e-01 2.200133335351510122e-01
4.793482617755598363e-01 3.006384267033502256e-01 2.200133115336900536e-01
4.793482793963896316e-01 3.006384310839769758e-01 2.200132895322334803e-01
4.793482972394394470e-01 3.006384352423793760e-01 2.200132675307813201e-01
4.793483156380441979e-01 3.006384388452222889e-01 2.200132455293335731e-01
4.793483345922039396e-01 3.006384417813942611e-01 2.200132236390019147e-01
4.793483538796948773e-01 3.006384444953422719e-01 2.200132016375629385e-01
4.793483733894053911e-01 3.006384469870663212e-01 2.200131796361283754e-01
4.793483915657718586e-01 3.006384508121300314e-01 2.200131576346981976e-01
4.793484108532513610e-01 3.006384534149645904e-01 2.200131357443841085e-01
4.793484301407269776e-01 3.006384560177987053e-01 2.200131138540743769e-01
4.793484494281987640e-01 3.006384586206322651e-01 2.200130919637690308e-01
4.793484684934434248e-01 3.006384614456885651e-01 2.200130700734680700e-01
4.793484872253494511e-01 3.006384646040791697e-01 2.200130481831714946e-01
4.793485057350285183e-01 3.006384680958040234e-01 2.200130261817676569e-01
4.793485238002574422e-01 3.006384720319744686e-01 2.200130041803682324e-01
4.793485427543754951e-01 3.006384750792515104e-01 2.200129821789732210e-01
4.793485613751549690e-01 3.006384784598626903e-01 2.200129601775825949e-01
4.793485797737075393e-01 3.006384820626962218e-01 2.200129381761963543e-01
4.793485981722565015e-01 3.006384856655290871e-01 2.200129161748145545e-01
4.793486162374671067e-01 3.006384896016958685e-01 2.200128941734371124e-01
4.793486348582318146e-01 3.006384928711926530e-01 2.200128722831756201e-01
4.793486533678812944e-01 3.006384962518003356e-01 2.200128503929185131e-01
4.793486712108579462e-01 3.006385002990764055e-01 2.200128285026657915e-01
4.793486888316080829e-01 3.006385046796861138e-01 2.200128065013059464e-01
4.793487060079086870e-01 3.006385095047409695e-01 2.200127844999504867e-01
4.793487236286517739e-01 3.006385138853489014e-01 2.200127624985994401e-01
4.793487410271684568e-01 3.006385184881789074e-01 2.200127404972527789e-01
4.793487582034586802e-01 3.006385233132309320e-01 2.200127184959105309e-01
4.793487751575226108e-01 3.006385283605048642e-01 2.200126964945726682e-01
4.793487927782517644e-01 3.006385327411091879e-01 2.200126744932392187e-01
4.793488103989773652e-01 3.006385371217126234e-01 2.200126524919101545e-01
4.793488273530309707e-01 3.006385421689836135e-01 2.200126304905855035e-01
4.793488448626381793e-01 3.006385466606966705e-01 2.200126084892652656e-01
4.793488623722418351e-01 3.006385510412973860e-01 2.200125865990607832e-01
4.793488801040647895e-01 3.006385551996744732e-01 2.200125647088607139e-01
4.793488981692183848e-01 3.006385590247166451e-01 2.200125428186650023e-01
4.793489154565888644e-01 3.006385636275374917e-01 2.200125209284736760e-01
4.793489325217331620e-01 3.006385684525801905e-01 2.200124990382867352e-01
4.793489500313193319e-01 3.006385728331765206e-01 2.200124771481041519e-01
4.793489676520133469e-01 3.006385771026606757e-01 2.200124552579259818e-01
4.793489854949264939e-01 3.006385811499213689e-01 2.200124333677521693e-01
4.793490038933925224e-01 3.006385846416247398e-01 2.200124114775827144e-01
4.793490234029678110e-01 3.006385870222145207e-01 2.200123895874176727e-01
4.793490428014278715e-01 3.006385896250264311e-01 2.200123675861457018e-01
4.793490629776629430e-01 3.006385914500588896e-01 2.200123455848781440e-01
4.793490833761165359e-01 3.006385930528684969e-01 2.200123235836149715e-01
4.793491033301210402e-01 3.006385951001227519e-01 2.200123015823562123e-01
4.793491232841215477e-01 3.006385971473765628e-01 2.200122795811018661e-01
4.793491439047854463e-01 3.006385985279627082e-01 2.200122575798519053e-01
4.793491648587788201e-01 3.006385995752149376e-01 2.200122355786063300e-01
4.793491852572119849e-01 3.006386011780229350e-01 2.200122135773651955e-01
4.793492062111970320e-01 3.006386022252746648e-01 2.200121915761284186e-01
4.793492262762883982e-01 3.006386041614155791e-01 2.200121695748960549e-01
4.793492466747093506e-01 3.006386057642226883e-01 2.200121475736681043e-01
4.793492671842373154e-01 3.006386072559182332e-01 2.200121255724445390e-01
4.793492879159834685e-01 3.006386085253912599e-01 2.200121035712253870e-01
4.793493089810589303e-01 3.006386094615305926e-01 2.200120815700106480e-01
4.793493304905745434e-01 3.006386099532252776e-01 2.200120595688002667e-01
4.793493521111970579e-01 3.006386103338086757e-01 2.200120375675943263e-01
