4.226623841893875078e-01 3.050340473358879034e-01 2.723035684697109327e-01
4.226624170901382427e-01 3.050340416657609244e-01 2.723035412390872323e-01
4.226624494908775009e-01 3.050340364956399819e-01 2.723035140084689720e-01
4.226624803915958739e-01 3.050340328255344291e-01 2.723034867778561519e-01
4.226625109589715601e-01 3.050340294887661230e-01 2.723034595472487718e-01
4.226625418596775541e-01 3.050340258186620135e-01 2.723034323166468873e-01
4.226625727603773863e-01 3.050340221485586256e-01 2.723034050860503874e-01
4.226626033277346983e-01 3.050340188117923734e-01 2.723033778554593831e-01
4.226626337284176693e-01 3.050340156416950221e-01 2.723033506248737634e-01
4.226626634624218726e-01 3.050340129716027082e-01 2.723033235609618186e-01
4.226626916964068004e-01 3.050340118015243962e-01 2.723032964970552028e-01
4.226627200970543008e-01 3.050340104647780715e-01 2.723032694331540271e-01
4.226627483310279043e-01 3.050340092947002035e-01 2.723032423692582915e-01
4.226627762316597647e-01 3.050340084579587496e-01 2.723032153053679405e-01
4.226628046322902232e-01 3.050340071212132020e-01 2.723031882414830296e-01
4.226628336995872370e-01 3.050340051177956591e-01 2.723031611776035033e-01
4.226628614335340428e-01 3.050340044477229395e-01 2.723031341137294170e-01
4.226628893341434212e-01 3.050340036109823183e-01 2.723031070498607153e-01
4.226629162347390056e-01 3.050340037742499399e-01 2.723030799859974538e-01
4.226629436353332436e-01 3.050340034375135234e-01 2.723030529221395768e-01
4.226629722025978531e-01 3.050340019341013509e-01 2.723030258582871399e-01
4.226630007698567448e-01 3.050340004306894004e-01 2.723029987944400876e-01
4.226630286704382011e-01 3.050339995939496118e-01 2.723029717305984754e-01
4.226630559043423885e-01 3.050339994238817076e-01 2.723029446667623032e-01
4.226630834715768281e-01 3.050339989204779445e-01 2.723029176029314602e-01
4.226631103721342209e-01 3.050339990837459547e-01 2.723028905391061127e-01
4.226631371060183828e-01 3.050339994136817556e-01 2.723028634752861499e-01
4.226631645065686005e-01 3.050339990769460607e-01 2.723028364114715716e-01
4.226631910737740916e-01 3.050339995735496523e-01 2.723028093476624334e-01
4.226632178076421553e-01 3.050339999034853422e-01 2.723027822838586798e-01
4.226632443748370438e-01 3.050340004000887673e-01 2.723027552200603663e-01
4.226632702753553850e-01 3.050340015633633550e-01 2.723027281562674373e-01
4.226632960092007729e-01 3.050340028933054004e-01 2.723027010924799485e-01
4.226633222430442594e-01 3.050340037232439627e-01 2.723026740286978997e-01
4.226633483102148481e-01 3.050340047198500382e-01 2.723026469649211800e-01
4.226633753773865743e-01 3.050340048831173267e-01 2.723026197344822208e-01
4.226634031112237455e-01 3.050340043797136191e-01 2.723025925040487016e-01
4.226634311783907805e-01 3.050340035429746632e-01 2.723025652736206226e-01
4.226634585788814347e-01 3.050340033729065925e-01 2.723025380431979836e-01
4.226634856460313450e-01 3.050340035361739366e-01 2.723025108127807847e-01
4.226635128798434948e-01 3.050340035327735455e-01 2.723024835823690815e-01
4.226635404469853974e-01 3.050340030293702820e-01 2.723024565186303869e-01
4.226635680141218043e-01 3.050340025259670740e-01 2.723024294548971325e-01
4.226635955812527157e-01 3.050340020225639770e-01 2.723024023911692626e-01
4.226636234817133242e-01 3.050340011858258538e-01 2.723023753274468328e-01
4.226636523821737379e-01 3.050339995157501094e-01 2.723023480970622745e-01
4.226636817826309733e-01 3.050339973456719367e-01 2.723023208666831008e-01
4.226637105164122166e-01 3.050339958422644271e-01 2.723022936363094226e-01
4.226637399168577947e-01 3.050339936721870870e-01 2.723022664059411846e-01
4.226637684839599229e-01 3.050339923354477012e-01 2.723022391755783866e-01
4.226637977177263306e-01 3.050339903320386514e-01 2.723022119452210288e-01
4.226638264514844812e-01 3.050339888286324186e-01 2.723021847148691665e-01
4.226638536852298511e-01 3.050339888252335263e-01 2.723021574845226889e-01
4.226638807523023234e-01 3.050339888218346340e-01 2.723021304208491089e-01
4.226639078193694110e-01 3.050339888184357418e-01 2.723021033571809135e-01
4.226639348864310586e-01 3.050339888150368495e-01 2.723020762935181582e-01
4.226639621201546682e-01 3.050339888116380127e-01 2.723020490631934409e-01
4.226639890205380889e-01 3.050339891415738136e-01 2.723020218328741637e-01
4.226640159209161252e-01 3.050339894715095590e-01 2.723019946025603266e-01
4.226640436546255097e-01 3.050339889681085714e-01 2.723019673722519296e-01
4.226640700549907370e-01 3.050339897980462456e-01 2.723019401419490282e-01
4.226640961220161641e-01 3.050339909613183909e-01 2.723019129116515114e-01
4.226641230223727175e-01 3.050339912912538587e-01 2.723018856813594901e-01
4.226641490893875974e-01 3.050339924545255599e-01 2.723018584510729090e-01
4.226641749897300238e-01 3.050339937844643301e-01 2.723018312207917124e-01
4.226642007233999965e-01 3.050339952810700028e-01 2.723018039905160115e-01
4.226642266237320422e-01 3.050339966110082179e-01 2.723017767602457506e-01
4.226642523573916899e-01 3.050339981076133355e-01 2.723017495299809854e-01
4.226642770910430946e-01 3.050340006042212559e-01 2.723017222997216047e-01
4.226643019913567945e-01 3.050340029341614967e-01 2.723016950694676641e-01
4.226643272249997474e-01 3.050340049307670443e-01 2.723016678392192191e-01
4.226643539586419362e-01 3.050340054273679158e-01 2.723016406089761587e-01
4.226643803589444914e-01 3.050340062573029809e-01 2.723016133787385940e-01
4.226644075925772848e-01 3.050340060872352432e-01 2.723015863151735383e-01
4.226644346595375135e-01 3.050340060838346301e-01 2.723015592516138672e-01
4.226644617264923576e-01 3.050340062471010860e-01 2.723015320213926227e-01
4.226644881267735410e-01 3.050340070770357070e-01 2.723015047911767628e-01
4.226645138603813412e-01 3.050340085736382711e-01 2.723014775609663984e-01
4.226645397606509924e-01 3.050340099035735442e-01 2.723014503307614742e-01
4.226645664942504932e-01 3.050340104001735275e-01 2.723014231005619346e-01
4.226645937278456500e-01 3.050340103967725258e-01 2.723013958703678905e-01
4.226646209614353111e-01 3.050340103933714686e-01 2.723013686401792866e-01
4.226646491950212248e-01 3.050340093899687188e-01 2.723013414099961782e-01
4.226646760952659787e-01 3.050340097199016332e-01 2.723013141798184544e-01
4.226647034955061111e-01 3.050340095498337289e-01 2.723012869496461708e-01
4.226647308957407478e-01 3.050340093797658803e-01 2.723012597194793827e-01
4.226647591293044015e-01 3.050340083763636301e-01 2.723012324893179792e-01
4.226647871961954350e-01 3.050340075396284489e-01 2.723012052591620713e-01
4.226648149297472790e-01 3.050340070362271283e-01 2.723011780290116035e-01
4.226648428299603633e-01 3.050340063661590717e-01 2.723011507988665758e-01
4.226648703968342580e-01 3.050340060294248201e-01 2.723011235687269882e-01
4.226648982970362400e-01 3.050340053593570411e-01 2.723010963385928407e-01
4.226649265305661429e-01 3.050340043559557901e-01 2.723010691084641333e-01
4.226649549307572307e-01 3.050340031858879697e-01 2.723010418783408659e-01
4.226649831642758648e-01 3.050340021824871628e-01 2.723010146482230942e-01
4.226650117311223087e-01 3.050340008457530505e-01 2.723009874181107071e-01
4.226650391312959942e-01 3.050340006756862565e-01 2.723009601880038155e-01
4.226650663647975592e-01 3.050340006722861985e-01 2.723009329579023641e-01
4.226650944316270309e-01 3.050339998355527382e-01 2.723009057278063527e-01
4.226651233317842982e-01 3.050339981654860977e-01 2.723008784977157815e-01
