6.701763680549967413e-03 9.917429802387155435e-01 1.555256063792382053e-03
6.701763010367031356e-03 9.917429808977572536e-01 1.555256074933551638e-03
6.701762340184229741e-03 9.917429815567988527e-01 1.555256086074718836e-03
6.701761836669828561e-03 9.917429820491719950e-01 1.555256097215883867e-03
6.701761333155527994e-03 9.917429825415451372e-01 1.555256108357046729e-03
6.701760829641328042e-03 9.917429830339181684e-01 1.555256119498207206e-03
6.701760326127228704e-03 9.917429835262909776e-01 1.555256130639365731e-03
6.701759822613229979e-03 9.917429840186637868e-01 1.555256141780521871e-03
6.701759319099331869e-03 9.917429845110364850e-01 1.555256152921675626e-03
6.701758815585534372e-03 9.917429850034090721e-01 1.555256164062827429e-03
6.701758312071838357e-03 9.917429854957815483e-01 1.555256175203976847e-03
6.701757808558242088e-03 9.917429859881539134e-01 1.555256186345124097e-03
6.701757305044747301e-03 9.917429864805262785e-01 1.555256197486268961e-03
6.701756801531353128e-03 9.917429871395665453e-01 1.555256041959311763e-03
6.701756298018059568e-03 9.917429877986068121e-01 1.555255886432385572e-03
6.701755794504866623e-03 9.917429884576468568e-01 1.555255730905490390e-03
6.701755290991774291e-03 9.917429891166867906e-01 1.555255575378626434e-03
6.701754787478782574e-03 9.917429897757266133e-01 1.555255419851793702e-03
6.701754283965891471e-03 9.917429904347662140e-01 1.555255264324991978e-03
6.701753780453100981e-03 9.917429910938058146e-01 1.555255108798221262e-03
6.701753276940411973e-03 9.917429917528451933e-01 1.555254953271481772e-03
6.701752773427822711e-03 9.917429924118844609e-01 1.555254797744773290e-03
6.701752269915334931e-03 9.917429930709236174e-01 1.555254642218096032e-03
6.701751766402947764e-03 9.917429937299625520e-01 1.555254486691449783e-03
6.701751262890661212e-03 9.917429943890014865e-01 1.555254331164834542e-03
6.701750759378475274e-03 9.917429950480401990e-01 1.555254175638250526e-03
6.701750255866389949e-03 9.917429957070788005e-01 1.555254020111697735e-03
6.701749585686539099e-03 9.917429965327851926e-01 1.555253864585175953e-03
6.701748915506821822e-03 9.917429973584913627e-01 1.555253709058685178e-03
6.701748245327238986e-03 9.917429981841974218e-01 1.555253553532225629e-03
6.701747575147790591e-03 9.917429990099033699e-01 1.555253398005797087e-03
6.701746904968475770e-03 9.917429998356090959e-01 1.555253242479399771e-03
6.701746234789295389e-03 9.917430006613145999e-01 1.555253086953033463e-03
6.701745564610248583e-03 9.917430014870199928e-01 1.555252931426698380e-03
6.701744894431336218e-03 9.917430023127251637e-01 1.555252775900394305e-03
6.701744224252557426e-03 9.917430031384302236e-01 1.555252620374121238e-03
6.701743554073913076e-03 9.917430039641351724e-01 1.555252464847879396e-03
6.701742883895402299e-03 9.917430047898398993e-01 1.555252309321668780e-03
6.701742213717025963e-03 9.917430054488767244e-01 1.555252320463172515e-03
6.701741543538783201e-03 9.917430061079134385e-01 1.555252331604673865e-03
6.701740873360674880e-03 9.917430067669500415e-01 1.555252342746173263e-03
6.701740203182700133e-03 9.917430074259864226e-01 1.555252353887670276e-03
6.701739533004859826e-03 9.917430080850228036e-01 1.555252365029165121e-03
6.701738862827153961e-03 9.917430087440589626e-01 1.555252376170657581e-03
6.701738192649581670e-03 9.917430094030950105e-01 1.555252387312148089e-03
6.701737689139709853e-03 9.917430098954633788e-01 1.555252398453636211e-03
6.701737185629938649e-03 9.917430103878316361e-01 1.555252409595121949e-03
6.701736682120268060e-03 9.917430108801996713e-01 1.555252420736605735e-03
6.701736178610698084e-03 9.917430113725677066e-01 1.555252431878087135e-03
6.701735675101229590e-03 9.917430118649357418e-01 1.555252443019566368e-03
6.701735171591860843e-03 9.917430125239710126e-01 1.555252287493560015e-03
6.701734668082593577e-03 9.917430131830062834e-01 1.555252131967584670e-03
6.701734164573426057e-03 9.917430138420413321e-01 1.555251976441640550e-03
6.701733827731793346e-03 9.917430143344088123e-01 1.555251820915727438e-03
6.701733490890227421e-03 9.917430148267761814e-01 1.555251665389845552e-03
6.701733154048728283e-03 9.917430153191435505e-01 1.555251509863994673e-03
6.701732817207297667e-03 9.917430158115106975e-01 1.555251354338175020e-03
6.701732480365933838e-03 9.917430163038778446e-01 1.555251198812386375e-03
6.701732643526687842e-03 9.917430162962428408e-01 1.555251043286628738e-03
6.701732806687408887e-03 9.917430162886079481e-01 1.555250887760902326e-03
6.701732969848097840e-03 9.917430162809729444e-01 1.555250732235206922e-03
6.701733299676053586e-03 9.917430161066707051e-01 1.555250576709542743e-03
6.701733796171228420e-03 9.917430157657012302e-01 1.555250421183909573e-03
6.701733959331769054e-03 9.917430157580663375e-01 1.555250265658307627e-03
6.701734122492277596e-03 9.917430157504314447e-01 1.555250110132736690e-03
6.701734285652753177e-03 9.917430157427965520e-01 1.555249954607196977e-03
6.701734282145979313e-03 9.917430159018288949e-01 1.555249799081688273e-03
6.701734278639207183e-03 9.917430160608612377e-01 1.555249643556210577e-03
6.701734275132435054e-03 9.917430162198934696e-01 1.555249488030764106e-03
6.701734271625663791e-03 9.917430163789258124e-01 1.555249332505348860e-03
6.701734268118893396e-03 9.917430165379580442e-01 1.555249176979964622e-03
6.701734097944990649e-03 9.917430168636571786e-01 1.555249021454611393e-03
6.701733927771121729e-03 9.917430171893563129e-01 1.555248865929289388e-03
6.701733757597286636e-03 9.917430175150553362e-01 1.555248710403998392e-03
6.701733587423486238e-03 9.917430178407543595e-01 1.555248554878738403e-03
6.701733417249719667e-03 9.917430181664532718e-01 1.555248399353509640e-03
6.701733080408936102e-03 9.917430186588191976e-01 1.555248243828312102e-03
6.701732910235253665e-03 9.917430189845178878e-01 1.555248088303145572e-03
6.701732740061605922e-03 9.917430193102166891e-01 1.555247932778010050e-03
6.701732403220990626e-03 9.917430198025822818e-01 1.555247777252905753e-03
6.701731899713459818e-03 9.917430204616148881e-01 1.555247621727832682e-03
6.701731562872996310e-03 9.917430209539803698e-01 1.555247466202790401e-03
6.701731226032600457e-03 9.917430214463457405e-01 1.555247310677779346e-03
6.701731055859205984e-03 9.917430217720439867e-01 1.555247155152799515e-03
6.701730885685845338e-03 9.917430220977422328e-01 1.555246999627850693e-03
6.701730882179418418e-03 9.917430222567736875e-01 1.555246844102933096e-03
6.701730545339225527e-03 9.917430227491386141e-01 1.555246688578046507e-03
6.701730208499099423e-03 9.917430232415035407e-01 1.555246533053190926e-03
6.701729871659040973e-03 9.917430237338684673e-01 1.555246377528366570e-03
6.701729701485884157e-03 9.917430240595662694e-01 1.555246222003573223e-03
6.701729531312761168e-03 9.917430243852640714e-01 1.555246066478811100e-03
6.701729361139672006e-03 9.917430247109618735e-01 1.555245910954079986e-03
6.701729190966617539e-03 9.917430250366595645e-01 1.555245755429380096e-03
6.701729020793596898e-03 9.917430253623571446e-01 1.555245599904711215e-03
6.701729017287359931e-03 9.917430255213880441e-01 1.555245444380073559e-03
6.701729013781122964e-03 9.917430256804189437e-01 1.555245288855466911e-03
6.701729010274887731e-03 9.917430258394498432e-01 1.555245133330891271e-03
6.701729006768652498e-03 9.917430259984807428e-01 1.555244977806346856e-03
6.701729003262418133e-03 9.917430261575115313e-01 1.555244822281833450e-03
6.701729166422851214e-03 9.917430261498756394e-01 1.555244666757351268e-03
