1.221128669180547716e-01 6.385924360679817724e-01 2.392946970171032917e-01
1.221128547066484132e-01 6.385924722090923211e-01 2.392946730873990735e-01
1.221128424952444835e-01 6.385925083501957644e-01 2.392946491576996570e-01
1.221128302838430102e-01 6.385925444912918802e-01 2.392946252280050146e-01
1.221128180724439655e-01 6.385925806323806686e-01 2.392946012983151460e-01
1.221128058610473771e-01 6.385926167734623515e-01 2.392945773686300792e-01
1.221127936496532312e-01 6.385926529145368180e-01 2.392945534389497864e-01
1.221127814382615140e-01 6.385926890556040680e-01 2.392945295092742952e-01
1.221127692268722531e-01 6.385927251966639906e-01 2.392945055796035780e-01
1.221127570154854208e-01 6.385927613377168077e-01 2.392944816499376626e-01
1.221127448041010449e-01 6.385927974787622974e-01 2.392944577202765211e-01
1.221127325927190976e-01 6.385928336198005706e-01 2.392944337906201813e-01
1.221127203813396067e-01 6.385928697608316273e-01 2.392944098609686154e-01
1.221127081699625444e-01 6.385929059018554677e-01 2.392943859313218236e-01
1.221126959585879246e-01 6.385929420428720915e-01 2.392943620016798334e-01
1.221126837472157611e-01 6.385929781838814989e-01 2.392943380720426172e-01
1.221126715358460263e-01 6.385930143248835789e-01 2.392943141424102027e-01
1.221126593244787478e-01 6.385930504658785534e-01 2.392942902127825622e-01
1.221126471131138980e-01 6.385930866068662004e-01 2.392942662831597234e-01
1.221126349017514906e-01 6.385931227478467420e-01 2.392942423535416585e-01
1.221126226903915396e-01 6.385931588888199562e-01 2.392942184239283676e-01
1.221126104790340172e-01 6.385931950297859538e-01 2.392941944943198784e-01
1.221125982676789373e-01 6.385932311707447351e-01 2.392941705647161632e-01
1.221125860563263138e-01 6.385932673116962999e-01 2.392941466351172497e-01
1.221125738449761189e-01 6.385933034526406482e-01 2.392941227055231102e-01
1.221125616336283665e-01 6.385933395935776691e-01 2.392940987759337723e-01
1.221125494222830704e-01 6.385933757345075845e-01 2.392940748463492084e-01
1.221125372109402030e-01 6.385934118754301725e-01 2.392940509167694185e-01
1.221125249995997780e-01 6.385934480163456550e-01 2.392940269871944303e-01
1.221125127882617956e-01 6.385934841572538101e-01 2.392940030576242161e-01
1.221125005769262695e-01 6.385935202981547487e-01 2.392939791280588036e-01
1.221124883655931720e-01 6.385935564390484709e-01 2.392939551984981650e-01
1.221124761542625170e-01 6.385935925799349766e-01 2.392939312689423281e-01
1.221124639429343045e-01 6.385936287208142659e-01 2.392939073393912652e-01
1.221124517316085345e-01 6.385936648616863387e-01 2.392938834098449763e-01
1.221124415202980151e-01 6.385936990025383730e-01 2.392938594803034891e-01
1.221124313089895358e-01 6.385937331433836350e-01 2.392938355507667758e-01
1.221124190976706908e-01 6.385937692842343916e-01 2.392938116212348643e-01
1.221124068863542883e-01 6.385938054250779317e-01 2.392937876917077267e-01
1.221123946750403422e-01 6.385938415659141443e-01 2.392937637621853908e-01
1.221123824637288247e-01 6.385938777067432515e-01 2.392937398326678289e-01
1.221123702524197496e-01 6.385939138475651422e-01 2.392937159031550687e-01
1.221123580411131171e-01 6.385939499883797055e-01 2.392936919736470547e-01
1.221123458298089270e-01 6.385939861291871633e-01 2.392936680441438702e-01
1.221123336185071934e-01 6.385940222699872937e-01 2.392936441146454596e-01
1.221123214072078883e-01 6.385940584107802076e-01 2.392936201851518230e-01
1.221123091959110257e-01 6.385940945515659051e-01 2.392935962556629603e-01
1.221122969846166056e-01 6.385941306923443861e-01 2.392935723261788994e-01
1.221122847733246281e-01 6.385941668331156507e-01 2.392935483966996402e-01
1.221122725620350929e-01 6.385942029738796988e-01 2.392935244672251549e-01
1.221122603507480003e-01 6.385942391146364194e-01 2.392935005377554436e-01
1.221122481394633502e-01 6.385942752553860347e-01 2.392934766082905340e-01
1.221122359281811426e-01 6.385943113961283224e-01 2.392934526788303984e-01
1.221122237169013774e-01 6.385943475368635047e-01 2.392934287493750645e-01
1.221122115056240548e-01 6.385943836775913596e-01 2.392934048199245045e-01
1.221121992943491746e-01 6.385944198183119980e-01 2.392933808904787463e-01
1.221121870830767370e-01 6.385944559590254199e-01 2.392933569610377620e-01
1.221121748718067418e-01 6.385944920997316254e-01 2.392933330316015517e-01
1.221121626605391891e-01 6.385945282404306145e-01 2.392933091021701431e-01
1.221121504492740789e-01 6.385945643811222761e-01 2.392932851727435084e-01
1.221121382380114112e-01 6.385946005218068322e-01 2.392932612433216755e-01
1.221121260267511860e-01 6.385946366624841719e-01 2.392932373139046165e-01
1.221121158155007991e-01 6.385946708031468022e-01 2.392932133844923315e-01
1.221121096042668691e-01 6.385947009437883404e-01 2.392931894550848482e-01
1.221120993930201737e-01 6.385947350844377590e-01 2.392931655256821666e-01
1.221120931817891164e-01 6.385947652250667517e-01 2.392931415962842312e-01
1.221120809705395077e-01 6.385948013657094524e-01 2.392931176668911253e-01
1.221120687592923276e-01 6.385948375063450477e-01 2.392930937375027656e-01
1.221120565480476039e-01 6.385948736469733156e-01 2.392930698081192353e-01
1.221120443368053088e-01 6.385949097875943670e-01 2.392930458787404513e-01
1.221120321255654700e-01 6.385949459282082019e-01 2.392930219493664690e-01
1.221120199143280599e-01 6.385949820688148204e-01 2.392929980199972606e-01
1.221120077030931061e-01 6.385950182094141114e-01 2.392929740906328540e-01
1.221119954918605810e-01 6.385950543500062970e-01 2.392929501612732490e-01
1.221119832806304983e-01 6.385950904905911552e-01 2.392929262319183903e-01
1.221119710694028720e-01 6.385951266311689078e-01 2.392929023025683333e-01
1.221119588581776744e-01 6.385951627717393331e-01 2.392928783732230780e-01
1.221119466469549192e-01 6.385951989123025418e-01 2.392928544438825966e-01
1.221119344357346204e-01 6.385952350528585342e-01 2.392928305145468892e-01
1.221119222245167502e-01 6.385952711934073101e-01 2.392928065852159836e-01
1.221119100133013224e-01 6.385953073339488695e-01 2.392927826558898519e-01
1.221118978020883511e-01 6.385953434744832125e-01 2.392927587265685219e-01
1.221118855908778084e-01 6.385953796150103390e-01 2.392927347972519658e-01
1.221118733796697081e-01 6.385954157555301380e-01 2.392927108679402115e-01
1.221118611684640504e-01 6.385954518960428317e-01 2.392926869386332311e-01
1.221118489572608351e-01 6.385954880365481978e-01 2.392926630093310247e-01
1.221118367460600762e-01 6.385955241770464585e-01 2.392926390800336200e-01
1.221118245348617459e-01 6.385955603175373918e-01 2.392926151507409893e-01
1.221118123236658581e-01 6.385955964580211086e-01 2.392925912214531603e-01
1.221118001124724128e-01 6.385956325984976090e-01 2.392925672921701052e-01
1.221117879012814100e-01 6.385956687389668929e-01 2.392925433628918519e-01
1.221117756900928497e-01 6.385957048794288493e-01 2.392925194336183725e-01
1.221117634789067319e-01 6.385957410198837003e-01 2.392924955043496671e-01
1.221117512677230565e-01 6.385957771603312239e-01 2.392924715750857634e-01
1.221117390565418237e-01 6.385958133007716420e-01 2.392924476458266336e-01
1.221117268453630333e-01 6.385958494412047326e-01 2.392924237165723056e-01
1.221117146341866855e-01 6.385958855816306068e-01 2.392923997873227515e-01
1.221117024230127801e-01 6.385959217220492645e-01 2.392923758580779992e-01
1.221116902118413172e-01 6.385959578624608168e-01 2.392923519288380207e-01
1.221116780006722968e-01 6.385959940028649306e-01 2.392923279996028163e-01
