1.276430536672647775e-01 5.858413312550682095e-01 2.865156150765750254e-01
1.276430409028343205e-01 5.858412726703609019e-01 2.865156864257127345e-01
1.276430281384064169e-01 5.858412140856653627e-01 2.865157577748361772e-01
1.276430153739810669e-01 5.858411555009815919e-01 2.865158291239453536e-01
1.276430026095582704e-01 5.858410969163094784e-01 2.865159004730402637e-01
1.276429898451380274e-01 5.858410383316490222e-01 2.865159718221209073e-01
1.276429770807203379e-01 5.858409797470004454e-01 2.865160431711872291e-01
1.276429643163052019e-01 5.858409211623634150e-01 2.865161145202393400e-01
1.276429515518925917e-01 5.858408625777381529e-01 2.865161858692771846e-01
1.276429387874825627e-01 5.858408039931246591e-01 2.865162572183007073e-01
1.276429260230750873e-01 5.858407454085229338e-01 2.865163285673100191e-01
1.276429132586701654e-01 5.858406868239327547e-01 2.865163999163050090e-01
1.276429004942677692e-01 5.858406282393544551e-01 2.865164712652857881e-01
1.276428877298679543e-01 5.858405696547878128e-01 2.865165426142522453e-01
1.276428749654706929e-01 5.858405110702328278e-01 2.865166139632044362e-01
1.276428622010759573e-01 5.858404524856896112e-01 2.865166853121423607e-01
1.276428494366838029e-01 5.858403939011581629e-01 2.865167566610660188e-01
1.276428366722942020e-01 5.858403353166383720e-01 2.865168280099754106e-01
1.276428239079071270e-01 5.858402767321302385e-01 2.865168993588705360e-01
1.276428111435226331e-01 5.858402181476338733e-01 2.865169707077513950e-01
1.276427983791406651e-01 5.858401595631492764e-01 2.865170420566179876e-01
1.276427856147612783e-01 5.858401009786763369e-01 2.865171134054703139e-01
1.276427728503844172e-01 5.858400423942151658e-01 2.865171847543083739e-01
1.276427600860101375e-01 5.858399838097656520e-01 2.865172561031321119e-01
1.276427473216383834e-01 5.858399252253279066e-01 2.865173274519416391e-01
1.276427359858512134e-01 5.858398666409019295e-01 2.865173973721548695e-01
1.276427232214844276e-01 5.858398080564876098e-01 2.865174687209359750e-01
1.276427104571201954e-01 5.858397494720849474e-01 2.865175400697028141e-01
1.276426976927585444e-01 5.858396908876940534e-01 2.865176114184553868e-01
1.276426849283994192e-01 5.858396323033148168e-01 2.865176827671936932e-01
1.276426721640428474e-01 5.858395737189474595e-01 2.865177541159177332e-01
1.276426593996888292e-01 5.858395151345916485e-01 2.865178254646274514e-01
1.276426466353373645e-01 5.858394565502476059e-01 2.865178968133229587e-01
1.276426338709884534e-01 5.858393979659153317e-01 2.865179681620041996e-01
1.276426211066420957e-01 5.858393393815947148e-01 2.865180395106711186e-01
1.276426083422983193e-01 5.858392807972858662e-01 2.865181108593238268e-01
1.276425955779570687e-01 5.858392222129886751e-01 2.865181822079622131e-01
1.276425828136183716e-01 5.858391636287032522e-01 2.865182535565863886e-01
1.276425700492822279e-01 5.858391050444294867e-01 2.865183249051962422e-01
1.276425572849486378e-01 5.858390464601674896e-01 2.865183962537918294e-01
1.276425445206176013e-01 5.858389878759172609e-01 2.865184676023731503e-01
1.276425317562890904e-01 5.858389292916786895e-01 2.865185389509402603e-01
1.276425189919631609e-01 5.858388707074517754e-01 2.865186102994930484e-01
1.276425062276397848e-01 5.858388121232366297e-01 2.865186816480315701e-01
1.276424934633189623e-01 5.858387535390332523e-01 2.865187529965558255e-01
1.276424806990006933e-01 5.858386949548415323e-01 2.865188243450657590e-01
1.276424679346849778e-01 5.858386363706614697e-01 2.865188956935614817e-01
1.276424551703717880e-01 5.858385777864932864e-01 2.865189670420429380e-01
1.276424424060611795e-01 5.858385192023366494e-01 2.865190383905101279e-01
1.276424296417531246e-01 5.858384606181917809e-01 2.865191097389629959e-01
1.276424168774476231e-01 5.858384020340586806e-01 2.865191810874016531e-01
1.276424041131446474e-01 5.858383434499373488e-01 2.865192524358259885e-01
1.276423913488442530e-01 5.858382848658275632e-01 2.865193237842361129e-01
1.276423785845464121e-01 5.858382262817296571e-01 2.865193951326319155e-01
1.276423658202510969e-01 5.858381676976434083e-01 2.865194664810135072e-01
1.276423530559583630e-01 5.858381105421465174e-01 2.865195364008030210e-01
1.276423402916681826e-01 5.858380533866611728e-01 2.865196063205786015e-01
1.276423275273805280e-01 5.858379962311872635e-01 2.865196762403401931e-01
1.276423147630954547e-01 5.858379390757246785e-01 2.865197461600878515e-01
1.276423019988129071e-01 5.858378819202736398e-01 2.865198160798214655e-01
1.276422892345329407e-01 5.858378247648339254e-01 2.865198859995410907e-01
1.276422764702555002e-01 5.858377676094057573e-01 2.865199559192467826e-01
1.276422637059806409e-01 5.858377118825656149e-01 2.865200244103617289e-01
1.276422509417083073e-01 5.858376561557366857e-01 2.865200929014629638e-01
1.276422381774385273e-01 5.858376004289189698e-01 2.865201613925505431e-01
1.276422254131713285e-01 5.858375447021122451e-01 2.865202298836243555e-01
1.276422126489066555e-01 5.858374889753167336e-01 2.865202983746845122e-01
1.276421998846445360e-01 5.858374332485324354e-01 2.865203668657310132e-01
1.276421871203849978e-01 5.858373775217592394e-01 2.865204353567637474e-01
1.276421743561279853e-01 5.858373217949971457e-01 2.865205038477828259e-01
1.276421615918735264e-01 5.858372646396706740e-01 2.865205737673637842e-01
1.276421488276216210e-01 5.858372074843556376e-01 2.865206436869307538e-01
1.276421360633722968e-01 5.858371503290520366e-01 2.865207136064836790e-01
1.276421232991254984e-01 5.858370931737597598e-01 2.865207835260227265e-01
1.276421105348812535e-01 5.858370345899039933e-01 2.865208548741227101e-01
1.276420977706395621e-01 5.858369760060599951e-01 2.865209262222084829e-01
1.276420850064004242e-01 5.858369174222276543e-01 2.865209975702799339e-01
1.276420722421638398e-01 5.858368588384069708e-01 2.865210689183371739e-01
1.276420594779298090e-01 5.858368002545980557e-01 2.865211402663800921e-01
1.276420467136983317e-01 5.858367416708009090e-01 2.865212116144087440e-01
1.276420339494694078e-01 5.858366830870154196e-01 2.865212829624231849e-01
1.276420211852430375e-01 5.858366245032415875e-01 2.865213543104233040e-01
1.276420084210192207e-01 5.858365659194796349e-01 2.865214256584091568e-01
1.276419956567979574e-01 5.858365073357292285e-01 2.865214970063807431e-01
1.276419828925792477e-01 5.858364487519907016e-01 2.865215683543380631e-01
1.276419701283630914e-01 5.858363901682637209e-01 2.865216397022811168e-01
1.276419573641494887e-01 5.858363315845486197e-01 2.865217110502099040e-01
1.276419445999384394e-01 5.858362730008451758e-01 2.865217823981244250e-01
1.276419318357299437e-01 5.858362144171533892e-01 2.865218537460246795e-01
1.276419190715239738e-01 5.858361558334733710e-01 2.865219250939106121e-01
1.276419063073205851e-01 5.858360972498050101e-01 2.865219964417823340e-01
1.276418935431197499e-01 5.858360386661484176e-01 2.865220677896397894e-01
1.276418807789214682e-01 5.858359800825035935e-01 2.865221391374829230e-01
1.276418680147257123e-01 5.858359214988704267e-01 2.865222104853118457e-01
1.276418552505325377e-01 5.858358629152490282e-01 2.865222818331264465e-01
1.276418424863419165e-01 5.858358043316392871e-01 2.865223531809267810e-01
1.276418297221538212e-01 5.858357457480412034e-01 2.865224245287129046e-01
1.276418169579683071e-01 5.858356871644549990e-01 2.865224958764847063e-01
1.276418041937853465e-01 5.858356285808803410e-01 2.865225672242422417e-01
1.276417928581763395e-01 5.858355699973175623e-01 2.865226371434140828e-01
