1.336687883212064332e-01 5.777435996624066261e-01 2.885876120173249681e-01
1.336687749541966286e-01 5.777436418884605018e-01 2.885875831582809248e-01
1.336687615871894608e-01 5.777436841145059399e-01 2.885875542992427101e-01
1.336687482201849853e-01 5.777437263405428292e-01 2.885875254402102130e-01
1.336687348531831743e-01 5.777437685665713918e-01 2.885874965811834891e-01
1.336687214861840278e-01 5.777438107925914057e-01 2.885874677221625939e-01
1.336687081191875737e-01 5.777438530186030929e-01 2.885874388631474163e-01
1.336686947521937840e-01 5.777438952446062315e-01 2.885874100041380119e-01
1.336686813852026590e-01 5.777439374706009323e-01 2.885873811451344362e-01
1.336686680182142262e-01 5.777439796965873064e-01 2.885873522861365781e-01
1.336686546512284579e-01 5.777440219225651319e-01 2.885873234271444931e-01
1.336686412842453542e-01 5.777440641485345196e-01 2.885872945681581814e-01
1.336686279172649428e-01 5.777441063744954697e-01 2.885872657091776428e-01
1.336686145502871959e-01 5.777441486004479820e-01 2.885872368502028773e-01
1.336686011833121135e-01 5.777441908263920567e-01 2.885872079912339405e-01
1.336685878163397234e-01 5.777442330523276937e-01 2.885871791322707214e-01
1.336685744493699979e-01 5.777442752782547819e-01 2.885871502733132754e-01
1.336685610824029369e-01 5.777443175041735435e-01 2.885871214143616026e-01
1.336685477154385682e-01 5.777443597300838674e-01 2.885870925554157029e-01
1.336685343484768640e-01 5.777444019559856425e-01 2.885870636964755764e-01
1.336685209815178244e-01 5.777444441818790910e-01 2.885870348375412231e-01
1.336685076145614492e-01 5.777444864077639908e-01 2.885870059786126429e-01
1.336684942476077664e-01 5.777445286336404529e-01 2.885869771196898359e-01
1.336684808806567482e-01 5.777445708595084772e-01 2.885869482607727465e-01
1.336684675137084222e-01 5.777446130853681749e-01 2.885869194018614858e-01
1.336684541467627607e-01 5.777446553112193239e-01 2.885868905429559983e-01
1.336684407798197638e-01 5.777446975370620352e-01 2.885868616840562839e-01
1.336684274128794314e-01 5.777447397628963088e-01 2.885868328251623427e-01
1.336684140459417913e-01 5.777447819887221447e-01 2.885868039662741746e-01
1.336684006790068158e-01 5.777448242145395430e-01 2.885867751073917242e-01
1.336683873120745047e-01 5.777448664403483924e-01 2.885867462485151025e-01
1.336683739451448860e-01 5.777449086661489153e-01 2.885867173896442539e-01
1.336683605782179318e-01 5.777449508919410004e-01 2.885866885307791230e-01
1.336683472112936699e-01 5.777449931177245368e-01 2.885866596719198207e-01
1.336683338443720448e-01 5.777450353434997465e-01 2.885866308130662916e-01
1.336683204774531120e-01 5.777450775692664076e-01 2.885866019542184802e-01
1.336683071105368714e-01 5.777451197950247419e-01 2.885865730953764974e-01
1.336682937436232677e-01 5.777451620207745275e-01 2.885865442365402322e-01
1.336682803767123562e-01 5.777452042465158755e-01 2.885865153777097958e-01
1.336682670098041370e-01 5.777452464722487857e-01 2.885864865188850770e-01
1.336682536428985546e-01 5.777452886979733693e-01 2.885864576600661868e-01
1.336682402759956645e-01 5.777453309236894041e-01 2.885864288012530143e-01
1.336682269090954389e-01 5.777453731493970013e-01 2.885863999424456705e-01
1.336682135421979056e-01 5.777454153750960497e-01 2.885863710836440443e-01
1.336682001753030369e-01 5.777454576007867715e-01 2.885863422248482468e-01
1.336681868084108327e-01 5.777454998264690555e-01 2.885863133660581670e-01
1.336681734415212930e-01 5.777455420521429019e-01 2.885862845072738603e-01
1.336681600746344456e-01 5.777455842778081996e-01 2.885862556484953823e-01
1.336681467077502627e-01 5.777456265034651706e-01 2.885862267897226219e-01
1.336681333408687722e-01 5.777456687291135928e-01 2.885861979309556347e-01
1.336681199739899462e-01 5.777457109547536884e-01 2.885861690721944206e-01
1.336681066071137847e-01 5.777457531803852353e-01 2.885861402134390352e-01
1.336680932402402877e-01 5.777457954060084555e-01 2.885861113546893675e-01
1.336680798733694830e-01 5.777458376316231270e-01 2.885860824959454729e-01
1.336680665065013429e-01 5.777458798572293608e-01 2.885860536372073515e-01
1.336680531396358673e-01 5.777459220828271569e-01 2.885860247784750032e-01
1.336680397727730840e-01 5.777459643084165153e-01 2.885859959197484281e-01
1.336680264059129652e-01 5.777460065339974360e-01 2.885859670610276262e-01
1.336680130390555110e-01 5.777460487595699190e-01 2.885859382023125974e-01
1.336679996722007491e-01 5.777460909851339643e-01 2.885859093436033418e-01
1.336679863053486517e-01 5.777461332106895719e-01 2.885858804848998593e-01
1.336679729384992188e-01 5.777461754362366309e-01 2.885858516262021500e-01
1.336679595716524782e-01 5.777462176617753631e-01 2.885858227675102139e-01
1.336679462048084022e-01 5.777462598873055466e-01 2.885857939088240509e-01
1.336679328379669907e-01 5.777463021128274034e-01 2.885857650501436611e-01
1.336679194711282714e-01 5.777463443383407116e-01 2.885857361914690444e-01
1.336679061042922168e-01 5.777463865638456930e-01 2.885857073328002009e-01
1.336678927374588266e-01 5.777464287893421258e-01 2.885856784741371306e-01
1.336678793706281010e-01 5.777464710148301208e-01 2.885856496154797779e-01
1.336678660038000677e-01 5.777465132403096781e-01 2.885856207568282539e-01
1.336678526369746989e-01 5.777465554657807978e-01 2.885855918981825030e-01
1.336678392701520224e-01 5.777465976912434797e-01 2.885855630395425253e-01
1.336678259033320104e-01 5.777466399166977240e-01 2.885855341809082653e-01
1.336678125365146630e-01 5.777466821421435306e-01 2.885855053222798339e-01
1.336677991696999801e-01 5.777467243675808994e-01 2.885854764636571201e-01
1.336677858028879895e-01 5.777467665930098306e-01 2.885854476050402351e-01
1.336677724360786634e-01 5.777468088184303241e-01 2.885854187464291232e-01
1.336677590692720297e-01 5.777468510438422689e-01 2.885853898878237289e-01
1.336677457024680327e-01 5.777468932692458869e-01 2.885853610292241633e-01
1.336677323356667280e-01 5.777469354946409563e-01 2.885853321706303154e-01
1.336677189688681155e-01 5.777469777200276990e-01 2.885853033120422961e-01
1.336677056020721399e-01 5.777470199454058930e-01 2.885852744534599945e-01
1.336676922352788566e-01 5.777470621707756493e-01 2.885852455948835216e-01
1.336676788684882655e-01 5.777471043961370789e-01 2.885852167363127663e-01
1.336676655017003112e-01 5.777471466214899598e-01 2.885851878777477841e-01
1.336676521349150493e-01 5.777471888468344030e-01 2.885851590191886307e-01
1.336676387681324518e-01 5.777472310721704085e-01 2.885851301606351949e-01
1.336676254013525467e-01 5.777472732974979763e-01 2.885851013020875322e-01
1.336676120345753060e-01 5.777473155228171064e-01 2.885850724435456982e-01
1.336675986678007300e-01 5.777473577481277989e-01 2.885850435850095819e-01
1.336675853010288462e-01 5.777473999734299426e-01 2.885850147264792387e-01
1.336675719342595992e-01 5.777474421987237596e-01 2.885849858679546687e-01
1.336675585674930722e-01 5.777474844240091389e-01 2.885849570094358718e-01
1.336675452007291820e-01 5.777475266492859696e-01 2.885849281509229036e-01
1.336675318339679841e-01 5.777475688745544735e-01 2.885848992924156531e-01
1.336675184672094507e-01 5.777476110998144287e-01 2.885848704339141757e-01
1.336675051004535819e-01 5.777476533250659463e-01 2.885848415754184715e-01
1.336674917337004054e-01 5.777476955503091371e-01 2.885848127169285404e-01
1.336674783669498934e-01 5.777477377755437793e-01 2.885847838584443825e-01
1.336674650002020737e-01 5.777477800007699837e-01 2.885847549999659978e-01
