1.113616858136229210e-01 6.059301687099218903e-01 2.827081454767155777e-01
1.113616746773452015e-01 6.059302081172911469e-01 2.827081172056239988e-01
1.113616635410697164e-01 6.059302475246526321e-01 2.827080889345380266e-01
1.113616524047964518e-01 6.059302869320061236e-01 2.827080606634577720e-01
1.113616412685254214e-01 6.059303263393518435e-01 2.827080323923831240e-01
1.113616301322566116e-01 6.059303657466896809e-01 2.827080041213141381e-01
1.113616189959900360e-01 6.059304051540195246e-01 2.827079758502508144e-01
1.113616078597256809e-01 6.059304445613415968e-01 2.827079475791930974e-01
1.113615967234635462e-01 6.059304839686557864e-01 2.827079193081410979e-01
1.113615855872036597e-01 6.059305233759619824e-01 2.827078910370947051e-01
1.113615744509459798e-01 6.059305627832604069e-01 2.827078627660539745e-01
1.113615633146905343e-01 6.059306021905509487e-01 2.827078344950189615e-01
1.113615521784373230e-01 6.059306415978334970e-01 2.827078062239895551e-01
1.113615410421863322e-01 6.059306810051082737e-01 2.827077779529657553e-01
1.113615299059375757e-01 6.059307204123751678e-01 2.827077496819476732e-01
1.113615187696910397e-01 6.059307598196340683e-01 2.827077214109352532e-01
1.113615076334467241e-01 6.059307992268851972e-01 2.827076931399284399e-01
1.113614964972046428e-01 6.059308386341284436e-01 2.827076648689272886e-01
1.113614853609647959e-01 6.059308780413638074e-01 2.827076365979317996e-01
1.113614742247271694e-01 6.059309174485911775e-01 2.827076083269419726e-01
1.113614630884917633e-01 6.059309568558107761e-01 2.827075800559578078e-01
1.113614519522585916e-01 6.059309962630224922e-01 2.827075517849793052e-01
1.113614408160276542e-01 6.059310356702263256e-01 2.827075235140064646e-01
1.113614296797989373e-01 6.059310750774221654e-01 2.827074952430392307e-01
1.113614185435724407e-01 6.059311144846102337e-01 2.827074669720776590e-01
1.113614074073481786e-01 6.059311538917904194e-01 2.827074387011217493e-01
1.113613962711261507e-01 6.059311932989627225e-01 2.827074104301715018e-01
1.113613851349063433e-01 6.059312327061271430e-01 2.827073821592269165e-01
1.113613739986887563e-01 6.059312721132836810e-01 2.827073538882879933e-01
1.113613628624734037e-01 6.059313115204322253e-01 2.827073256173546767e-01
1.113613517262602853e-01 6.059313509275729981e-01 2.827072973464270778e-01
1.113613405900493875e-01 6.059313903347058883e-01 2.827072690755050854e-01
1.113613294538407100e-01 6.059314297418308959e-01 2.827072408045887553e-01
1.113613183176342669e-01 6.059314691489480209e-01 2.827072125336780872e-01
1.113613071814300443e-01 6.059315085560572633e-01 2.827071842627730813e-01
1.113612960452280559e-01 6.059315479631586232e-01 2.827071559918737376e-01
1.113612849090283019e-01 6.059315873702521005e-01 2.827071277209800004e-01
1.113612737728307545e-01 6.059316267773376952e-01 2.827070994500919809e-01
1.113612626366354552e-01 6.059316661844152963e-01 2.827070711792095681e-01
1.113612515004423764e-01 6.059317055914851258e-01 2.827070429083328174e-01
1.113612403642515181e-01 6.059317449985470727e-01 2.827070146374617288e-01
1.113612292280628940e-01 6.059317844056011371e-01 2.827069863665963023e-01
1.113612180918764905e-01 6.059318238126473188e-01 2.827069580957365380e-01
1.113612069556923212e-01 6.059318632196856180e-01 2.827069298248823803e-01
1.113611958195103724e-01 6.059319026267160346e-01 2.827069015540339403e-01
1.113611846833306579e-01 6.059319420337385687e-01 2.827068732831911069e-01
1.113611735471531639e-01 6.059319814407532201e-01 2.827068450123539356e-01
1.113611624109779041e-01 6.059320208477599889e-01 2.827068167415224265e-01
1.113611512748048649e-01 6.059320602547588752e-01 2.827067884706965795e-01
1.113611401386340599e-01 6.059320996617498789e-01 2.827067601998763946e-01
1.113611290024654754e-01 6.059321390687331110e-01 2.827067319290618164e-01
1.113611178662991252e-01 6.059321784757083496e-01 2.827067036582529558e-01
1.113611067301349955e-01 6.059322178826757055e-01 2.827066753874497018e-01
1.113610955939731001e-01 6.059322572896351788e-01 2.827066471166521100e-01
1.113610844578134251e-01 6.059322966965867696e-01 2.827066188458601803e-01
1.113610733216559845e-01 6.059323361035304778e-01 2.827065905750739128e-01
1.113610621855007643e-01 6.059323755104663034e-01 2.827065623042933074e-01
1.113610510493477784e-01 6.059324149173942464e-01 2.827065340335183086e-01
1.113610399131970130e-01 6.059324543243143069e-01 2.827065057627490274e-01
1.113610287770484819e-01 6.059324937312265957e-01 2.827064774919853529e-01
1.113610176409021713e-01 6.059325331381308910e-01 2.827064492212273406e-01
1.113610065047580810e-01 6.059325725450273037e-01 2.827064209504749903e-01
1.113609953686162390e-01 6.059326119519158338e-01 2.827063926797283022e-01
1.113609842324766036e-01 6.059326513587964813e-01 2.827063644089872763e-01
1.113609730963392025e-01 6.059326907656693573e-01 2.827063361382518569e-01
1.113609619602040357e-01 6.059327301725342396e-01 2.827063078675221552e-01
1.113609508240710894e-01 6.059327695793912394e-01 2.827062795967980602e-01
1.113609396879403773e-01 6.059328089862403566e-01 2.827062513260796273e-01
1.113609285518118858e-01 6.059328483930815912e-01 2.827062230553668565e-01
1.113609174156856146e-01 6.059328877999150542e-01 2.827061947846597478e-01
1.113609062795615778e-01 6.059329272067405237e-01 2.827061665139582458e-01
1.113608951434397754e-01 6.059329666135581105e-01 2.827061382432624614e-01
1.113608840073201933e-01 6.059330060203679258e-01 2.827061099725722837e-01
1.113608728712028317e-01 6.059330454271697475e-01 2.827060817018878236e-01
1.113608617350877045e-01 6.059330848339636866e-01 2.827060534312089701e-01
1.113608505989748115e-01 6.059331242407498541e-01 2.827060251605357788e-01
1.113608394628641390e-01 6.059331636475280281e-01 2.827059968898682496e-01
1.113608283267556870e-01 6.059332030542983194e-01 2.827059686192063270e-01
1.113608171906494693e-01 6.059332424610608392e-01 2.827059403485501221e-01
1.113608060545454720e-01 6.059332818678153654e-01 2.827059120778995238e-01
1.113607949184437090e-01 6.059333212745620090e-01 2.827058838072546432e-01
1.113607871156835211e-01 6.059333573479614987e-01 2.827058555366153692e-01
1.113607793129248874e-01 6.059333934213537720e-01 2.827058272659817573e-01
1.113607715101678219e-01 6.059334294947388289e-01 2.827057989953537520e-01
1.113607637074123108e-01 6.059334655681166693e-01 2.827057707247314644e-01
1.113607559046583539e-01 6.059335016414872932e-01 2.827057424541148389e-01
1.113607481019059653e-01 6.059335377148507007e-01 2.827057141835038201e-01
1.113607402991551310e-01 6.059335737882068917e-01 2.827056859128984634e-01
1.113607324964058648e-01 6.059336098615558663e-01 2.827056576422987688e-01
1.113607246936581668e-01 6.059336459348976245e-01 2.827056293717047364e-01
1.113607168909120093e-01 6.059336820082321662e-01 2.827056011011163661e-01
1.113607057548314100e-01 6.059337214148955431e-01 2.827055728305336579e-01
1.113606979520887219e-01 6.059337574882153188e-01 2.827055445599565564e-01
1.113606901493475881e-01 6.059337935615278781e-01 2.827055162893851725e-01
1.113606823466080226e-01 6.059338296348332209e-01 2.827054880188193953e-01
1.113606745438700113e-01 6.059338657081314583e-01 2.827054597482592802e-01
1.113606667411335543e-01 6.059339017814223682e-01 2.827054314777048272e-01
1.113606589383986656e-01 6.059339378547060617e-01 2.827054032071560363e-01
1.113606511356653311e-01 6.059339739279825388e-01 2.827053749366128521e-01
1.113606433329335649e-01 6.059340100012517993e-01 2.827053466660753855e-01
