4.112733370058564430e-01 3.188696908099366012e-01 2.698569721863444681e-01
4.112732960781216307e-01 3.188696591226569677e-01 2.698570448013588585e-01
4.112732553503969934e-01 3.188696274353836624e-01 2.698571172163568010e-01
4.112732146226804608e-01 3.188695957481166854e-01 2.698571896313402552e-01
4.112731738949721438e-01 3.188695640608560922e-01 2.698572620463092209e-01
4.112731331672719315e-01 3.188695323736018272e-01 2.698573344612637537e-01
4.112730924395798238e-01 3.188695006863538906e-01 2.698574068762037426e-01
4.112730517118959317e-01 3.188694689991122821e-01 2.698574792911292430e-01
4.112730109842201442e-01 3.188694373118770020e-01 2.698575517060403106e-01
4.112729702565525169e-01 3.188694056246480502e-01 2.698576241209368898e-01
4.112729295288930498e-01 3.188693739374254821e-01 2.698576965358189250e-01
4.112728888012416872e-01 3.188693422502091868e-01 2.698577689506865274e-01
4.112728480735985404e-01 3.188693105629992752e-01 2.698578413655396413e-01
4.112728075459651800e-01 3.188692788757956920e-01 2.698579135803765849e-01
4.112727672183416061e-01 3.188692471885984925e-01 2.698579855951973583e-01
4.112727270907278188e-01 3.188692155014075658e-01 2.698580574100020169e-01
4.112726869631220250e-01 3.188691838142230228e-01 2.698581292247923535e-01
4.112726470355259067e-01 3.188691521270447526e-01 2.698582008395666310e-01
4.112726069079361557e-01 3.188691204398728662e-01 2.698582726543282684e-01
4.112725669803560802e-01 3.188690887527073081e-01 2.698583442690739020e-01
4.112725270527839427e-01 3.188690570655480783e-01 2.698584158838052693e-01
4.112724869252182280e-01 3.188690253783952322e-01 2.698584876985238301e-01
4.112724465976589916e-01 3.188689936912486589e-01 2.698585597132295844e-01
4.112724062701078598e-01 3.188689620041084694e-01 2.698586317279209612e-01
4.112723655425618019e-01 3.188689303169746081e-01 2.698587041426008803e-01
4.112723248150238486e-01 3.188688986298470751e-01 2.698587765572663111e-01
4.112722840874941110e-01 3.188688669427258704e-01 2.698588489719173089e-01
4.112722433599724781e-01 3.188688352556110495e-01 2.698589213865537628e-01
4.112722026324590052e-01 3.188688035685025013e-01 2.698589938011757838e-01
4.112721619049536370e-01 3.188687718814003369e-01 2.698590662157832609e-01
4.112721211774564289e-01 3.188687401943045008e-01 2.698591386303763051e-01
4.112720804499673810e-01 3.188687085072149929e-01 2.698592110449548609e-01
4.112720397224864932e-01 3.188686768201318134e-01 2.698592834595189283e-01
4.112719989950137656e-01 3.188686451330549620e-01 2.698593558740685072e-01
4.112719582675491425e-01 3.188686134459844945e-01 2.698594282886035978e-01
4.112719175400926797e-01 3.188685817589203553e-01 2.698595007031242554e-01
4.112718770126456147e-01 3.188685500718625443e-01 2.698595729176291314e-01
4.112718368852090745e-01 3.188685183848110616e-01 2.698596447321170988e-01
4.112717967577805833e-01 3.188684866977659071e-01 2.698597165465906889e-01
4.112717566303601413e-01 3.188684550107270810e-01 2.698597883610499015e-01
4.112717165029476929e-01 3.188684233236946386e-01 2.698598601754947368e-01
4.112716765755444759e-01 3.188683916366684690e-01 2.698599317899240679e-01
4.112716366481492525e-01 3.188683601496498654e-01 2.698600032043380059e-01
4.112715965207608404e-01 3.188683286626375346e-01 2.698600748187386933e-01
4.112715563933804774e-01 3.188682973756326033e-01 2.698601462331240430e-01
4.112715158660060211e-01 3.188682660886339448e-01 2.698602180474972134e-01
4.112714753386396138e-01 3.188682348016415036e-01 2.698602898618560064e-01
4.112714348112813667e-01 3.188682035146553351e-01 2.698603616762004220e-01
4.112713944839321845e-01 3.188681722276754393e-01 2.698604332905295000e-01
4.112713541565911068e-01 3.188681409407017608e-01 2.698605049048442561e-01
4.112713138292580783e-01 3.188681094537333949e-01 2.698605767191456506e-01
4.112712735019330990e-01 3.188680779667713572e-01 2.698606485334326677e-01
4.112712329746152640e-01 3.188680464798155922e-01 2.698607205477063231e-01
4.112711924473055891e-01 3.188680149928661001e-01 2.698607925619655457e-01
4.112711519200039634e-01 3.188679835059229362e-01 2.698608645762103908e-01
4.112711117927121962e-01 3.188679520189860450e-01 2.698609361904389936e-01
4.112710716654284226e-01 3.188679203320545774e-01 2.698610080046541793e-01
4.112710317381536029e-01 3.188678886451294381e-01 2.698610796188541938e-01
4.112709918108867213e-01 3.188678569582106825e-01 2.698611512330398310e-01
4.112709516836269841e-01 3.188678252712981998e-01 2.698612230472119400e-01
4.112709119563768834e-01 3.188677933843913070e-01 2.698612946613689334e-01
4.112708722291347208e-01 3.188677614974907981e-01 2.698613662755116049e-01
4.112708325019004962e-01 3.188677296105966730e-01 2.698614378896399546e-01
4.112707927746742653e-01 3.188676977237089316e-01 2.698615095037539824e-01
4.112707528474552343e-01 3.188676658368275740e-01 2.698615813178543710e-01
4.112707129202441969e-01 3.188676339499525447e-01 2.698616531319403822e-01
4.112706729930411531e-01 3.188676020630839547e-01 2.698617249460120715e-01
4.112706326658447931e-01 3.188675701762216930e-01 2.698617971600706378e-01
4.112705923386565376e-01 3.188675382893658150e-01 2.698618693741148267e-01
4.112705520114762758e-01 3.188675064025163208e-01 2.698619415881445271e-01
4.112705116843041186e-01 3.188674745156732104e-01 2.698620138021597947e-01
4.112704715571405822e-01 3.188674426288364838e-01 2.698620858161600577e-01
4.112704316299856111e-01 3.188674107420061410e-01 2.698621576301453717e-01
4.112703915028381174e-01 3.188673788551821264e-01 2.698622296441168800e-01
4.112703513756986173e-01 3.188673469683645512e-01 2.698623016580739553e-01
4.112703112485671664e-01 3.188673152815537648e-01 2.698623734720161371e-01
4.112702711214437090e-01 3.188672833947489016e-01 2.698624454859444577e-01
4.112702309943283008e-01 3.188672515079504222e-01 2.698625174998583454e-01
4.112701908672209417e-01 3.188672196211583265e-01 2.698625895137578556e-01
4.112701507401215761e-01 3.188671877343725591e-01 2.698626615276429885e-01
4.112701106130302042e-01 3.188671558475932311e-01 2.698627335415136885e-01
4.112700704859469369e-01 3.188671239608202312e-01 2.698628055553699556e-01
4.112700305588720129e-01 3.188670920740536152e-01 2.698628773692114957e-01
4.112699906318050824e-01 3.188670601872934385e-01 2.698629491830386029e-01
4.112699509047463842e-01 3.188670283005395900e-01 2.698630207968511496e-01
4.112699111776956795e-01 3.188669964137920698e-01 2.698630924106493190e-01
4.112698716506531516e-01 3.188669645270509889e-01 2.698631638244329278e-01
4.112698321236185617e-01 3.188669326403162918e-01 2.698632352382022703e-01
4.112697927965920930e-01 3.188669007535879230e-01 2.698633064519570524e-01
4.112697534695735069e-01 3.188668688668659934e-01 2.698633776656976235e-01
4.112697141425628033e-01 3.188668369801503921e-01 2.698634488794239283e-01
4.112696746155597438e-01 3.188668050934411746e-01 2.698635202931362054e-01
4.112696352885647499e-01 3.188667732067383409e-01 2.698635915068339775e-01
4.112695957615775111e-01 3.188667413200418910e-01 2.698636629205177218e-01
4.112695564345982824e-01 3.188667094333518248e-01 2.698637341341870166e-01
4.112695171076269363e-01 3.188666775466681425e-01 2.698638053478420451e-01
4.112694775806633452e-01 3.188666456599907884e-01 2.698638767614829903e-01
4.112694380537076366e-01 3.188666137733198735e-01 2.698639481751096136e-01
4.112693983267598496e-01 3.188665818866552870e-01 2.698640197887219316e-01
4.112693587998200173e-01 3.188665499999971398e-01 2.698640912023199667e-01
