1.031631588193805162e-02 9.879753226883404293e-01 1.708361412773949824e-03
1.031631510029880350e-02 9.879753228908101370e-01 1.708361991943484204e-03
1.031631431865971150e-02 9.879753230932798447e-01 1.708362571112903008e-03
1.031631378702317636e-02 9.879753230457470892e-01 1.708363150282205803e-03
1.031631325538674877e-02 9.879753229982144447e-01 1.708363729451393021e-03
1.031631272375042527e-02 9.879753229506818002e-01 1.708364308620464230e-03
1.031631219211420931e-02 9.879753229031491557e-01 1.708364887789419429e-03
1.031631141047579907e-02 9.879753231056187524e-01 1.708365466958259053e-03
1.031631062883754668e-02 9.879753233080882380e-01 1.708366046126982883e-03
1.031631009720169849e-02 9.879753230105532413e-01 1.708366875297840509e-03
1.031630956556595785e-02 9.879753227130182447e-01 1.708367704468532469e-03
1.031630903393032303e-02 9.879753224154832481e-01 1.708368533639058546e-03
1.031630850229479576e-02 9.879753221179483624e-01 1.708369362809418739e-03
1.031630797065937258e-02 9.879753220704158290e-01 1.708369941977463426e-03
1.031630743902405868e-02 9.879753217728810544e-01 1.708370771147517007e-03
1.031630665738674825e-02 9.879753217253485209e-01 1.708371600317404706e-03
1.031630587574959568e-02 9.879753216778159874e-01 1.708372429487126738e-03
1.031630509411259923e-02 9.879753216302835650e-01 1.708373258656682670e-03
1.031630431247575891e-02 9.879753215827510315e-01 1.708374087826072937e-03
1.031630353083907471e-02 9.879753215352186091e-01 1.708374916995297321e-03
1.031630274920254664e-02 9.879753214876861867e-01 1.708375746164356038e-03
1.031630196756617469e-02 9.879753214401536532e-01 1.708376575333248656e-03
1.031630118592996061e-02 9.879753211426192117e-01 1.708377654503900802e-03
1.031630040429390091e-02 9.879753208450847701e-01 1.708378733674337192e-03
1.031629962265799907e-02 9.879753205475504396e-01 1.708379812844557609e-03
1.031629859102040254e-02 9.879753207500198142e-01 1.708380642012712102e-03
1.031629755938301245e-02 9.879753209524892998e-01 1.708381471180700712e-03
1.031629652774582878e-02 9.879753209049568774e-01 1.708382550350323516e-03
1.031629549610885155e-02 9.879753211074262520e-01 1.708383379517955424e-03
1.031629446447207901e-02 9.879753213098956266e-01 1.708384208685421448e-03
1.031629343283551464e-02 9.879753215123648902e-01 1.708385037852721807e-03
1.031629240119915671e-02 9.879753217148341538e-01 1.708385867019856065e-03
1.031629161956467908e-02 9.879753216673017313e-01 1.708386696186824658e-03
1.031629083793035931e-02 9.879753216197693089e-01 1.708387525353627368e-03
1.031629005629619567e-02 9.879753215722368864e-01 1.708388354520264411e-03
1.031628927466218815e-02 9.879753215247045750e-01 1.708389183686735355e-03
1.031628849302833502e-02 9.879753214771721526e-01 1.708390012853040632e-03
1.031628771139463975e-02 9.879753214296398411e-01 1.708390842019180027e-03
1.031628692976110234e-02 9.879753211321058437e-01 1.708391921186678663e-03
1.031628614812771932e-02 9.879753203345689183e-01 1.708393500356961917e-03
1.031628536649449243e-02 9.879753195370322150e-01 1.708395079526929018e-03
1.031628433485997330e-02 9.879753187394957337e-01 1.708396908698030280e-03
1.031628330322565887e-02 9.879753179419593634e-01 1.708398737868765732e-03
1.031628227159155087e-02 9.879753173944244571e-01 1.708400317037735584e-03
1.031628123995765103e-02 9.879753173468925898e-01 1.708401396203639358e-03
1.031628020832395590e-02 9.879753172993606114e-01 1.708402475369327376e-03
1.031627917669046719e-02 9.879753175018299860e-01 1.708403304533474224e-03
1.031627814505718492e-02 9.879753174542980076e-01 1.708404383698755450e-03
1.031627711342410908e-02 9.879753176567673822e-01 1.708405212862545595e-03
1.031627608179123967e-02 9.879753178592366458e-01 1.708406042026170074e-03
1.031627505015857670e-02 9.879753180617059094e-01 1.708406871189628454e-03
1.031627401852612015e-02 9.879753180141739310e-01 1.708407950354121465e-03
1.031627298689386830e-02 9.879753177166405997e-01 1.708409279519573429e-03
1.031627195526182462e-02 9.879753174191074905e-01 1.708410608684759547e-03
1.031627092362998738e-02 9.879753171215742702e-01 1.708411937849680035e-03
1.031626989199835483e-02 9.879753168240412720e-01 1.708413267014334460e-03
1.031626886036693044e-02 9.879753165265081627e-01 1.708414596178723039e-03
1.031626782873571076e-02 9.879753162289752755e-01 1.708415925342845988e-03
1.031626679710469924e-02 9.879753159314423883e-01 1.708417254506702874e-03
1.031626576547389242e-02 9.879753156339095010e-01 1.708418583670293913e-03
1.031626473384329203e-02 9.879753153363767249e-01 1.708419912833619323e-03
1.031626370221289980e-02 9.879753150388439487e-01 1.708421241996678887e-03
1.031626267058271228e-02 9.879753147413112835e-01 1.708422571159472388e-03
1.031626163895273118e-02 9.879753146937797492e-01 1.708423650321100285e-03
1.031626060732295652e-02 9.879753146462482150e-01 1.708424729482512427e-03
1.031625957569338829e-02 9.879753140987148630e-01 1.708426308645408795e-03
1.031625854406402649e-02 9.879753138011824198e-01 1.708427637807164281e-03
1.031625751243487113e-02 9.879753135036499767e-01 1.708428966968653703e-03
1.031625648080592046e-02 9.879753132061176446e-01 1.708430296129877278e-03
1.031625544917717796e-02 9.879753129085854235e-01 1.708431625290835008e-03
1.031625441754864189e-02 9.879753126110532024e-01 1.708432954451527108e-03
1.031625338592031052e-02 9.879753123135210924e-01 1.708434283611953144e-03
1.031625235429218732e-02 9.879753122659897802e-01 1.708435362771438659e-03
1.031625157266491920e-02 9.879753119684576701e-01 1.708436441930708200e-03
1.031625079103780894e-02 9.879753119209264689e-01 1.708437271089136749e-03
1.031625000941085481e-02 9.879753123733963083e-01 1.708437600246199900e-03
1.031624922778405506e-02 9.879753128258661476e-01 1.708437929403196914e-03
1.031624844615741318e-02 9.879753132783357650e-01 1.708438258560128226e-03
1.031624766453092742e-02 9.879753137308053823e-01 1.708438587716993619e-03
1.031624663290409832e-02 9.879753141832748886e-01 1.708439166874293211e-03
1.031624560127747392e-02 9.879753146357442839e-01 1.708439746031477011e-03
1.031624456965105768e-02 9.879753150882135682e-01 1.708440325188544801e-03
1.031624353802484614e-02 9.879753155406828524e-01 1.708440904345496798e-03
1.031624250639884277e-02 9.879753159931520257e-01 1.708441483502333002e-03
1.031624147477304410e-02 9.879753164456209769e-01 1.708442062659053413e-03
1.031624044314745185e-02 9.879753168980900391e-01 1.708442641815657815e-03
1.031623941152206778e-02 9.879753173505588792e-01 1.708443220972146641e-03
1.031623837989688840e-02 9.879753173030271229e-01 1.708444300129119409e-03
1.031623734827191545e-02 9.879753172554954777e-01 1.708445379285876637e-03
1.031623631664714894e-02 9.879753172079637213e-01 1.708446458442417892e-03
1.031623528502258885e-02 9.879753171604320761e-01 1.708447537598743390e-03
1.031623425339823520e-02 9.879753171129003197e-01 1.708448616754853133e-03
1.031623322177408798e-02 9.879753165653683000e-01 1.708450195911097053e-03
1.031623219015014546e-02 9.879753160178362803e-01 1.708451775067025037e-03
1.031623115852641111e-02 9.879753154703043716e-01 1.708453354222637301e-03
1.031623012690288319e-02 9.879753149227725739e-01 1.708454933377933629e-03
1.031622909527955996e-02 9.879753146252410190e-01 1.708456262532839125e-03
1.031622831365649508e-02 9.879753138277094227e-01 1.708457841687528733e-03
1.031622753203358632e-02 9.879753132801779580e-01 1.708459170841877383e-03
1.031622675041083195e-02 9.879753127326466045e-01 1.708460499995960403e-03
