1.625454672036550641e-01 5.618825346412822386e-01 2.755719981618331982e-01
1.625454509489490384e-01 5.618825784534582368e-01 2.755719706043632811e-01
1.625454346942462880e-01 5.618826222656253533e-01 2.755719430468989151e-01
1.625454184395467572e-01 5.618826660777836990e-01 2.755719154894400447e-01
1.625454021848505015e-01 5.618827098899332739e-01 2.755718879319867254e-01
1.625453859301574933e-01 5.618827537020741891e-01 2.755718603745389017e-01
1.625453696754677324e-01 5.618827965141969250e-01 2.755718338171058712e-01
1.625453534207812190e-01 5.618828393263112231e-01 2.755718072596781143e-01
1.625453371660979529e-01 5.618828821384168615e-01 2.755717807022556864e-01
1.625453209114179343e-01 5.618829259505229157e-01 2.755717531448296231e-01
1.625453046567411908e-01 5.618829697626203101e-01 2.755717255874090554e-01
1.625452884020676947e-01 5.618830135747088228e-01 2.755716980299939833e-01
1.625452741474148199e-01 5.618830553867713018e-01 2.755716704725844068e-01
1.625452598927648318e-01 5.618830971988254541e-01 2.755716429151803815e-01
1.625452456381176747e-01 5.618831390108711688e-01 2.755716153577818517e-01
1.625452313834733764e-01 5.618831808229084457e-01 2.755715878003888175e-01
1.625452171288319092e-01 5.618832226349375070e-01 2.755715602430013345e-01
1.625452018741851135e-01 5.618832654469663179e-01 2.755715326856193470e-01
1.625451866195413708e-01 5.618833082589865802e-01 2.755715051282428552e-01
1.625451713649006813e-01 5.618833510709982937e-01 2.755714775708718589e-01
1.625451561102630171e-01 5.618833938830013475e-01 2.755714500135064138e-01
1.625451418556362326e-01 5.618834356949882203e-01 2.755714224561464643e-01
1.625451286010199947e-01 5.618834765069588011e-01 2.755713948987920103e-01
1.625451153464063936e-01 5.618835173189213883e-01 2.755713673414431075e-01
1.625451020917954570e-01 5.618835581308756488e-01 2.755713397840997003e-01
1.625450888371871572e-01 5.618835989428218047e-01 2.755713122267617887e-01
1.625450755825815219e-01 5.618836397547598560e-01 2.755712846694293727e-01
1.625450613279713352e-01 5.618836815666969908e-01 2.755712571121025078e-01
1.625450470733640074e-01 5.618837233786256879e-01 2.755712295547811386e-01
1.625450338187665045e-01 5.618837641905389813e-01 2.755712019974652649e-01
1.625450205641716661e-01 5.618838050024441699e-01 2.755711744401549423e-01
1.625450063095726927e-01 5.618838468143481091e-01 2.755711468828501154e-01
1.625449920549765503e-01 5.618838886262436105e-01 2.755711193255507840e-01
1.625449778003832668e-01 5.618839304381306743e-01 2.755710917682570038e-01
1.625449635457928421e-01 5.618839722500095224e-01 2.755710642109686637e-01
1.625449492912052485e-01 5.618840140618799328e-01 2.755710366536858746e-01
1.625449350366205137e-01 5.618840558737419055e-01 2.755710090964086367e-01
1.625449207820386377e-01 5.618840976855956626e-01 2.755709815391368389e-01
1.625449065274596205e-01 5.618841394974409820e-01 2.755709539818705922e-01
1.625448922728834344e-01 5.618841813092779747e-01 2.755709264246098411e-01
1.625448780183101072e-01 5.618842231211065297e-01 2.755708988673546411e-01
1.625448637637396387e-01 5.618842649329267580e-01 2.755708713101048812e-01
1.625448495091720014e-01 5.618843057447329148e-01 2.755708447528663618e-01
1.625448352546072228e-01 5.618843465565308559e-01 2.755708181956331715e-01
1.625448210000453031e-01 5.618843873683205814e-01 2.755707916384052547e-01
1.625448067454862422e-01 5.618844281801022023e-01 2.755707650811826670e-01
1.625447924909300124e-01 5.618844689918757185e-01 2.755707385239653529e-01
1.625447782363766414e-01 5.618845098036410191e-01 2.755707119667534233e-01
1.625447639818261292e-01 5.618845506153981040e-01 2.755706854095467118e-01
1.625447497272784481e-01 5.618845914271470843e-01 2.755706588523453848e-01
1.625447354727336258e-01 5.618846322388878489e-01 2.755706322951493314e-01
1.625447212181916623e-01 5.618846740506253656e-01 2.755706047379538615e-01
1.625447059636478397e-01 5.618847168623593014e-01 2.755705771807638316e-01
1.625446907091070980e-01 5.618847596740844663e-01 2.755705496235793528e-01
1.625446754545693817e-01 5.618848024858011936e-01 2.755705220664004251e-01
1.625446602000346907e-01 5.618848452975093721e-01 2.755704945092269376e-01
1.625446449455030806e-01 5.618848881092090020e-01 2.755704669520590011e-01
1.625446286909703331e-01 5.618849319209041626e-01 2.755704393948965603e-01
1.625446124364408051e-01 5.618849757325905525e-01 2.755704118377396150e-01
1.625445961819145524e-01 5.618850195442682827e-01 2.755703842805882209e-01
1.625445799273915470e-01 5.618850633559371310e-01 2.755703567234423224e-01
1.625445636728717891e-01 5.618851071675973197e-01 2.755703291663019194e-01
1.625445474183552785e-01 5.618851509792487375e-01 2.755703016091670676e-01
1.625445311638420154e-01 5.618851947908913846e-01 2.755702740520377114e-01
1.625445149093319996e-01 5.618852386025251500e-01 2.755702464949138508e-01
1.625444986548252591e-01 5.618852824141502555e-01 2.755702189377954858e-01
1.625444824003217381e-01 5.618853262257665904e-01 2.755701913806826719e-01
1.625444661458214923e-01 5.618853700373741544e-01 2.755701638235753537e-01
1.625444498913244940e-01 5.618854138489730587e-01 2.755701362664735310e-01
1.625444336368307430e-01 5.618854576605630813e-01 2.755701087093772594e-01
1.625444173823402394e-01 5.618855014721443331e-01 2.755700811522864280e-01
1.625444011278529832e-01 5.618855452837169251e-01 2.755700535952011476e-01
1.625443848733689745e-01 5.618855890952806353e-01 2.755700260381214184e-01
1.625443686188882408e-01 5.618856329068356859e-01 2.755699984810471292e-01
1.625443523644107269e-01 5.618856767183818546e-01 2.755699709239783912e-01
1.625443361099364881e-01 5.618857205299193636e-01 2.755699433669152043e-01
1.625443198554654967e-01 5.618857643414481018e-01 2.755699158098574575e-01
1.625443036009977527e-01 5.618858081529680693e-01 2.755698882528052618e-01
1.625442873465332561e-01 5.618858519644792660e-01 2.755698606957585617e-01
1.625442710920720069e-01 5.618858957759816919e-01 2.755698331387173572e-01
1.625442548376140051e-01 5.618859395874753471e-01 2.755698055816817038e-01
1.625442385831592784e-01 5.618859833989602315e-01 2.755697780246515460e-01
1.625442223287077714e-01 5.618860272104363451e-01 2.755697504676268839e-01
1.625442060742595396e-01 5.618860710219036880e-01 2.755697229106077728e-01
1.625441898198145552e-01 5.618861148333623712e-01 2.755696953535941573e-01
1.625441735653728181e-01 5.618861586448121725e-01 2.755696677965860375e-01
1.625441573109343285e-01 5.618862024562533142e-01 2.755696402395834133e-01
1.625441410564990863e-01 5.618862462676855740e-01 2.755696126825863401e-01
1.625441248020671192e-01 5.618862900791091741e-01 2.755695851255947626e-01
1.625441085476383718e-01 5.618863338905240035e-01 2.755695575686086807e-01
1.625440922932128995e-01 5.618863777019300620e-01 2.755695300116280944e-01
1.625440760387906469e-01 5.618864215133273499e-01 2.755695024546530592e-01
1.625440597843716695e-01 5.618864653247158669e-01 2.755694748976835196e-01
1.625440435299559394e-01 5.618865091360956132e-01 2.755694473407195311e-01
1.625440272755434568e-01 5.618865529474665887e-01 2.755694197837609827e-01
1.625440110211342215e-01 5.618865967588287935e-01 2.755693922268079854e-01
1.625439947667282614e-01 5.618866405701822275e-01 2.755693646698604837e-01
1.625439785123255210e-01 5.618866843815270018e-01 2.755693371129185332e-01
1.625439622579260557e-01 5.618867281928628943e-01 2.755693095559820782e-01
1.625439460035298378e-01 5.618867720041901270e-01 2.755692819990511189e-01
