2.721280395617332593e-01 3.989223713257709636e-01 3.289495890988075599e-01
2.721280173487116150e-01 3.989223314331428738e-01 3.289496512044572940e-01
2.721279951356944116e-01 3.989222915405227776e-01 3.289497133100946491e-01
2.721279724226768337e-01 3.989222516479106750e-01 3.289497759157243295e-01
2.721279492096590480e-01 3.989222117553065106e-01 3.289498390213462242e-01
2.721279259966459252e-01 3.989221718627103397e-01 3.289499021269555179e-01
2.721279022836328165e-01 3.989221319701221624e-01 3.289499657325568038e-01
2.721278790706290196e-01 3.989220920775419232e-01 3.289500288381408399e-01
2.721278558576298856e-01 3.989220521849697332e-01 3.289500919437121640e-01
2.721278331446398968e-01 3.989220122924054812e-01 3.289501545492664603e-01
2.721278104316544044e-01 3.989219723998491673e-01 3.289502171548082110e-01
2.721277877186735195e-01 3.989219325073009026e-01 3.289502797603374162e-01
2.721277650056971309e-01 3.989218926147605759e-01 3.289503423658541315e-01
2.721277417927209785e-01 3.989218527222282429e-01 3.289504054713625614e-01
2.721277180797452844e-01 3.989218128297039034e-01 3.289504690768626505e-01
2.721276933667658438e-01 3.989217729371875021e-01 3.289505336823584369e-01
2.721276686537913991e-01 3.989217330446790943e-01 3.289505982878413448e-01
2.721276439408218950e-01 3.989216931521786802e-01 3.289506628933112631e-01
2.721276192278572759e-01 3.989216532596862597e-01 3.289507274987683028e-01
2.721275945148976527e-01 3.989216133672017772e-01 3.289507921042124083e-01
2.721275708019508799e-01 3.989215734747252884e-01 3.289508557096356700e-01
2.721275465890049539e-01 3.989215335822567932e-01 3.289509198150501468e-01
2.721275228760676734e-01 3.989214936897962360e-01 3.289509834204478733e-01
2.721274991631352225e-01 3.989214537973436725e-01 3.289510470258329433e-01
2.721274754502074344e-01 3.989214139048991026e-01 3.289511106312052457e-01
2.721274512372807153e-01 3.989213740124625263e-01 3.289511747365685967e-01
2.721274275243625307e-01 3.989213341200338880e-01 3.289512383419154196e-01
2.721274038114490090e-01 3.989212942276132434e-01 3.289513019472495303e-01
2.721273800985403168e-01 3.989212543352005924e-01 3.289513655525709290e-01
2.721273563856363431e-01 3.989212144427959350e-01 3.289514291578795602e-01
2.721273326727370878e-01 3.989211745503992157e-01 3.289514927631755348e-01
2.721273089598425510e-01 3.989211346580104900e-01 3.289515563684587418e-01
2.721272852469528436e-01 3.989210952656330744e-01 3.289516194737259203e-01
2.721272615340677992e-01 3.989210563732668580e-01 3.289516820789771812e-01
2.721272378211875287e-01 3.989210174809084131e-01 3.289517446842158965e-01
2.721272141083119767e-01 3.989209785885577397e-01 3.289518072894421219e-01
2.721271908954443486e-01 3.989209396962148380e-01 3.289518693946526517e-01
2.721271676825813279e-01 3.989209008038797077e-01 3.289519314998508026e-01
2.721271449697260092e-01 3.989208619115523491e-01 3.289519931050334245e-01
2.721271227568782258e-01 3.989208230192327620e-01 3.289520542102007394e-01
2.721271000440319554e-01 3.989207836269180740e-01 3.289521163153617533e-01
2.721270773311901814e-01 3.989207442346112131e-01 3.289521784205103327e-01
2.721270546183530148e-01 3.989207048423122348e-01 3.289522405256465332e-01
2.721270314055175277e-01 3.989206654500211391e-01 3.289523031307730605e-01
2.721270086926894649e-01 3.989206260577379259e-01 3.289523652358843364e-01
2.721269864798686600e-01 3.989205866654625954e-01 3.289524268409804719e-01
2.721269642670522404e-01 3.989205472731951474e-01 3.289524884460642840e-01
2.721269420542403172e-01 3.989205078809355820e-01 3.289525500511357725e-01
2.721269198414327795e-01 3.989204684886838437e-01 3.289526116561949376e-01
2.721268991286372452e-01 3.989204290964400434e-01 3.289526717612343276e-01
2.721268784158458187e-01 3.989203897042040703e-01 3.289527318662616717e-01
2.721268572030561828e-01 3.989203503119760352e-01 3.289527924712793983e-01
2.721268359902707656e-01 3.989203109197558272e-01 3.289528530762850234e-01
2.721268152774918847e-01 3.989202715275435573e-01 3.289529131812761742e-01
2.721267945647171116e-01 3.989202321353391145e-01 3.289529732862553901e-01
2.721267728519421447e-01 3.989201927431425543e-01 3.289530343912269172e-01
2.721267511391715077e-01 3.989201533509538766e-01 3.289530954961861764e-01
2.721267304264093911e-01 3.989201139587730816e-01 3.289531556011290880e-01
2.721267092136493981e-01 3.989200745666001691e-01 3.289532162060620490e-01
2.721266875008916397e-01 3.989200351744351392e-01 3.289532773109848374e-01
2.721266662881401399e-01 3.989199952822760631e-01 3.289533384158954132e-01
2.721266450753929145e-01 3.989199553901249251e-01 3.289533995207937767e-01
2.721266243626517811e-01 3.989199154979817807e-01 3.289534601256780544e-01
2.721266031499129934e-01 3.989198756058466300e-01 3.289535212305519929e-01
2.721265824371801867e-01 3.989198357137194173e-01 3.289535818354120122e-01
2.721265622244531945e-01 3.989197958216002537e-01 3.289536419402581680e-01
2.721265415117286035e-01 3.989197559294890283e-01 3.289537025450939844e-01
2.721265197990049844e-01 3.989197160373857409e-01 3.289537641499208354e-01
2.721264980862856953e-01 3.989196761452905027e-01 3.289538257547354183e-01
2.721264763735707914e-01 3.989196367532046872e-01 3.289538868595361376e-01
2.721264541608587328e-01 3.989195973611267543e-01 3.289539484643260736e-01
2.721264324481525443e-01 3.989195579690567039e-01 3.289540095691023125e-01
2.721264102354492564e-01 3.989195185769945362e-01 3.289540711738677126e-01
2.721263875227492024e-01 3.989194791849402510e-01 3.289541332786220518e-01
2.721263643100524376e-01 3.989194402928951111e-01 3.289541953833640120e-01
2.721263410973602803e-01 3.989194014008576872e-01 3.289542574880935377e-01
2.721263178846727859e-01 3.989193625088280903e-01 3.289543195928106845e-01
2.721262946719899545e-01 3.989193236168062651e-01 3.289543816975153412e-01
2.721262704593095938e-01 3.989192847247922113e-01 3.289544448022097001e-01
2.721262452466321480e-01 3.989192458327859292e-01 3.289545089068934280e-01
2.721262200339596982e-01 3.989192069407874186e-01 3.289545730115643885e-01
2.721261948212922999e-01 3.989191680487966796e-01 3.289546371162224703e-01
2.721261701086308271e-01 3.989191291568137676e-01 3.289547007208668550e-01
2.721261448959734763e-01 3.989190902648385717e-01 3.289547648254994017e-01
2.721261196833211771e-01 3.989190513728712029e-01 3.289548289301190698e-01
2.721260944706738738e-01 3.989190124809116056e-01 3.289548930347259703e-01
2.721260692580316776e-01 3.989189730889591279e-01 3.289549576393206443e-01
2.721260445453950738e-01 3.989189336970145328e-01 3.289550217439018431e-01
2.721260193327628696e-01 3.989188943050778202e-01 3.289550863484707599e-01
2.721259941201357724e-01 3.989188549131489903e-01 3.289551509530267426e-01
2.721259684075131857e-01 3.989188155212280429e-01 3.289552160575702211e-01
2.721259426948958171e-01 3.989187761293149781e-01 3.289552811621007100e-01
2.721259169822835555e-01 3.989187367374097404e-01 3.289553462666181538e-01
2.721258912696764565e-01 3.989186973455124408e-01 3.289554113711226080e-01
2.721258655570744645e-01 3.989186574536227603e-01 3.289554769756142250e-01
2.721258398444776350e-01 3.989186175617410735e-01 3.289555425800927413e-01
2.721258141318859680e-01 3.989185781698674771e-01 3.289556076845580601e-01
2.721257879192992557e-01 3.989185387780017633e-01 3.289556732890103752e-01
2.721257617067178725e-01 3.989184993861439321e-01 3.289557388934495896e-01
2.721257354941416517e-01 3.989184599942939835e-01 3.289558044978757034e-01
