9.906562575049406016e-02 6.368026193439870752e-01 2.641317549041157786e-01
9.906561584383440089e-02 6.368026556640811187e-01 2.641317284906813945e-01
9.906560593717671226e-02 6.368026919841678346e-01 2.641317020772523394e-01
9.906559603052102203e-02 6.368027283042473341e-01 2.641316756638285579e-01
9.906558612386730245e-02 6.368027646243195061e-01 2.641316492504101054e-01
9.906557621721556739e-02 6.368028009443844617e-01 2.641316228369968711e-01
9.906556631056581685e-02 6.368028372644422008e-01 2.641315964235889657e-01
9.906555640391805084e-02 6.368028735844926125e-01 2.641315700101862785e-01
9.906554649727225548e-02 6.368029099045358077e-01 2.641315435967889202e-01
9.906553659062844464e-02 6.368029462245716754e-01 2.641315171833968356e-01
9.906552668398661832e-02 6.368029825446002157e-01 2.641314907700100800e-01
9.906551677734676264e-02 6.368030188646216505e-01 2.641314643566285425e-01
9.906550687070890537e-02 6.368030551846357579e-01 2.641314379432523340e-01
9.906549696407301875e-02 6.368030915046425378e-01 2.641314115298813436e-01
9.906548705743911665e-02 6.368031278246421012e-01 2.641313851165156823e-01
9.906547715080719907e-02 6.368031641446344482e-01 2.641313587031552945e-01
9.906546724417725214e-02 6.368032004646194677e-01 2.641313322898001803e-01
9.906545733754928973e-02 6.368032367845972708e-01 2.641313058764503952e-01
9.906544743092332572e-02 6.368032731045677464e-01 2.641312794631058281e-01
9.906543752429931848e-02 6.368033094245310055e-01 2.641312530497665900e-01
9.906542761767730965e-02 6.368033457444870482e-01 2.641312266364326256e-01
9.906541771105727145e-02 6.368033820644357634e-01 2.641312002231039346e-01
9.906540780443921779e-02 6.368034183843771512e-01 2.641311738097805173e-01
9.906539789782314864e-02 6.368034547043113225e-01 2.641311473964624290e-01
9.906538799120906402e-02 6.368034910242382773e-01 2.641311209831495588e-01
9.906537808459695005e-02 6.368035273441580157e-01 2.641310945698420176e-01
9.906536817798683447e-02 6.368035636640703157e-01 2.641310681565397500e-01
9.906535827137867567e-02 6.368035999839755101e-01 2.641310417432427560e-01
9.906534836477251527e-02 6.368036363038733771e-01 2.641310153299510355e-01
9.906533845816833939e-02 6.368036726237640277e-01 2.641309889166646441e-01
9.906532855156613415e-02 6.368037089436473508e-01 2.641309625033834707e-01
9.906531864496591344e-02 6.368037452635234574e-01 2.641309360901076264e-01
9.906530873836767725e-02 6.368037815833922366e-01 2.641309096768370557e-01
9.906529883177141171e-02 6.368038179032537993e-01 2.641308832635717585e-01
9.906528892517714457e-02 6.368038542231080346e-01 2.641308568503117349e-01
9.906527901858484808e-02 6.368038905429550534e-01 2.641308304370569848e-01
9.906526911199453611e-02 6.368039268627948557e-01 2.641308040238075638e-01
9.906525920540620866e-02 6.368039631826273306e-01 2.641307776105633609e-01
9.906524929881985186e-02 6.368039995024525890e-01 2.641307511973244870e-01
9.906523939223547959e-02 6.368040358222705200e-01 2.641307247840908867e-01
9.906522948565309183e-02 6.368040721420812345e-01 2.641306983708626155e-01
9.906521957907268860e-02 6.368041084618847325e-01 2.641306719576395623e-01
9.906520967249425602e-02 6.368041447816809031e-01 2.641306455444217827e-01
9.906519976591782184e-02 6.368041811014697462e-01 2.641306191312093321e-01
9.906518985934335830e-02 6.368042174212514839e-01 2.641305927180021551e-01
9.906517995277087929e-02 6.368042537410257831e-01 2.641305663048002517e-01
9.906517004620037092e-02 6.368042900607929768e-01 2.641305398916036218e-01
9.906516013963186096e-02 6.368043263805528431e-01 2.641305134784122655e-01
9.906515023306532164e-02 6.368043627003053819e-01 2.641304870652262382e-01
9.906514032650076684e-02 6.368043990200507043e-01 2.641304606520454845e-01
9.906513041993818269e-02 6.368044353397888102e-01 2.641304342388699489e-01
9.906512051337759694e-02 6.368044716595195887e-01 2.641304078256997423e-01
9.906511060681898184e-02 6.368045079792431507e-01 2.641303814125348648e-01
9.906510070026235126e-02 6.368045442989593852e-01 2.641303549993752053e-01
9.906509079370770521e-02 6.368045806186684032e-01 2.641303285862208194e-01
9.906508088715502980e-02 6.368046169383702049e-01 2.641303021730717626e-01
9.906507098060433891e-02 6.368046532580646790e-01 2.641302757599279794e-01
9.906506107405563255e-02 6.368046895777518257e-01 2.641302493467894696e-01
9.906505116750891071e-02 6.368047258974317559e-01 2.641302229336562335e-01
9.906504126096417340e-02 6.368047622171044697e-01 2.641301965205282709e-01
9.906503135442140673e-02 6.368047985367699670e-01 2.641301701074056374e-01
9.906502144788062458e-02 6.368048348564280259e-01 2.641301436942882219e-01
9.906501154134182696e-02 6.368048711760789793e-01 2.641301172811761355e-01
9.906500163480501386e-02 6.368049074957226052e-01 2.641300908680693227e-01
9.906499172827017141e-02 6.368049438153590147e-01 2.641300644549677834e-01
9.906498182173732736e-02 6.368049801349880967e-01 2.641300380418715177e-01
9.906497191520645396e-02 6.368050164546099623e-01 2.641300116287805810e-01
9.906496200867755120e-02 6.368050527742245004e-01 2.641299852156949179e-01
9.906495210215064684e-02 6.368050890938318220e-01 2.641299588026144729e-01
9.906494219562571313e-02 6.368051254134318162e-01 2.641299323895393569e-01
9.906493228910276394e-02 6.368051617330245939e-01 2.641299059764695145e-01
9.906492238258179928e-02 6.368051980526101552e-01 2.641298795634050012e-01
9.906491247606281914e-02 6.368052343721883890e-01 2.641298531503457059e-01
9.906490256954580964e-02 6.368052706917594064e-01 2.641298267372917397e-01
9.906489266303078467e-02 6.368053070113230962e-01 2.641298003242429915e-01
9.906488275651774422e-02 6.368053433308795697e-01 2.641297739111995724e-01
9.906487285000668830e-02 6.368053796504288266e-01 2.641297474981614268e-01
9.906486294349760302e-02 6.368054159699707562e-01 2.641297210851286104e-01
9.906485303699050227e-02 6.368054522895054692e-01 2.641296946721010119e-01
9.906484313048538604e-02 6.368054886090328548e-01 2.641296682590787426e-01
9.906483322398225433e-02 6.368055249285530239e-01 2.641296418460616913e-01
9.906482331748109327e-02 6.368055612480658656e-01 2.641296154330499690e-01
9.906481341098193061e-02 6.368055975675714908e-01 2.641295890200435204e-01
9.906480350448473859e-02 6.368056338870697886e-01 2.641295626070423452e-01
9.906479359798953110e-02 6.368056702065609809e-01 2.641295361940464992e-01
9.906478369149629426e-02 6.368057065260447347e-01 2.641295097810558712e-01
9.906477378500504194e-02 6.368057428455212721e-01 2.641294833680705723e-01
9.906476387851578802e-02 6.368057791649905930e-01 2.641294569550905469e-01
9.906475397202849087e-02 6.368058154844526975e-01 2.641294305421157951e-01
9.906474406554319212e-02 6.368058518039074745e-01 2.641294041291463168e-01
9.906473415905987789e-02 6.368058881233549240e-01 2.641293777161821676e-01
9.906472425257853431e-02 6.368059244427951571e-01 2.641293513032232365e-01
9.906471434609917526e-02 6.368059607622281737e-01 2.641293248902696345e-01
9.906470443962178685e-02 6.368059970816538629e-01 2.641292984773213059e-01
9.906469453314639684e-02 6.368060334010723356e-01 2.641292720643782510e-01
9.906468462667297747e-02 6.368060697204834808e-01 2.641292456514404696e-01
9.906467472020154263e-02 6.368061060398874096e-01 2.641292192385079618e-01
9.906466481373209232e-02 6.368061423592841219e-01 2.641291928255807830e-01
9.906465490726461265e-02 6.368061786786735068e-01 2.641291664126588223e-01
9.906464500079913138e-02 6.368062149980556752e-01 2.641291399997421907e-01
