1.113657858542023565e-01 6.303229635320939384e-01 2.583112506142286602e-01
1.113657747175146318e-01 6.303230005001598801e-01 2.583112247828504571e-01
1.113657635808291413e-01 6.303230374682184944e-01 2.583111989514774165e-01
1.113657524441458713e-01 6.303230744362695592e-01 2.583111731201095385e-01
1.113657413074648217e-01 6.303231114043132965e-01 2.583111472887468230e-01
1.113657301707860064e-01 6.303231483723497064e-01 2.583111214573892700e-01
1.113657190341094255e-01 6.303231853403786777e-01 2.583110956260368796e-01
1.113657078974350650e-01 6.303232223084002106e-01 2.583110697946897072e-01
1.113656967607629250e-01 6.303232592764144160e-01 2.583110439633476418e-01
1.113656856240930193e-01 6.303232962444211829e-01 2.583110181320107945e-01
1.113656744874253340e-01 6.303233332124206223e-01 2.583109923006790543e-01
1.113656633507598831e-01 6.303233701804126232e-01 2.583109664693525320e-01
1.113656522140966665e-01 6.303234071483971857e-01 2.583109406380311168e-01
1.113656410774356703e-01 6.303234441163744206e-01 2.583109148067149197e-01
1.113656299407768946e-01 6.303234810843442171e-01 2.583108889754038850e-01
1.113656188041203532e-01 6.303235180523066861e-01 2.583108631440980130e-01
1.113656076674660461e-01 6.303235550202617166e-01 2.583108373127973034e-01
1.113655965308139595e-01 6.303235919882093086e-01 2.583108114815017009e-01
1.113655853941640933e-01 6.303236289561495731e-01 2.583107856502113719e-01
1.113655742575164614e-01 6.303236659240823991e-01 2.583107598189261500e-01
1.113655631208710639e-01 6.303237028920078977e-01 2.583107339876460906e-01
1.113655519842278729e-01 6.303237398599259578e-01 2.583107081563711938e-01
1.113655408475869302e-01 6.303237768278365794e-01 2.583106823251014594e-01
1.113655297109482079e-01 6.303238137957398735e-01 2.583106564938369432e-01
1.113655185743117060e-01 6.303238507636357291e-01 2.583106306625775339e-01
1.113655074376774384e-01 6.303238877315242572e-01 2.583106048313233427e-01
1.113654963010454052e-01 6.303239246994053468e-01 2.583105790000742585e-01
1.113654851644155924e-01 6.303239616672789980e-01 2.583105531688303924e-01
1.113654740277880001e-01 6.303239986351453217e-01 2.583105273375916888e-01
1.113654628911626421e-01 6.303240356030042069e-01 2.583105015063581478e-01
1.113654517545395045e-01 6.303240725708557646e-01 2.583104756751297137e-01
1.113654406179186013e-01 6.303241095386998838e-01 2.583104498439064978e-01
1.113654294812999324e-01 6.303241465065365645e-01 2.583104240126884443e-01
1.113654183446834839e-01 6.303241834743659178e-01 2.583103981814755534e-01
1.113654072080692559e-01 6.303242204421878325e-01 2.583103723502678806e-01
1.113653960714572622e-01 6.303242574100024198e-01 2.583103465190653147e-01
1.113653849348474889e-01 6.303242943778095686e-01 2.583103206878679114e-01
1.113653737982399500e-01 6.303243313456093899e-01 2.583102948566756707e-01
1.113653626616346454e-01 6.303243683134016617e-01 2.583102690254886480e-01
1.113653515250315473e-01 6.303244052811867171e-01 2.583102431943067323e-01
1.113653403884306975e-01 6.303244422489642229e-01 2.583102173631300347e-01
1.113653292518320681e-01 6.303244792167345123e-01 2.583101915319584441e-01
1.113653181152356592e-01 6.303245161844972522e-01 2.583101657007920715e-01
1.113653069786414845e-01 6.303245531522526646e-01 2.583101398696308615e-01
1.113652958420495304e-01 6.303245901200006385e-01 2.583101140384748140e-01
1.113652847054598105e-01 6.303246270877412849e-01 2.583100882073238735e-01
1.113652735688723111e-01 6.303246640554744928e-01 2.583100623761781511e-01
1.113652624322870460e-01 6.303247010232003733e-01 2.583100365450375913e-01
1.113652512957040153e-01 6.303247379909187043e-01 2.583100107139021939e-01
1.113652401591232050e-01 6.303247749586298188e-01 2.583099848827720146e-01
1.113652290225446151e-01 6.303248119263334948e-01 2.583099590516469424e-01
1.113652178859682595e-01 6.303248488940297323e-01 2.583099332205270326e-01
1.113652067493941245e-01 6.303248858617185313e-01 2.583099073894122855e-01
1.113651956128222237e-01 6.303249228294000028e-01 2.583098815583027563e-01
1.113651844762525434e-01 6.303249597970740359e-01 2.583098557271983342e-01
1.113651733396850974e-01 6.303249967647407415e-01 2.583098298960991301e-01
1.113651622031198718e-01 6.303250337324000085e-01 2.583098040650050331e-01
1.113651510665568806e-01 6.303250707000519482e-01 2.583097782339161541e-01
1.113651399299961098e-01 6.303251076676964493e-01 2.583097524028324377e-01
1.113651287934375733e-01 6.303251446353335119e-01 2.583097265717538837e-01
1.113651176568812712e-01 6.303251816029632471e-01 2.583097007406804924e-01
1.113651065203271756e-01 6.303252185705855437e-01 2.583096749096122635e-01
1.113650953837753282e-01 6.303252555382005129e-01 2.583096490785491972e-01
1.113650842472256874e-01 6.303252925058080436e-01 2.583096232474912934e-01
1.113650731106782948e-01 6.303253294734081358e-01 2.583095974164385522e-01
1.113650619741331088e-01 6.303253664410009005e-01 2.583095715853909735e-01
1.113650508375901710e-01 6.303254034085862267e-01 2.583095457543485574e-01
1.113650397010494397e-01 6.303254403761642255e-01 2.583095199233113592e-01
1.113650285645109567e-01 6.303254773437347858e-01 2.583094940922792682e-01
1.113650174279746802e-01 6.303255143112979075e-01 2.583094682612523396e-01
1.113650062914406519e-01 6.303255512788537018e-01 2.583094424302306291e-01
1.113649951549088302e-01 6.303255882464020576e-01 2.583094165992140812e-01
1.113649840183792566e-01 6.303256252139430860e-01 2.583093907682026402e-01
1.113649728818518897e-01 6.303256621814766758e-01 2.583093649371964173e-01
1.113649617453267709e-01 6.303256991490028271e-01 2.583093391061953570e-01
1.113649506088038588e-01 6.303257361165216510e-01 2.583093132751994592e-01
1.113649394722831948e-01 6.303257730840331474e-01 2.583092874442087239e-01
1.113649283357647374e-01 6.303258100515370943e-01 2.583092616132231512e-01
1.113649171992485143e-01 6.303258470190337137e-01 2.583092357822427410e-01
1.113649060627345255e-01 6.303258839865230057e-01 2.583092099512674933e-01
1.113648949262227572e-01 6.303259209540048591e-01 2.583091841202974082e-01
1.113648837897132232e-01 6.303259579214792740e-01 2.583091582893324856e-01
1.113648726532059097e-01 6.303259948889463615e-01 2.583091324583727810e-01
1.113648615167008304e-01 6.303260318564060105e-01 2.583091066274181835e-01
1.113648503801979717e-01 6.303260688238582210e-01 2.583090807964687485e-01
1.113648392436973472e-01 6.303261057913031040e-01 2.583090549655245316e-01
1.113648281071989432e-01 6.303261427587405485e-01 2.583090291345854772e-01
1.113648169707027735e-01 6.303261797261706656e-01 2.583090033036515298e-01
1.113648058342088243e-01 6.303262166935933442e-01 2.583089774727228005e-01
1.113647946977170955e-01 6.303262536610086952e-01 2.583089516417992337e-01
1.113647835612276010e-01 6.303262906284166078e-01 2.583089258108808295e-01
1.113647724247403409e-01 6.303263275958170819e-01 2.583088999799675878e-01
1.113647612882553012e-01 6.303263645632102286e-01 2.583088741490595086e-01
1.113647501517724958e-01 6.303264015305959367e-01 2.583088483181565920e-01
1.113647390152919109e-01 6.303264384979742063e-01 2.583088224872588379e-01
1.113647278788135603e-01 6.303264754653451485e-01 2.583087966563662463e-01
1.113647167423374301e-01 6.303265124327087632e-01 2.583087708254788173e-01
1.113647056058635204e-01 6.303265494000648284e-01 2.583087449945966063e-01
1.113646944693918450e-01 6.303265863674136771e-01 2.583087191637195024e-01
1.113646833329224040e-01 6.303266233347549763e-01 2.583086933328475610e-01
