1.053372868403887747e-01 6.226150138927977196e-01 2.720476992708131259e-01
1.053372763065568707e-01 6.226150516316661943e-01 2.720476720657766245e-01
1.053372657727270623e-01 6.226150893705271194e-01 2.720476448607455078e-01
1.053372552388993494e-01 6.226151271093804951e-01 2.720476176557198311e-01
1.053372447050737598e-01 6.226151648482263212e-01 2.720475904506996501e-01
1.053372341712502658e-01 6.226152025870644868e-01 2.720475632456848536e-01
1.053372236374288951e-01 6.226152403258952139e-01 2.720475360406755527e-01
1.053372131036096199e-01 6.226152780647183915e-01 2.720475088356716364e-01
1.053372025697924402e-01 6.226153158035340196e-01 2.720474816306732158e-01
1.053371920359773839e-01 6.226153535423420982e-01 2.720474544256801797e-01
1.053371815021644370e-01 6.226153912811426272e-01 2.720474272206926392e-01
1.053371709683535856e-01 6.226154290199356067e-01 2.720474000157104832e-01
1.053371604345448437e-01 6.226154667587210367e-01 2.720473728107338229e-01
1.053371499007382112e-01 6.226155044974989172e-01 2.720473456057625472e-01
1.053371393669336742e-01 6.226155422362692482e-01 2.720473184007967671e-01
1.053371288331312605e-01 6.226155799750320297e-01 2.720472911958364270e-01
1.053371182993309424e-01 6.226156177137872616e-01 2.720472639908814716e-01
1.053371077655327337e-01 6.226156554525349440e-01 2.720472367859320117e-01
1.053370972317366344e-01 6.226156931912750769e-01 2.720472095809879365e-01
1.053370866979426446e-01 6.226157309300076603e-01 2.720471823760493568e-01
1.053370761641507641e-01 6.226157686687326942e-01 2.720471551711162173e-01
1.053370656303609793e-01 6.226158064074501786e-01 2.720471279661885178e-01
1.053370550965733038e-01 6.226158441461601134e-01 2.720471007612662029e-01
1.053370445627877378e-01 6.226158818848624987e-01 2.720470735563493836e-01
1.053370340290042811e-01 6.226159196235574456e-01 2.720470463514380044e-01
1.053370234952229201e-01 6.226159573622447319e-01 2.720470191465320653e-01
1.053370129614436823e-01 6.226159951009244686e-01 2.720469919416315108e-01
1.053370024276665401e-01 6.226160328395966559e-01 2.720469647367364519e-01
1.053369918938915073e-01 6.226160705782612936e-01 2.720469375318468330e-01
1.053369813601185839e-01 6.226161083169183819e-01 2.720469103269626543e-01
1.053369708263477561e-01 6.226161460555680316e-01 2.720468831220839157e-01
1.053369602925790516e-01 6.226161837942100208e-01 2.720468559172106171e-01
1.053369497588124426e-01 6.226162215328444605e-01 2.720468287123427031e-01
1.053369392250479430e-01 6.226162592714714616e-01 2.720468015074802848e-01
1.053369286912855529e-01 6.226162970100908023e-01 2.720467743026233065e-01
1.053369181575252722e-01 6.226163347487025934e-01 2.720467470977717683e-01
1.053369076237670870e-01 6.226163724873068350e-01 2.720467198929256702e-01
1.053368970900110252e-01 6.226164102259036381e-01 2.720466926880850123e-01
1.053368865562570589e-01 6.226164479644927807e-01 2.720466654832497944e-01
1.053368760225052020e-01 6.226164857030744848e-01 2.720466382784200166e-01
1.053368654887554406e-01 6.226165234416485283e-01 2.720466110735956788e-01
1.053368549550078026e-01 6.226165611802150224e-01 2.720465838687767812e-01
1.053368444212622601e-01 6.226165989187740779e-01 2.720465566639633237e-01
1.053368338875188270e-01 6.226166366573254729e-01 2.720465294591553063e-01
1.053368233537775034e-01 6.226166743958694294e-01 2.720465022543527289e-01
1.053368128200382892e-01 6.226167121344057254e-01 2.720464750495556472e-01
1.053368022863011844e-01 6.226167498729345828e-01 2.720464478447639500e-01
1.053367917525661751e-01 6.226167876114557798e-01 2.720464206399776930e-01
1.053367812188332753e-01 6.226168253499695382e-01 2.720463934351968760e-01
1.053367706851024849e-01 6.226168630884756361e-01 2.720463662304214991e-01
1.053367601513738039e-01 6.226169008269742955e-01 2.720463390256515623e-01
1.053367496176472323e-01 6.226169385654652944e-01 2.720463118208871212e-01
1.053367390839227563e-01 6.226169763039488547e-01 2.720462846161280646e-01
1.053367285502003897e-01 6.226170140424248656e-01 2.720462574113744481e-01
1.053367200164891382e-01 6.226170497808842796e-01 2.720462302066262716e-01
1.053367114827795936e-01 6.226170855193365883e-01 2.720462030018835908e-01
1.053367049490803453e-01 6.226171192577730773e-01 2.720461757971462946e-01
1.053366984153824154e-01 6.226171529962029050e-01 2.720461485924144385e-01
1.053366918816857900e-01 6.226171867346259603e-01 2.720461213876880224e-01
1.053366873479984756e-01 6.226172184730341952e-01 2.720460941829671020e-01
1.053366828143120632e-01 6.226172502114362128e-01 2.720460669782515661e-01
1.053366782806265528e-01 6.226172819498317912e-01 2.720460397735414704e-01
1.053366737469419584e-01 6.226173136882211523e-01 2.720460125688368702e-01
1.053366692132582660e-01 6.226173454266040741e-01 2.720459853641376546e-01
1.053366646795754896e-01 6.226173771649806676e-01 2.720459581594439347e-01
1.053366601458936153e-01 6.226174089033508219e-01 2.720459309547555993e-01
1.053366556122126430e-01 6.226174406417147589e-01 2.720459037500727040e-01
1.053366490785261761e-01 6.226174743800786393e-01 2.720458765453953043e-01
1.053366425448410137e-01 6.226175081184357474e-01 2.720458493407232892e-01
1.053366380111631639e-01 6.226175398567802555e-01 2.720458221360567697e-01
1.053366334774862301e-01 6.226175715951183243e-01 2.720457949313956347e-01
1.053366269438045788e-01 6.226176053334556704e-01 2.720457677267399954e-01
1.053366204101242598e-01 6.226176390717861331e-01 2.720457405220897407e-01
1.053366138764452314e-01 6.226176728101100455e-01 2.720457133174449815e-01
1.053366073427675076e-01 6.226177065484270745e-01 2.720456861128056625e-01
1.053366028090959028e-01 6.226177382867326138e-01 2.720456589081717280e-01
1.053365962754205937e-01 6.226177720250364311e-01 2.720456317035432892e-01
1.053365877417421909e-01 6.226178077633378605e-01 2.720456044989202349e-01
1.053365792080655089e-01 6.226178435016321844e-01 2.720455772943026762e-01
1.053365686743865104e-01 6.226178812399233431e-01 2.720455500896905576e-01
1.053365581407096352e-01 6.226179189782068413e-01 2.720455228850838236e-01
1.053365476070348555e-01 6.226179567164829010e-01 2.720454956804825852e-01
1.053365370733621853e-01 6.226179944547514111e-01 2.720454684758867869e-01
1.053365265396916245e-01 6.226180321930123718e-01 2.720454412712963732e-01
1.053365160060231731e-01 6.226180699312656719e-01 2.720454140667114551e-01
1.053365054723568311e-01 6.226181076695115335e-01 2.720453868621319771e-01
1.053364949386925847e-01 6.226181454077498456e-01 2.720453596575578836e-01
1.053364844050304477e-01 6.226181831459806082e-01 2.720453324529892858e-01
1.053364738713704202e-01 6.226182208842038213e-01 2.720453052484261280e-01
1.053364633377125020e-01 6.226182586224194848e-01 2.720452780438684104e-01
1.053364528040566933e-01 6.226182963606274878e-01 2.720452508393161328e-01
1.053364422704029801e-01 6.226183340988280523e-01 2.720452236347692399e-01
1.053364317367513764e-01 6.226183718370210673e-01 2.720451964302278425e-01
1.053364212031018821e-01 6.226184095752065328e-01 2.720451692256918852e-01
1.053364106694544972e-01 6.226184473133844488e-01 2.720451420211613680e-01
1.053364001358092217e-01 6.226184850515548153e-01 2.720451148166362909e-01
1.053363896021660417e-01 6.226185227897176322e-01 2.720450876121166539e-01
1.053363790685249851e-01 6.226185605278728996e-01 2.720450604076024570e-01
1.053363685348860240e-01 6.226185982660206175e-01 2.720450332030937002e-01
1.053363580012491724e-01 6.226186360041607859e-01 2.720450059985903835e-01
