4.418545517891720453e-01 2.990734425418843934e-01 2.590720056834233120e-01
4.418545088890107331e-01 2.990734234914962375e-01 2.590720676339726691e-01
4.418544655602824056e-01 2.990734044411119674e-01 2.590721300130853222e-01
4.418544220887041796e-01 2.990733858193070360e-01 2.590721921064683686e-01
4.418543786171346688e-01 2.990733669117888183e-01 2.590722544855560416e-01
4.418543350027154260e-01 2.990733477185574252e-01 2.590723172932067331e-01
4.418542913883049539e-01 2.990733289539053152e-01 2.590723796722694261e-01
4.418542477739031415e-01 2.990733107606907137e-01 2.590724414798857844e-01
4.418542041595101000e-01 2.990732927103382788e-01 2.590725031446313720e-01
4.418541605451257737e-01 2.990732748028478438e-01 2.590725646665061888e-01
4.418541169307501626e-01 2.990732568953609616e-01 2.590726261883686821e-01
4.418540733163832668e-01 2.990732394164529184e-01 2.590726872816436765e-01
4.418540297020250862e-01 2.990732222232651005e-01 2.590727480891896750e-01
4.418539860876756764e-01 2.990732057443726277e-01 2.590728081824316686e-01
4.418539423304765901e-01 2.990731895512001026e-01 2.590728681328032801e-01
4.418538984304278827e-01 2.990731737866059170e-01 2.590729277974462286e-01
4.418538545303880016e-01 2.990731580220148400e-01 2.590729874620772422e-01
4.418538106303568358e-01 2.990731421145685909e-01 2.590730472695546571e-01
4.418537668731928325e-01 2.990731259214089444e-01 2.590731072198783624e-01
4.418537231160375445e-01 2.990731104425439213e-01 2.590731664558986735e-01
4.418536793588909717e-01 2.990730949636820624e-01 2.590732256919071608e-01
4.418536356017532252e-01 2.990730794848232565e-01 2.590732849279037686e-01
4.418535918446241939e-01 2.990730644345422351e-01 2.590733437353138213e-01
4.418535480875038779e-01 2.990730496699807173e-01 2.590734022569956552e-01
4.418535041875341629e-01 2.990730341911310708e-01 2.590734616358150166e-01
4.418534602875731632e-01 2.990730184265681935e-01 2.590735213003389492e-01
4.418534163876209897e-01 2.990730030905829895e-01 2.590735805362764377e-01
4.418533724876775870e-01 2.990729876117426134e-01 2.590736399150601610e-01
4.418533285877429551e-01 2.990729711328983242e-01 2.590737002938391376e-01
4.418532846878170939e-01 2.990729540826246868e-01 2.590737612440386362e-01
4.418532409307581732e-01 2.990729374609288893e-01 2.590738216227934099e-01
4.418531971737079678e-01 2.990729208392364225e-01 2.590738820015361377e-01
4.418531534166665331e-01 2.990729050746958606e-01 2.590739415231181342e-01
4.418531096596338692e-01 2.990728884530099441e-01 2.590740019018367701e-01
4.418530659026099205e-01 2.990728716884692995e-01 2.590740624234014189e-01
4.418530221455947427e-01 2.990728547810738713e-01 2.590741230878119694e-01
4.418529783885883355e-01 2.990728384451140642e-01 2.590741831807782392e-01
4.418529344887326404e-01 2.990728215377253529e-01 2.590742439880226455e-01
4.418528905888856606e-01 2.990728047731980865e-01 2.590743046523968363e-01
4.418528466890475626e-01 2.990727877229581444e-01 2.590743656024749320e-01
4.418528027892181798e-01 2.990727708155795916e-01 2.590744264096828120e-01
4.418527588893975677e-01 2.990727539082044806e-01 2.590744872168785906e-01
4.418527148467277788e-01 2.990727370008327002e-01 2.590745481669201600e-01
4.418526706612088684e-01 2.990727199506063583e-01 2.590746094026654123e-01
4.418526264756987842e-01 2.990727031860992979e-01 2.590746703526825567e-01
4.418525822901975264e-01 2.990726865644535160e-01 2.590747311598295965e-01
4.418525381047050948e-01 2.990726702285267935e-01 2.590747916812486951e-01
4.418524939192215450e-01 2.990726530354561041e-01 2.590748530598029342e-01
4.418524497337468215e-01 2.990726352709573987e-01 2.590749150097764186e-01
4.418524055482809243e-01 2.990726180778935928e-01 2.590749763883060663e-01
4.418523613628238533e-01 2.990726011705489573e-01 2.590750374811078283e-01
4.418523171773756086e-01 2.990725842632076525e-01 2.590750985738973222e-01
4.418522729919362457e-01 2.990725674987275706e-01 2.590751595238167670e-01
4.418522288065056536e-01 2.990725505913930382e-01 2.590752206165818361e-01
4.418521846210839432e-01 2.990725341126352910e-01 2.590752812807613492e-01
4.418521404356710591e-01 2.990725180624541069e-01 2.590753415163554174e-01
4.418520962502670568e-01 2.990725021551339236e-01 2.590754016090796030e-01
4.418520520648718253e-01 2.990724862478169044e-01 2.590754617017918537e-01
4.418520078794854755e-01 2.990724709119340075e-01 2.590755212230611559e-01
4.418519636941079520e-01 2.990724552903386568e-01 2.590755810300339745e-01
4.418519195087392548e-01 2.990724400973196473e-01 2.590756404084216813e-01
4.418518753233793839e-01 2.990724249043036354e-01 2.590756997867975642e-01
4.418518311380283947e-01 2.990724095684329509e-01 2.590757593080192378e-01
4.418517869526861763e-01 2.990723940897077049e-01 2.590758189720867022e-01
4.418517427673528397e-01 2.990723793252737517e-01 2.590758779218539365e-01
4.418516985820283294e-01 2.990723647037004107e-01 2.590759367287517878e-01
4.418516543967127008e-01 2.990723505107028002e-01 2.590759951070650824e-01
4.418516102114058430e-01 2.990723356034200586e-01 2.590760541996546817e-01
4.418515660261078670e-01 2.990723216961433950e-01 2.590761122922293214e-01
4.418515218408186618e-01 2.990723077888695070e-01 2.590761703847923592e-01
4.418514776555383938e-01 2.990722938815984500e-01 2.590762284773437951e-01
4.418514336131244558e-01 2.990722794028999321e-01 2.590762869984562511e-01
4.418513895707192884e-01 2.990722652099194190e-01 2.590763452338419315e-01
4.418513455283230029e-01 2.990722511597991851e-01 2.590764033263583954e-01
4.418513014859354882e-01 2.990722372525393413e-01 2.590764612760058094e-01
4.418512574435567997e-01 2.990722237738546729e-01 2.590765187970691663e-01
4.418512134011868819e-01 2.990722110094600761e-01 2.590765756038336254e-01
4.418511693588258460e-01 2.990721982450680883e-01 2.590766324105867602e-01
4.418511253164735808e-01 2.990721854806785984e-01 2.590766892173285152e-01
4.418510812741300864e-01 2.990721728591491102e-01 2.590767458812014978e-01
4.418510372317954182e-01 2.990721602376221200e-01 2.590768025450631007e-01
4.418509931894695764e-01 2.990721474732402907e-01 2.590768593517707719e-01
4.418509491471525608e-01 2.990721347088609594e-01 2.590769161584671187e-01
4.418509051048443159e-01 2.990721222301989668e-01 2.590769726794374117e-01
4.418508610625448974e-01 2.990721091801100129e-01 2.590770297718257842e-01
4.418508171631116421e-01 2.990720967014530718e-01 2.590770861499160360e-01
4.418507732636871577e-01 2.990720845085132473e-01 2.590771422422802894e-01
4.418507293642714440e-01 2.990720720298613022e-01 2.590771986203480037e-01
4.418506853220072195e-01 2.990720596940690812e-01 2.590772549984044493e-01
4.418506412797518212e-01 2.990720470725647950e-01 2.590773116621641892e-01
4.418505972375051938e-01 2.990720340224911622e-01 2.590773687544843940e-01
4.418505531952673926e-01 2.990720206867056863e-01 2.590774261325076711e-01
4.418505091530384177e-01 2.990720077794945531e-01 2.590774830819477792e-01
4.418504651108182135e-01 2.990719947294288028e-01 2.590775401742337336e-01
4.418504210686068356e-01 2.990719825365089624e-01 2.590775964093650074e-01
4.418503770264042840e-01 2.990719710578775281e-01 2.590776519301989933e-01
4.418503329842105032e-01 2.990719594363911993e-01 2.590777075938790475e-01
4.418502889420255486e-01 2.990719473863357458e-01 2.590777636861195110e-01
4.418502448998494203e-01 2.990719351934255088e-01 2.590778199212058763e-01
4.418502008576820628e-01 2.990719234290890594e-01 2.590778757277096278e-01
