3.742910554768387188e-01 3.257574502437465269e-01 2.999514942617413915e-01
3.742910912980841887e-01 3.257574441679419452e-01 2.999514645163004478e-01
3.742911278693298316e-01 3.257574373421313063e-01 2.999514347708654993e-01
3.742911649405729624e-01 3.257574300163172398e-01 2.999514050254364350e-01
3.742912022618110068e-01 3.257574224405022645e-01 2.999513752800133659e-01
3.742912388330345563e-01 3.257574156146958444e-01 2.999513455345961810e-01
3.742912759042554827e-01 3.257574080388838667e-01 2.999513160391873434e-01
3.742913129754689150e-01 3.257574004630733322e-01 2.999512865437843345e-01
3.742913500466750198e-01 3.257573928872643521e-01 2.999512570483872653e-01
3.742913881178826507e-01 3.257573845614501473e-01 2.999512273029938947e-01
3.742914271890915856e-01 3.257573754856308845e-01 2.999511973076041671e-01
3.742914662602926934e-01 3.257573664098134536e-01 2.999511673122204902e-01
3.742915053314859741e-01 3.257573573339978545e-01 2.999511373168428086e-01
3.742915439026671676e-01 3.257573485081862175e-01 2.999511075714732522e-01
3.742915817238342546e-01 3.257573404323827471e-01 2.999510778261096355e-01
3.742916202950000160e-01 3.257573316065745517e-01 2.999510480807520141e-01
3.742916603661705643e-01 3.257573215307577597e-01 2.999510180853982577e-01
3.742917006873351382e-01 3.257573112049409469e-01 2.999509880900504410e-01
3.742917420084997948e-01 3.257572998791180563e-01 2.999509580947086751e-01
3.742917830796542167e-01 3.257572888032994607e-01 2.999509280993729043e-01
3.742918249008062581e-01 3.257572769774771393e-01 2.999508981040431288e-01
3.742918659719441377e-01 3.257572659016630401e-01 2.999508681087193485e-01
3.742919080430814893e-01 3.257572538258434736e-01 2.999508381134016188e-01
3.742919493642047346e-01 3.257572425000320182e-01 2.999508081180898289e-01
3.742919901853160036e-01 3.257572316742265439e-01 2.999507781227840342e-01
3.742920307564171489e-01 3.257572208484232346e-01 2.999507483774860872e-01
3.742920715775120977e-01 3.257572095226184961e-01 2.999507188821959325e-01
3.742921126486006833e-01 3.257571979468141810e-01 2.999506893869116619e-01
3.742921549696898720e-01 3.257571851210033231e-01 2.999506598916333311e-01
3.742921965407653984e-01 3.257571730452002434e-01 2.999506303963608289e-01
3.742922386118360256e-01 3.257571604693961786e-01 2.999506009010942664e-01
3.742922811829015872e-01 3.257571473935912398e-01 2.999505714058335881e-01
3.742923230039537086e-01 3.257571350677939126e-01 2.999505419105788495e-01
3.742923643249941312e-01 3.257571232420023444e-01 2.999505124153299951e-01
3.742924066460327492e-01 3.257571104162066411e-01 2.999504829200870248e-01
3.742924489670629296e-01 3.257570975904134913e-01 2.999504534248499388e-01
3.742924917880878222e-01 3.257570840146182256e-01 2.999504241796203119e-01
3.742925343591025911e-01 3.257570709388287189e-01 2.999503946843950497e-01
3.742925769301088113e-01 3.257570578630418212e-01 2.999503651891756162e-01
3.742926195011065382e-01 3.257570447872575881e-01 2.999503356939621224e-01
3.742926615720927885e-01 3.257570322114789474e-01 2.999503061987545127e-01
3.742927038930720651e-01 3.257570193857012852e-01 2.999502767035528428e-01
3.742927474640500574e-01 3.257570053099191343e-01 2.999502472083570015e-01
3.742927910350192788e-01 3.257569912341397589e-01 2.999502177131670999e-01
3.742928348559811935e-01 3.257569769083618616e-01 2.999501882179830825e-01
3.742928791769370434e-01 3.257569620825841450e-01 2.999501587228050048e-01
3.742929237478853643e-01 3.257569470068080175e-01 2.999501292276328113e-01
3.742929693188299378e-01 3.257569309310297534e-01 2.999500997324665019e-01
3.742930148897654075e-01 3.257569148552546534e-01 2.999500702373060768e-01
3.742930607106930707e-01 3.257568985294815311e-01 2.999500407421515358e-01
3.742931072816151339e-01 3.257568814537080137e-01 2.999500112470029345e-01
3.742931546025315970e-01 3.257568631279318949e-01 2.999499822518626457e-01
3.742932016734373812e-01 3.257568450521606263e-01 2.999499532567280746e-01
3.742932489943349150e-01 3.257568267263918349e-01 2.999499242615993877e-01
3.742932970652263491e-01 3.257568076506233146e-01 2.999498952664764184e-01
3.742933448861070489e-01 3.257567885748585690e-01 2.999498665213604642e-01
3.742933929569792206e-01 3.257567694990976537e-01 2.999498375262490968e-01
3.742934415278439397e-01 3.257567504233405686e-01 2.999498080311414627e-01
3.742934900986988889e-01 3.257567310975862940e-01 2.999497787860407327e-01
3.742935379195411749e-01 3.257567125218389092e-01 2.999497495409458869e-01
3.742935864903768062e-01 3.257566934460932040e-01 2.999497200458558499e-01
3.742936363112074893e-01 3.257566731203466737e-01 2.999496905507717526e-01
3.742936866320300537e-01 3.257566522946023224e-01 2.999496610556935949e-01
3.742937372028434240e-01 3.257566312188612256e-01 2.999496315606212660e-01
3.742937877736466912e-01 3.257566101431243477e-01 2.999496020655548767e-01
3.742938393444432688e-01 3.257565880673882752e-01 2.999495725704943716e-01
3.742938906652287234e-01 3.257565662416574415e-01 2.999495430754397507e-01
3.742939414860022573e-01 3.257565449159325333e-01 2.999495135803910695e-01
3.742939930567679707e-01 3.257565228402096169e-01 2.999494840853482724e-01
3.742940453775256415e-01 3.257565000144888590e-01 2.999494545903113596e-01
3.742940981982742499e-01 3.257564769387719661e-01 2.999494248452796441e-01
3.742941502690102507e-01 3.257564546130617966e-01 2.999493951002538683e-01
3.742942018397344417e-01 3.257564327873573862e-01 2.999493653552340322e-01
3.742942531604477319e-01 3.257564112116579924e-01 2.999493356102201358e-01
3.742943042311500657e-01 3.257563898859635598e-01 2.999493058652122346e-01
3.742943548018410338e-01 3.257563690602746087e-01 2.999492761202102176e-01
3.742944048725206918e-01 3.257563487345909170e-01 2.999492463752141957e-01
3.742944546931898375e-01 3.257563286589119089e-01 2.999492166302241136e-01
3.742945045138489912e-01 3.257563085832368421e-01 2.999491868852399712e-01
3.742945540844976882e-01 3.257562887575663479e-01 2.999491571402618240e-01
3.742946026551345340e-01 3.257562696819011894e-01 2.999491276452900257e-01
3.742946507257607913e-01 3.257562511062408461e-01 2.999490981503241671e-01
3.742947000463796026e-01 3.257562310305816000e-01 2.999490689053646575e-01
3.742947496169888866e-01 3.257562109549263507e-01 2.999490394104105118e-01
3.742947999375894064e-01 3.257561901292740369e-01 2.999490099154623612e-01
3.742948507581805306e-01 3.257561688036251790e-01 2.999489804205200394e-01
3.742949018287618501e-01 3.257561472279801862e-01 2.999489509255836572e-01
3.742949531493332538e-01 3.257561251523389823e-01 2.999489216806534575e-01
3.742950037198935487e-01 3.257561038267030029e-01 2.999488924357290864e-01
3.742950535404430124e-01 3.257560835010723244e-01 2.999488629408103568e-01
3.742951033609825395e-01 3.257560631754456426e-01 2.999488334458975114e-01
3.742951536815124491e-01 3.257560423498226942e-01 2.999488039509905501e-01
3.742952035020319368e-01 3.257560217742040964e-01 2.999487747060896603e-01
3.742952533225414880e-01 3.257560016985898699e-01 2.999487449611943357e-01
3.742953041430415739e-01 3.257559806229791688e-01 2.999487152163049508e-01
3.742953549635314459e-01 3.257559595473726866e-01 2.999486854714215611e-01
3.742954050340109862e-01 3.257559392217706518e-01 2.999486557265440556e-01
3.742954553544805552e-01 3.257559186461726486e-01 2.999486259816725453e-01
3.742955056749400211e-01 3.257558980705786977e-01 2.999485962368069747e-01
3.742955554953894537e-01 3.257558779949888961e-01 2.999485664919473438e-01
