Using complement trick: generating 94-regular graph
Using complement trick: generating 93-regular graph
Using complement trick: generating 92-regular graph
Using complement trick: generating 91-regular graph
Using complement trick: generating 90-regular graph
Using complement trick: generating 89-regular graph
Using complement trick: generating 88-regular graph
Using complement trick: generating 87-regular graph
Using complement trick: generating 86-regular graph
Using complement trick: generating 85-regular graph
Using complement trick: generating 84-regular graph
Using complement trick: generating 83-regular graph
Using complement trick: generating 82-regular graph
Using complement trick: generating 81-regular graph
Using complement trick: generating 80-regular graph
Using complement trick: generating 79-regular graph
Using complement trick: generating 78-regular graph
Using complement trick: generating 77-regular graph
Using complement trick: generating 76-regular graph
Using complement trick: generating 75-regular graph
Using complement trick: generating 74-regular graph
Using complement trick: generating 73-regular graph
Using complement trick: generating 72-regular graph
Using complement trick: generating 71-regular graph
Using complement trick: generating 70-regular graph
Using complement trick: generating 69-regular graph
Using complement trick: generating 68-regular graph
Using complement trick: generating 67-regular graph
Using complement trick: generating 66-regular graph
Using complement trick: generating 65-regular graph
Using complement trick: generating 64-regular graph
Using complement trick: generating 63-regular graph
Using complement trick: generating 62-regular graph
Using complement trick: generating 61-regular graph
Using complement trick: generating 60-regular graph
Using complement trick: generating 59-regular graph
Using complement trick: generating 58-regular graph
Using complement trick: generating 57-regular graph
Using complement trick: generating 56-regular graph
Using complement trick: generating 55-regular graph
Using complement trick: generating 54-regular graph
Using complement trick: generating 53-regular graph
Using complement trick: generating 52-regular graph
Using complement trick: generating 51-regular graph
Using complement trick: generating 50-regular graph
Using complement trick: generating 49-regular graph
Using complement trick: generating 48-regular graph
Using complement trick: generating 47-regular graph
Using complement trick: generating 46-regular graph
Using complement trick: generating 45-regular graph
Using complement trick: generating 44-regular graph
Using complement trick: generating 43-regular graph
Using complement trick: generating 42-regular graph
Using complement trick: generating 41-regular graph
Using complement trick: generating 40-regular graph
Using complement trick: generating 39-regular graph
Using complement trick: generating 38-regular graph
Using complement trick: generating 37-regular graph
Using complement trick: generating 36-regular graph
Using complement trick: generating 35-regular graph
Using complement trick: generating 34-regular graph
Using complement trick: generating 33-regular graph
Using complement trick: generating 32-regular graph
Using complement trick: generating 31-regular graph
Using complement trick: generating 30-regular graph
Using complement trick: generating 29-regular graph
Using complement trick: generating 28-regular graph
Using complement trick: generating 27-regular graph
Using complement trick: generating 26-regular graph
Using complement trick: generating 25-regular graph
Using complement trick: generating 24-regular graph
Using complement trick: generating 23-regular graph
Using complement trick: generating 22-regular graph
Using complement trick: generating 21-regular graph
Using complement trick: generating 20-regular graph
Using complement trick: generating 19-regular graph
Using complement trick: generating 18-regular graph
Using complement trick: generating 17-regular graph
Using complement trick: generating 16-regular graph
Using complement trick: generating 15-regular graph
Using complement trick: generating 14-regular graph
Using complement trick: generating 13-regular graph
Using complement trick: generating 12-regular graph
Using complement trick: generating 11-regular graph
Using complement trick: generating 10-regular graph
Using complement trick: generating 9-regular graph
Using complement trick: generating 8-regular graph
Using complement trick: generating 7-regular graph
Using complement trick: generating 6-regular graph
Using complement trick: generating 5-regular graph
Using complement trick: generating 4-regular graph
Using complement trick: generating 3-regular graph
Using complement trick: generating 2-regular graph
Using complement trick: generating 94-regular graph
Using complement trick: generating 93-regular graph
Using complement trick: generating 92-regular graph
Using complement trick: generating 91-regular graph
Using complement trick: generating 90-regular graph
Using complement trick: generating 89-regular graph
Using complement trick: generating 88-regular graph
Using complement trick: generating 87-regular graph
Using complement trick: generating 86-regular graph
Using complement trick: generating 85-regular graph
Using complement trick: generating 84-regular graph
Using complement trick: generating 83-regular graph
Using complement trick: generating 82-regular graph
Using complement trick: generating 81-regular graph
Using complement trick: generating 80-regular graph
Using complement trick: generating 79-regular graph
Using complement trick: generating 78-regular graph
Using complement trick: generating 77-regular graph
Using complement trick: generating 76-regular graph
Using complement trick: generating 75-regular graph
Using complement trick: generating 74-regular graph
Using complement trick: generating 73-regular graph
Using complement trick: generating 72-regular graph
Using complement trick: generating 71-regular graph
Using complement trick: generating 70-regular graph
Using complement trick: generating 69-regular graph
Using complement trick: generating 68-regular graph
Using complement trick: generating 67-regular graph
Using complement trick: generating 66-regular graph
Using complement trick: generating 65-regular graph
Using complement trick: generating 64-regular graph
Using complement trick: generating 63-regular graph
Using complement trick: generating 62-regular graph
Using complement trick: generating 61-regular graph
Using complement trick: generating 60-regular graph
Using complement trick: generating 59-regular graph
Using complement trick: generating 58-regular graph
Using complement trick: generating 57-regular graph
Using complement trick: generating 56-regular graph
Using complement trick: generating 55-regular graph
Using complement trick: generating 54-regular graph
Using complement trick: generating 53-regular graph
Using complement trick: generating 52-regular graph
Using complement trick: generating 51-regular graph
Using complement trick: generating 50-regular graph
Using complement trick: generating 49-regular graph
Using complement trick: generating 48-regular graph
Using complement trick: generating 47-regular graph
Using complement trick: generating 46-regular graph
Using complement trick: generating 45-regular graph
Using complement trick: generating 44-regular graph
Using complement trick: generating 43-regular graph
Using complement trick: generating 42-regular graph
Using complement trick: generating 41-regular graph
Using complement trick: generating 40-regular graph
Using complement trick: generating 39-regular graph
Using complement trick: generating 38-regular graph
Using complement trick: generating 37-regular graph
Using complement trick: generating 36-regular graph
Using complement trick: generating 35-regular graph
Using complement trick: generating 34-regular graph
Using complement trick: generating 33-regular graph
Using complement trick: generating 32-regular graph
Using complement trick: generating 31-regular graph
Using complement trick: generating 30-regular graph
Using complement trick: generating 29-regular graph
Using complement trick: generating 28-regular graph
Using complement trick: generating 27-regular graph
Using complement trick: generating 26-regular graph
Using complement trick: generating 25-regular graph
Using complement trick: generating 24-regular graph
Using complement trick: generating 23-regular graph
Using complement trick: generating 22-regular graph
Using complement trick: generating 21-regular graph
Using complement trick: generating 20-regular graph
Using complement trick: generating 19-regular graph
Using complement trick: generating 18-regular graph
Using complement trick: generating 17-regular graph
Using complement trick: generating 16-regular graph
Using complement trick: generating 15-regular graph
Using complement trick: generating 14-regular graph
Using complement trick: generating 13-regular graph
Using complement trick: generating 12-regular graph
Using complement trick: generating 11-regular graph
Using complement trick: generating 10-regular graph
Using complement trick: generating 9-regular graph
Using complement trick: generating 8-regular graph
Using complement trick: generating 7-regular graph
Using complement trick: generating 6-regular graph
Using complement trick: generating 5-regular graph
Using complement trick: generating 4-regular graph
Using complement trick: generating 3-regular graph
Using complement trick: generating 2-regular graph
[[2.00000000e+00 2.93349795e-01 4.37359851e-01 2.69290353e-01
  7.22255968e-01]
 [3.00000000e+00 3.49877438e-01 6.12307962e-01 3.78146003e-02
  9.50841738e-01]
 [4.00000000e+00 3.75716212e-01 5.99626559e-01 2.46572286e-02
  9.63653451e-01]
 [5.00000000e+00 3.87505537e-01 5.89243116e-01 2.32513471e-02
  9.63325222e-01]
 [6.00000000e+00 3.72723213e-01 6.02476095e-01 2.48006918e-02
  9.60482249e-01]
 [7.00000000e+00 3.68574720e-01 6.04457017e-01 2.69682626e-02
  9.56314835e-01]
 [8.00000000e+00 3.57102534e-01 6.11616400e-01 3.12810656e-02
  9.50475960e-01]
 [9.00000000e+00 3.44395747e-01 6.19938839e-01 3.56654148e-02
  9.45036404e-01]
 [1.00000000e+01 3.38683328e-01 6.19834752e-01 4.14819204e-02
  9.37347943e-01]
 [1.10000000e+01 3.24848818e-01 6.26786050e-01 4.83651317e-02
  9.30019798e-01]
 [1.20000000e+01 3.15548056e-01 6.27406160e-01 5.70457845e-02
  9.19582512e-01]
 [1.30000000e+01 3.10142307e-01 6.28469176e-01 6.13885169e-02
  9.14539264e-01]
 [1.40000000e+01 3.00271040e-01 6.34186710e-01 6.55422504e-02
  9.10077177e-01]
 [1.50000000e+01 2.97609008e-01 6.28668949e-01 7.37220425e-02
  9.00966958e-01]
 [1.60000000e+01 2.90356093e-01 6.33318216e-01 7.63256903e-02
  8.97867078e-01]
 [1.70000000e+01 2.87598031e-01 6.27678408e-01 8.47235611e-02
  8.88311890e-01]
 [1.80000000e+01 2.85259417e-01 6.26176252e-01 8.85643311e-02
  8.84409371e-01]
 [1.90000000e+01 2.81429327e-01 6.21786929e-01 9.67837447e-02
  8.74854402e-01]
 [2.00000000e+01 2.74802057e-01 6.24063539e-01 1.01134404e-01
  8.70279977e-01]
 [2.10000000e+01 2.72146055e-01 6.24271321e-01 1.03582624e-01
  8.67741349e-01]
 [2.20000000e+01 2.74694558e-01 6.13372462e-01 1.11932980e-01
  8.57847095e-01]
 [2.30000000e+01 2.63916637e-01 6.22389889e-01 1.13693474e-01
  8.56995470e-01]
 [2.40000000e+01 2.65823263e-01 6.16567367e-01 1.17609370e-01
  8.52007001e-01]
 [2.50000000e+01 2.64635328e-01 6.11686425e-01 1.23678247e-01
  8.45233003e-01]
 [2.60000000e+01 2.63307779e-01 6.14483088e-01 1.22209133e-01
  8.47038314e-01]
 [2.70000000e+01 2.61388178e-01 6.03261281e-01 1.35350541e-01
  8.32361163e-01]
 [2.80000000e+01 2.60780943e-01 6.02295538e-01 1.36923519e-01
  8.30643252e-01]
 [2.90000000e+01 2.59826562e-01 5.98000317e-01 1.42173121e-01
  8.24957142e-01]
 [3.00000000e+01 2.63866990e-01 5.96851369e-01 1.39281641e-01
  8.26969044e-01]
 [3.10000000e+01 2.59352859e-01 5.94486328e-01 1.46160814e-01
  8.19392577e-01]
 [3.20000000e+01 2.60068128e-01 5.90219354e-01 1.49712518e-01
  8.15578943e-01]
 [3.30000000e+01 2.62154753e-01 5.85344800e-01 1.52500447e-01
  8.12602261e-01]
 [3.40000000e+01 2.60718162e-01 5.83153589e-01 1.56128249e-01
  8.07857373e-01]
 [3.50000000e+01 2.60104351e-01 5.82661381e-01 1.57234268e-01
  8.07423501e-01]
 [3.60000000e+01 2.56600262e-01 5.79282599e-01 1.64117139e-01
  7.99658507e-01]
 [3.70000000e+01 2.61234537e-01 5.75054435e-01 1.63711028e-01
  8.00135290e-01]
 [3.80000000e+01 2.60447405e-01 5.67185064e-01 1.72367530e-01
  7.89526487e-01]
 [3.90000000e+01 2.56988717e-01 5.67341404e-01 1.75669880e-01
  7.86497336e-01]
 [4.00000000e+01 2.55750013e-01 5.67122692e-01 1.77127295e-01
  7.84429358e-01]
 [4.10000000e+01 2.54535316e-01 5.61218856e-01 1.84245828e-01
  7.77106423e-01]
 [4.20000000e+01 2.54371579e-01 5.61860132e-01 1.83768289e-01
  7.77312156e-01]
 [4.30000000e+01 2.56484293e-01 5.55724230e-01 1.87791477e-01
  7.72775890e-01]
 [4.40000000e+01 2.58105545e-01 5.53875944e-01 1.88018511e-01
  7.72258978e-01]
 [4.50000000e+01 2.57911413e-01 5.51358101e-01 1.90730486e-01
  7.68956232e-01]
 [4.60000000e+01 2.56919609e-01 5.45758122e-01 1.97322268e-01
  7.62067850e-01]
 [4.70000000e+01 2.56162214e-01 5.48008718e-01 1.95829068e-01
  7.63048237e-01]
 [4.80000000e+01 2.57630906e-01 5.44686995e-01 1.97682100e-01
  7.61095261e-01]
 [4.90000000e+01 2.58369776e-01 5.39198608e-01 2.02431616e-01
  7.55729240e-01]
 [5.00000000e+01 2.58212790e-01 5.32289103e-01 2.09498108e-01
  7.48249586e-01]
 [5.10000000e+01 2.55802548e-01 5.39945091e-01 2.04252360e-01
  7.53241439e-01]
 [5.20000000e+01 2.65116925e-01 5.33151564e-01 2.01731511e-01
  7.55251667e-01]
 [5.30000000e+01 2.57113701e-01 5.36872025e-01 2.06014274e-01
  7.51168360e-01]
 [5.40000000e+01 2.59209703e-01 5.35482467e-01 2.05307830e-01
  7.52107523e-01]
 [5.50000000e+01 2.56932203e-01 5.22003378e-01 2.21064419e-01
  7.34897285e-01]
 [5.60000000e+01 2.56369122e-01 5.26428145e-01 2.17202733e-01
  7.38872564e-01]
 [5.70000000e+01 2.61179725e-01 5.23833757e-01 2.14986518e-01
  7.41014003e-01]
 [5.80000000e+01 2.55923296e-01 5.18941735e-01 2.25134969e-01
  7.30345312e-01]
 [5.90000000e+01 2.57767560e-01 5.14538719e-01 2.27693721e-01
  7.27234570e-01]
 [6.00000000e+01 2.57371778e-01 5.10429185e-01 2.32199037e-01
  7.22436034e-01]
 [6.10000000e+01 2.58135688e-01 5.14963452e-01 2.26900860e-01
  7.27109895e-01]
 [6.20000000e+01 2.59386560e-01 5.11190705e-01 2.29422736e-01
  7.24317116e-01]
 [6.30000000e+01 2.58758397e-01 5.10802961e-01 2.30438642e-01
  7.22639598e-01]
 [6.40000000e+01 2.62802961e-01 5.11285919e-01 2.25911119e-01
  7.27437630e-01]
 [6.50000000e+01 2.63473819e-01 5.07689391e-01 2.28836790e-01
  7.24779332e-01]
 [6.60000000e+01 2.58423035e-01 5.07388556e-01 2.34188409e-01
  7.18645086e-01]
 [6.70000000e+01 2.61200065e-01 5.06367968e-01 2.32431966e-01
  7.20438728e-01]
 [6.80000000e+01 2.63000552e-01 4.96292023e-01 2.40707425e-01
  7.10836279e-01]
 [6.90000000e+01 2.58310947e-01 5.01970332e-01 2.39718722e-01
  7.11931679e-01]
 [7.00000000e+01 2.60171662e-01 5.00576314e-01 2.39252024e-01
  7.12991955e-01]
 [7.10000000e+01 2.59274965e-01 4.92798809e-01 2.47926226e-01
  7.02928315e-01]
 [7.20000000e+01 2.61315441e-01 4.97041459e-01 2.41643100e-01
  7.09944929e-01]
 [7.30000000e+01 2.60962017e-01 4.87164752e-01 2.51873231e-01
  6.99539429e-01]
 [7.40000000e+01 2.59412997e-01 4.92045888e-01 2.48541115e-01
  7.01549072e-01]
 [7.50000000e+01 2.63657087e-01 4.84348189e-01 2.51994723e-01
  6.97969775e-01]
 [7.60000000e+01 2.59120266e-01 4.89981951e-01 2.50897783e-01
  6.99432304e-01]
 [7.70000000e+01 2.60411529e-01 4.81072185e-01 2.58516286e-01
  6.91254353e-01]
 [7.80000000e+01 2.62594767e-01 4.83040184e-01 2.54365049e-01
  6.94494747e-01]
 [7.90000000e+01 2.61276982e-01 4.79667412e-01 2.59055606e-01
  6.90243448e-01]
 [8.00000000e+01 2.63232574e-01 4.77996722e-01 2.58770704e-01
  6.89523918e-01]
 [8.10000000e+01 2.64015965e-01 4.85922034e-01 2.50062001e-01
  6.98850334e-01]
 [8.20000000e+01 2.65296701e-01 4.82820581e-01 2.51882718e-01
  6.96458827e-01]
 [8.30000000e+01 2.66265712e-01 4.75705564e-01 2.58028724e-01
  6.89677170e-01]
 [8.40000000e+01 2.62386828e-01 4.71161874e-01 2.66451298e-01
  6.81223160e-01]
 [8.50000000e+01 2.62570532e-01 4.79613924e-01 2.57815544e-01
  6.90616019e-01]
 [8.60000000e+01 2.63282768e-01 4.71777712e-01 2.64939520e-01
  6.82784221e-01]
 [8.70000000e+01 2.60201569e-01 4.76976792e-01 2.62821639e-01
  6.85171984e-01]
 [8.80000000e+01 2.60167807e-01 4.74193981e-01 2.65638212e-01
  6.82240213e-01]
 [8.90000000e+01 2.63333915e-01 4.76822528e-01 2.59843557e-01
  6.88283347e-01]
 [9.00000000e+01 2.61906093e-01 4.65109457e-01 2.72984449e-01
  6.74084436e-01]
 [9.10000000e+01 2.59653799e-01 4.70968439e-01 2.69377762e-01
  6.78021753e-01]
 [9.20000000e+01 2.62118982e-01 4.60715155e-01 2.77165864e-01
  6.69741831e-01]
 [9.30000000e+01 2.60948141e-01 4.69371511e-01 2.69680348e-01
  6.77054640e-01]
 [9.40000000e+01 2.62768315e-01 4.66174838e-01 2.71056847e-01
  6.75362779e-01]
 [9.50000000e+01 2.60155575e-01 4.65907905e-01 2.73936521e-01
  6.73009572e-01]
 [9.60000000e+01 2.63011634e-01 4.66564983e-01 2.70423384e-01
  6.76131547e-01]
 [9.70000000e+01 2.63960970e-01 4.66884265e-01 2.69154765e-01
  6.76456045e-01]
 [9.80000000e+01 2.67934359e-01 4.58910045e-01 2.73155597e-01
  6.71970761e-01]
 [9.90000000e+01 2.64665325e-01 4.58712396e-01 2.76622280e-01
  6.69326467e-01]
 [1.00000000e+02 2.64511146e-01 4.63016655e-01 2.72472199e-01
  6.72352103e-01]
 [1.01000000e+02 2.62140234e-01 4.51361822e-01 2.86497944e-01
  6.57485209e-01]
 [1.02000000e+02 2.59900284e-01 4.55235640e-01 2.84864076e-01
  6.60214368e-01]
 [1.03000000e+02 2.62231434e-01 4.54776143e-01 2.82992424e-01
  6.61165018e-01]
 [1.04000000e+02 2.67142283e-01 4.53844949e-01 2.79012768e-01
  6.65354491e-01]
 [1.05000000e+02 2.60796634e-01 4.42925383e-01 2.96277983e-01
  6.47738882e-01]
 [1.06000000e+02 2.64624808e-01 4.53031040e-01 2.82344152e-01
  6.61406888e-01]
 [1.07000000e+02 2.60884701e-01 4.51165563e-01 2.87949736e-01
  6.56568625e-01]
 [1.08000000e+02 2.67949658e-01 4.46446664e-01 2.85603678e-01
  6.57014546e-01]
 [1.09000000e+02 2.64043465e-01 4.47258700e-01 2.88697835e-01
  6.54969432e-01]
 [1.10000000e+02 2.66209115e-01 4.43063471e-01 2.90727415e-01
  6.51434386e-01]
 [1.11000000e+02 2.67530853e-01 4.50332514e-01 2.82136633e-01
  6.60588699e-01]
 [1.12000000e+02 2.64423009e-01 4.42413223e-01 2.93163768e-01
  6.49416317e-01]
 [1.13000000e+02 2.64617083e-01 4.45511967e-01 2.89870950e-01
  6.52615373e-01]
 [1.14000000e+02 2.63338273e-01 4.43620411e-01 2.93041316e-01
  6.49182550e-01]
 [1.15000000e+02 2.64599721e-01 4.40282886e-01 2.95117393e-01
  6.46832865e-01]
 [1.16000000e+02 2.64920045e-01 4.47694532e-01 2.87385423e-01
  6.55046230e-01]
 [1.17000000e+02 2.65049099e-01 4.39473876e-01 2.95477025e-01
  6.47007446e-01]
 [1.18000000e+02 2.66565198e-01 4.43357085e-01 2.90077717e-01
  6.51161894e-01]
 [1.19000000e+02 2.65108907e-01 4.45173145e-01 2.89717949e-01
  6.52654896e-01]
 [1.20000000e+02 2.68033966e-01 4.35328995e-01 2.96637039e-01
  6.44068929e-01]
 [1.21000000e+02 2.66058393e-01 4.35317007e-01 2.98624600e-01
  6.42407048e-01]
 [1.22000000e+02 2.66932452e-01 4.44811718e-01 2.88255830e-01
  6.53166664e-01]
 [1.23000000e+02 2.68911268e-01 4.35566612e-01 2.95522120e-01
  6.45006743e-01]
 [1.24000000e+02 2.66144132e-01 4.32769439e-01 3.01086428e-01
  6.39632613e-01]
 [1.25000000e+02 2.65597735e-01 4.36261702e-01 2.98140563e-01
  6.43122727e-01]
 [1.26000000e+02 2.62743259e-01 4.37288009e-01 2.99968732e-01
  6.40958085e-01]
 [1.27000000e+02 2.67254630e-01 4.35736960e-01 2.97008410e-01
  6.42901501e-01]
 [1.28000000e+02 2.63972916e-01 4.37280731e-01 2.98746353e-01
  6.41725890e-01]
 [1.29000000e+02 2.61542520e-01 4.28345233e-01 3.10112248e-01
  6.30746364e-01]
 [1.30000000e+02 2.65414124e-01 4.28787828e-01 3.05798048e-01
  6.33727210e-01]
 [1.31000000e+02 2.68816420e-01 4.36875681e-01 2.94307898e-01
  6.45260765e-01]
 [1.32000000e+02 2.64713991e-01 4.32928145e-01 3.02357864e-01
  6.37123891e-01]
 [1.33000000e+02 2.63642208e-01 4.32864201e-01 3.03493591e-01
  6.36008791e-01]
 [1.34000000e+02 2.69417553e-01 4.34660701e-01 2.95921746e-01
  6.43082599e-01]
 [1.35000000e+02 2.63225223e-01 4.30623832e-01 3.06150945e-01
  6.33473201e-01]
 [1.36000000e+02 2.64822940e-01 4.35442235e-01 2.99734825e-01
  6.39620875e-01]
 [1.37000000e+02 2.67768355e-01 4.28645240e-01 3.03586404e-01
  6.35338775e-01]
 [1.38000000e+02 2.66126939e-01 4.26070040e-01 3.07803021e-01
  6.30453364e-01]
 [1.39000000e+02 2.65688447e-01 4.28438256e-01 3.05873298e-01
  6.33009756e-01]
 [1.40000000e+02 2.65372647e-01 4.35045266e-01 2.99582087e-01
  6.39954839e-01]
 [1.41000000e+02 2.65371189e-01 4.34761379e-01 2.99867433e-01
  6.39357342e-01]
 [1.42000000e+02 2.65597044e-01 4.30177987e-01 3.04224969e-01
  6.34176617e-01]
 [1.43000000e+02 2.70144728e-01 4.24585602e-01 3.05269670e-01
  6.32511987e-01]
 [1.44000000e+02 2.68990280e-01 4.26368552e-01 3.04641168e-01
  6.32686193e-01]
 [1.45000000e+02 2.69296521e-01 4.28071578e-01 3.02631901e-01
  6.34961133e-01]
 [1.46000000e+02 2.68912879e-01 4.32848211e-01 2.98238910e-01
  6.40032245e-01]
 [1.47000000e+02 2.64605666e-01 4.25728987e-01 3.09665348e-01
  6.28038185e-01]
 [1.48000000e+02 2.63640243e-01 4.24297261e-01 3.12062496e-01
  6.25081568e-01]
 [1.49000000e+02 2.62302052e-01 4.21187740e-01 3.16510209e-01
  6.21609367e-01]
 [1.50000000e+02 2.65799072e-01 4.18760139e-01 3.15440789e-01
  6.21764993e-01]
 [1.51000000e+02 2.65229715e-01 4.26211485e-01 3.08558800e-01
  6.27695347e-01]
 [1.52000000e+02 2.68151743e-01 4.30624774e-01 3.01223484e-01
  6.35445922e-01]
 [1.53000000e+02 2.65284199e-01 4.23098393e-01 3.11617408e-01
  6.25317935e-01]
 [1.54000000e+02 2.66811224e-01 4.25868592e-01 3.07320184e-01
  6.29697362e-01]
 [1.55000000e+02 2.63065425e-01 4.24211767e-01 3.12722807e-01
  6.24089749e-01]
 [1.56000000e+02 2.68164842e-01 4.21514209e-01 3.10320949e-01
  6.25557267e-01]
 [1.57000000e+02 2.62328231e-01 4.22566490e-01 3.15105279e-01
  6.21718514e-01]
 [1.58000000e+02 2.67660608e-01 4.24835158e-01 3.07504233e-01
  6.28519623e-01]
 [1.59000000e+02 2.60858533e-01 4.16861716e-01 3.22279750e-01
  6.14450608e-01]
 [1.60000000e+02 2.68617980e-01 4.25701090e-01 3.05680930e-01
  6.30398412e-01]
 [1.61000000e+02 2.64851196e-01 4.22692606e-01 3.12456198e-01
  6.24456492e-01]
 [1.62000000e+02 2.63261580e-01 4.18250843e-01 3.18487578e-01
  6.17418992e-01]
 [1.63000000e+02 2.65751551e-01 4.19803335e-01 3.14445113e-01
  6.21367338e-01]
 [1.64000000e+02 2.64499289e-01 4.19358497e-01 3.16142215e-01
  6.18998513e-01]
 [1.65000000e+02 2.66677870e-01 4.20133357e-01 3.13188772e-01
  6.22356909e-01]
 [1.66000000e+02 2.63992298e-01 4.15515278e-01 3.20492424e-01
  6.15105863e-01]
 [1.67000000e+02 2.66236177e-01 4.20381741e-01 3.13382082e-01
  6.22058414e-01]
 [1.68000000e+02 2.66412831e-01 4.20440940e-01 3.13146230e-01
  6.21526345e-01]
 [1.69000000e+02 2.66038398e-01 4.22418499e-01 3.11543103e-01
  6.23958725e-01]
 [1.70000000e+02 2.62969221e-01 4.14529136e-01 3.22501643e-01
  6.12992301e-01]
 [1.71000000e+02 2.63144666e-01 4.17637194e-01 3.19218140e-01
  6.15942141e-01]
 [1.72000000e+02 2.63654296e-01 4.18897043e-01 3.17448661e-01
  6.17402360e-01]
 [1.73000000e+02 2.66073131e-01 4.21910057e-01 3.12016812e-01
  6.22946130e-01]
 [1.74000000e+02 2.65166308e-01 4.19433566e-01 3.15400126e-01
  6.18827829e-01]
 [1.75000000e+02 2.67348580e-01 4.19578982e-01 3.13072438e-01
  6.20921421e-01]
 [1.76000000e+02 2.66057601e-01 4.22058272e-01 3.11884127e-01
  6.22798852e-01]
 [1.77000000e+02 2.62403450e-01 4.11610242e-01 3.25986307e-01
  6.07491466e-01]
 [1.78000000e+02 2.67713514e-01 4.19269902e-01 3.13016583e-01
  6.20482097e-01]
 [1.79000000e+02 2.67902428e-01 4.13535297e-01 3.18562274e-01
  6.15182244e-01]
 [1.80000000e+02 2.62970659e-01 4.18875232e-01 3.18154109e-01
  6.15806887e-01]
 [1.81000000e+02 2.65060999e-01 4.19426262e-01 3.15512739e-01
  6.18700012e-01]
 [1.82000000e+02 2.64630938e-01 4.19461548e-01 3.15907514e-01
  6.18443230e-01]
 [1.83000000e+02 2.65804567e-01 4.12337730e-01 3.21857703e-01
  6.11408276e-01]
 [1.84000000e+02 2.64697022e-01 4.17502531e-01 3.17800447e-01
  6.16043653e-01]
 [1.85000000e+02 2.63773664e-01 4.19712612e-01 3.16513724e-01
  6.17565303e-01]
 [1.86000000e+02 2.65331325e-01 4.16678556e-01 3.17990119e-01
  6.15235252e-01]
 [1.87000000e+02 2.63247260e-01 4.15172709e-01 3.21580031e-01
  6.12292228e-01]
 [1.88000000e+02 2.60042419e-01 4.10692684e-01 3.29264897e-01
  6.04583490e-01]
 [1.89000000e+02 2.67350111e-01 4.19963041e-01 3.12686849e-01
  6.20840001e-01]]
Runtime: 213747.287747 seconds
