4.426640292318008152e-01 2.953008564790906565e-01 2.620351143053119003e-01
4.426640322511417591e-01 2.953008795206593651e-01 2.620350882444022478e-01
4.426640358419162702e-01 2.953009019907893995e-01 2.620350621834977578e-01
4.426640394326900596e-01 2.953009244609148820e-01 2.620350361225985414e-01
4.426640427377461218e-01 2.953009472167529292e-01 2.620350100617044875e-01
4.426640467570938653e-01 2.953009692582940215e-01 2.620349840008156517e-01
4.426640503478654898e-01 2.953009917284060704e-01 2.620349579399320339e-01
4.426640540814948399e-01 2.953010140556551200e-01 2.620349318790536342e-01
4.426640573865480710e-01 2.953010368114751261e-01 2.620349058181804525e-01
4.426640605487422442e-01 2.953010597101489720e-01 2.620348797573124888e-01
4.426640632823604649e-01 2.953010830373934414e-01 2.620348536964497432e-01
4.426640668731286477e-01 2.953011055074828972e-01 2.620348276355921602e-01
4.426640701781793252e-01 2.953011284061429764e-01 2.620348014318814034e-01
4.426640736260876730e-01 2.953011511619401674e-01 2.620347752281759202e-01
4.426640767882786265e-01 2.953011742034494236e-01 2.620347490244756550e-01
4.426640798076105776e-01 2.953011973878125196e-01 2.620347228207806634e-01
4.426640829698003099e-01 2.953012202864542246e-01 2.620346967599492261e-01
4.426640859891310398e-01 2.953012431850913777e-01 2.620346708419813431e-01
4.426640895798943931e-01 2.953012655122907448e-01 2.620346449240186226e-01
4.426640933135153611e-01 2.953012876966273903e-01 2.620346190060610647e-01
4.426640977614269001e-01 2.953013091666681911e-01 2.620345930881087249e-01
4.426641032093452943e-01 2.953013296366969742e-01 2.620345671701616030e-01
4.426641080858296773e-01 2.953013506781545505e-01 2.620345412522195883e-01
4.426641129623131166e-01 2.953013717196079635e-01 2.620345153342827915e-01
4.426641176959373314e-01 2.953013929039154384e-01 2.620344894163512128e-01
4.426641220009859823e-01 2.953014145167932036e-01 2.620344634984247412e-01
4.426641263060338005e-01 2.953014361296666390e-01 2.620344375805035431e-01
4.426641301825061658e-01 2.953014581711103093e-01 2.620344116625874520e-01
4.426641336304034113e-01 2.953014806411240478e-01 2.620343857446765790e-01
4.426641360782928025e-01 2.953015041111402561e-01 2.620343598267708685e-01
4.426641373833167803e-01 2.953015287240168263e-01 2.620343339088703760e-01
4.426641388311985392e-01 2.953015533368884560e-01 2.620343078481169319e-01
4.426641412790867647e-01 2.953015770926065708e-01 2.620342816445105916e-01
4.426641441555487222e-01 2.953016004197457356e-01 2.620342554409094693e-01
4.426641464605778897e-01 2.953016243183124723e-01 2.620342292373136206e-01
4.426641486227485545e-01 2.953016483597324937e-01 2.620342030337229899e-01
4.426641510706347815e-01 2.953016721154315682e-01 2.620341768301375773e-01
4.426641536613785677e-01 2.953016955854098624e-01 2.620341507694154970e-01
4.426641562521217987e-01 2.953017190553834381e-01 2.620341247086985792e-01
4.426641585571486348e-01 2.953017428110683573e-01 2.620340986479868794e-01
4.426641604336009617e-01 2.953017669953224567e-01 2.620340725872804533e-01
4.426641621671950078e-01 2.953017913224297297e-01 2.620340465265791896e-01
4.426641646150784037e-01 2.953018149352423238e-01 2.620340204658831440e-01
4.426641667772455158e-01 2.953018389766240426e-01 2.620339942623343688e-01
4.426641699394176510e-01 2.953018620179954645e-01 2.620339680587908116e-01
4.426641735301629632e-01 2.953018846307884915e-01 2.620339418552524724e-01
4.426641764066179818e-01 2.953019079578665385e-01 2.620339156517194068e-01
4.426641797116460664e-01 2.953019308563662459e-01 2.620338894481916148e-01
4.426641827309578114e-01 2.953019540405771304e-01 2.620338632446690408e-01
4.426641854645531615e-01 2.953019775104990252e-01 2.620338370411516848e-01
4.426641879124322831e-01 2.953020012661319860e-01 2.620338108376396025e-01
4.426641897888796695e-01 2.953020255931914639e-01 2.620337846341327381e-01
4.426641919510422851e-01 2.953020496345304946e-01 2.620337584306310919e-01
4.426641941132045122e-01 2.953020736758646958e-01 2.620337322271347191e-01
4.426641961325084584e-01 2.953020978600518487e-01 2.620337060236435645e-01
4.426641981518120161e-01 2.953021220442341721e-01 2.620336798201576833e-01
4.426642005996884177e-01 2.953021457998384336e-01 2.620336536166770203e-01
4.426642033332798265e-01 2.953021692697224143e-01 2.620336274132016308e-01
4.426642073525902110e-01 2.953021913110244201e-01 2.620336013525891850e-01
4.426642116576152697e-01 2.953022130666065892e-01 2.620335752919819572e-01
4.426642161054971658e-01 2.953022346793267028e-01 2.620335492313799475e-01
4.426642219819550417e-01 2.953022548634656186e-01 2.620335231707831558e-01
4.426642280012694219e-01 2.953022749047429230e-01 2.620334971101915267e-01
4.426642335920095706e-01 2.953022953745890744e-01 2.620334710496051711e-01
4.426642397541792340e-01 2.953023152730006595e-01 2.620334449890240336e-01
4.426642453449171621e-01 2.953023357428387063e-01 2.620334189284480586e-01
4.426642509356539246e-01 2.953023562126727009e-01 2.620333928678773017e-01
4.426642572406775944e-01 2.953023759682145699e-01 2.620333668073118183e-01
4.426642631171272546e-01 2.953023961523252305e-01 2.620333407467514975e-01
4.426642694221484264e-01 2.953024159078591615e-01 2.620333146861963947e-01
4.426642761557409989e-01 2.953024352348164738e-01 2.620332886256464544e-01
4.426642816036143735e-01 2.953024558474878214e-01 2.620332625651017877e-01
4.426642863371990089e-01 2.953024771744426902e-01 2.620332365045623391e-01
4.426642902136375679e-01 2.953024993585383617e-01 2.620332104440280530e-01
4.426642953757928267e-01 2.953025202569120600e-01 2.620331843834990404e-01
4.426643006808045344e-01 2.953025410124242023e-01 2.620331583229751904e-01
4.426643068429600980e-01 2.953025609107872707e-01 2.620331322624566139e-01
4.426643130051144404e-01 2.953025808091463977e-01 2.620331062019432000e-01
4.426643178815505841e-01 2.953026019932185053e-01 2.620330801414350042e-01
4.426643217579836476e-01 2.953026241772883642e-01 2.620330540809320263e-01
4.426643254915585968e-01 2.953026465042112303e-01 2.620330280204342110e-01
4.426643297965623391e-01 2.953026682597000296e-01 2.620330019599416693e-01
4.426643345301374266e-01 2.953026895866123214e-01 2.620329758994543456e-01
4.426643394065689630e-01 2.953027107706630017e-01 2.620329498389721845e-01
4.426643439972847704e-01 2.953027322404240818e-01 2.620329237784952969e-01
4.426643480165702860e-01 2.953027542816102913e-01 2.620328977180235719e-01
4.426643513215683390e-01 2.953027770370788008e-01 2.620328716575570649e-01
4.426643549122804000e-01 2.953027995068280287e-01 2.620328455970957759e-01
4.426643589315635841e-01 2.953028215480009155e-01 2.620328195366397050e-01
4.426643612365586122e-01 2.953028453034567957e-01 2.620327934761888522e-01
4.426643638272676484e-01 2.953028687731933943e-01 2.620327674157432174e-01
4.426643672751197633e-01 2.953028915286390332e-01 2.620327412124455191e-01
4.426643704372567045e-01 2.953029145697945723e-01 2.620327150091530388e-01
4.426643731708212459e-01 2.953029380395171821e-01 2.620326888058658321e-01
4.426643766186714180e-01 2.953029607949490543e-01 2.620326626025838435e-01
4.426643800665208683e-01 2.953029835503763745e-01 2.620326363993070728e-01
4.426643826572264628e-01 2.953030071629422215e-01 2.620326101960355758e-01
4.426643843907885345e-01 2.953030316326464289e-01 2.620325839927692968e-01
4.426643862672074436e-01 2.953030559594885252e-01 2.620325577895082914e-01
4.426643871436259925e-01 2.953030812863258192e-01 2.620325315862525040e-01
