3.858517556779874624e-01 3.354432253834723210e-01 2.787050189213372553e-01
3.858517848430977337e-01 3.354432240891370709e-01 2.787049910505622341e-01
3.858518140082021763e-01 3.354432227948020984e-01 2.787049631797927640e-01
3.858518429232983271e-01 3.354432217504698110e-01 2.787049353090289006e-01
3.858518715883863526e-01 3.354432209561400979e-01 2.787049074382705882e-01
3.858519017534827178e-01 3.354432186617964384e-01 2.787048795675178270e-01
3.858519326685800332e-01 3.354432156174462776e-01 2.787048516967706724e-01
3.858519620836574071e-01 3.354432140731104517e-01 2.787048238260291244e-01
3.858519914987288968e-01 3.354432122787727177e-01 2.787047962052953687e-01
3.858520199137854823e-01 3.354432114844443369e-01 2.787047685845671641e-01
3.858520490788430735e-01 3.354432099401094547e-01 2.787047409638444551e-01
3.858520782438948360e-01 3.354432083957748501e-01 2.787047133431272972e-01
3.858521074089407699e-01 3.354432071014427086e-01 2.787046854724135048e-01
3.858521375739894510e-01 3.354432048071022687e-01 2.787046576017052635e-01
3.858521679890342115e-01 3.354432022627601984e-01 2.787046297310026288e-01
3.858521976540666421e-01 3.354432004684248514e-01 2.787046018603055453e-01
3.858522270690910583e-01 3.354431989240919676e-01 2.787045739896140129e-01
3.858522567341116094e-01 3.354431971297573423e-01 2.787045461189280871e-01
3.858522871491322781e-01 3.354431945854170483e-01 2.787045182482477124e-01
3.858523173141448770e-01 3.354431922910792174e-01 2.787044903775728888e-01
3.858523487291613541e-01 3.354431887467320128e-01 2.787044625069036718e-01
3.858523803941734664e-01 3.354431849523835107e-01 2.787044346362400615e-01
3.858524120591792506e-01 3.354431811580357858e-01 2.787044067655820023e-01
3.858524434741768538e-01 3.354431776136906906e-01 2.787043788949294942e-01
3.858524751391699814e-01 3.354431738193444645e-01 2.787043510242825928e-01
3.858525063041530756e-01 3.354431705250027207e-01 2.787043231536412424e-01
3.858525382191353992e-01 3.354431664806561408e-01 2.787042952830054432e-01
3.858525701341113945e-01 3.354431624363103936e-01 2.787042674123752506e-01
3.858526020490810060e-01 3.354431583919654236e-01 2.787042395417506646e-01
3.858526352140529414e-01 3.354431530976125231e-01 2.787042116711315742e-01
3.858526683790182155e-01 3.354431478032607328e-01 2.787041838005180905e-01
3.858527020439803112e-01 3.354431420089065141e-01 2.787041559299102134e-01
3.858527347089289461e-01 3.354431369645585193e-01 2.787041283093095734e-01
3.858527676238727167e-01 3.354431316702098931e-01 2.787041006887144290e-01
3.858527997888050454e-01 3.354431271258672131e-01 2.787040730681248357e-01
3.858528314537277293e-01 3.354431230815286269e-01 2.787040454475407381e-01
3.858528628686425099e-01 3.354431192871923928e-01 2.787040178269621915e-01
3.858528942835510178e-01 3.354431154928569359e-01 2.787039902063891406e-01
3.858529251984501585e-01 3.354431124485268145e-01 2.787039623358201212e-01
3.858529573633506238e-01 3.354431081541898174e-01 2.787039344652566530e-01
3.858529895282446498e-01 3.354431038598536530e-01 2.787039065946987915e-01
3.858530209431279001e-01 3.354431003155227131e-01 2.787038787241464810e-01
3.858530516080005968e-01 3.354430975211967203e-01 2.787038508535997217e-01
3.858530807728587919e-01 3.354430962268797334e-01 2.787038229830585689e-01
3.858531109377166257e-01 3.354430939325575012e-01 2.787037951125229673e-01
3.858531416025711147e-01 3.354430911382330072e-01 2.787037672419929724e-01
3.858531722674194420e-01 3.354430883439090683e-01 2.787037393714685285e-01
3.858532024322590681e-01 3.354430860495883349e-01 2.787037115009496913e-01
3.858532318470888622e-01 3.354430845052718269e-01 2.787036836304363496e-01
3.858532620119164980e-01 3.354430822109519261e-01 2.787036557599286701e-01
3.858532936767454791e-01 3.354430784166250734e-01 2.787036278894265418e-01
3.858533265915740640e-01 3.354430733722930658e-01 2.787036000189299645e-01
3.858533592563949677e-01 3.354430685779631882e-01 2.787035721484389383e-01
3.858533924212115829e-01 3.354430632836319925e-01 2.787035442779535188e-01
3.858534265860260604e-01 3.354430569892973280e-01 2.787035164074737059e-01
3.858534612508359163e-01 3.354430501949617338e-01 2.787034885369994441e-01
3.858534964156409841e-01 3.354430429006253767e-01 2.787034606665307335e-01
3.858535310804369067e-01 3.354430361062925581e-01 2.787034327960676294e-01
3.858535657452259460e-01 3.354430293119611273e-01 2.787034049256100765e-01
3.858535996600050422e-01 3.354430232676339774e-01 2.787033770551580747e-01
3.858536345747812235e-01 3.354430162233041912e-01 2.787033491847116795e-01
3.858536699895523392e-01 3.354430086789738641e-01 2.787033213142708354e-01
3.858537059043182782e-01 3.354430006346432180e-01 2.787032934438355980e-01
3.858537420690778541e-01 3.354429923403133285e-01 2.787032655734059117e-01
3.858537792338337380e-01 3.354429830459815798e-01 2.787032377029818320e-01
3.858538153985787700e-01 3.354429745016542230e-01 2.787032100825641567e-01
3.858538528133206857e-01 3.354429647073244314e-01 2.787031824621519771e-01
3.858538904780559609e-01 3.354429546629957848e-01 2.787031548417453486e-01
3.858539283927844288e-01 3.354429443686683943e-01 2.787031272213442157e-01
3.858539678075098012e-01 3.354429325743385482e-01 2.787030996009486339e-01
3.858540077222288311e-01 3.354429202800096599e-01 2.787030719805585477e-01
3.858540476369398120e-01 3.354429079856832141e-01 2.787030443601740126e-01
3.858540878016434861e-01 3.354428954413585240e-01 2.787030167397950287e-01
3.858541272163371616e-01 3.354428836470382813e-01 2.787029891194215403e-01
3.858541661310217474e-01 3.354428723527216882e-01 2.787029614990535475e-01
3.858542047956979304e-01 3.354428613084079469e-01 2.787029338786911059e-01
3.858542439603674934e-01 3.354428497640953299e-01 2.787029062583342154e-01
3.858542836250303809e-01 3.354428377197838373e-01 2.787028786379827650e-01
3.858543230396847545e-01 3.354428259254752520e-01 2.787028510176369211e-01
3.858543624543313011e-01 3.354428141311690537e-01 2.787028233972965729e-01
3.858544031189722889e-01 3.354428010868628629e-01 2.787027957769617204e-01
3.858544432836042981e-01 3.354427885425601552e-01 2.787027681566324744e-01
3.858544846982303600e-01 3.354427747482578437e-01 2.787027405363086685e-01
3.858545268628493230e-01 3.354427602039570799e-01 2.787027129159904137e-01
3.858545687774595501e-01 3.354427461596599658e-01 2.787026850456773008e-01
3.858546096920599244e-01 3.354427331153670977e-01 2.787026571753697946e-01
3.858546498566511884e-01 3.354427208210778444e-01 2.787026293050678394e-01
3.858546897712341051e-01 3.354427087767912763e-01 2.787026014347714908e-01
3.858547291858084871e-01 3.354426972325076917e-01 2.787025735644806934e-01
3.858547693503757148e-01 3.354426849382257103e-01 2.787025456941954471e-01
3.858548082649337907e-01 3.354426738939472741e-01 2.787025178239158074e-01
3.858548469294839078e-01 3.354426630996712455e-01 2.787024899536417188e-01
3.858548863440268151e-01 3.354426515553968757e-01 2.787024620833732369e-01
3.858549257585617842e-01 3.354426400111247819e-01 2.787024342131103061e-01
3.858549641730883994e-01 3.354426294668555464e-01 2.787024063428529264e-01
3.858550028376074859e-01 3.354426186725882886e-01 2.787023784726011533e-01
3.858550420021188976e-01 3.354426073783230433e-01 2.787023506023549313e-01
3.858550816666226901e-01 3.354425955840599216e-01 2.787023227321143160e-01
3.858551218311185305e-01 3.354425832897990900e-01 2.787022948618792517e-01
3.858551617456063565e-01 3.354425712455407771e-01 2.787022669916497386e-01
