1.172347706245443349e-01 6.170837491309312250e-01 2.656814802464486647e-01
1.172347589009523766e-01 6.170837874229315734e-01 2.656814536780402469e-01
1.172347471773627636e-01 6.170838257149242612e-01 2.656814271096372138e-01
1.172347354537754960e-01 6.170838640069092884e-01 2.656814005412393986e-01
1.172347237301905876e-01 6.170839022988866551e-01 2.656813739728469681e-01
1.172347120066080106e-01 6.170839405908563613e-01 2.656813474044598111e-01
1.172347002830277790e-01 6.170839788828184069e-01 2.656813208360779832e-01
1.172346885594498928e-01 6.170840171747727920e-01 2.656812942677014844e-01
1.172346768358743518e-01 6.170840554667195166e-01 2.656812676993303146e-01
1.172346651123011563e-01 6.170840937586586916e-01 2.656812411309644184e-01
1.172346533887303061e-01 6.170841320505900951e-01 2.656812145626038513e-01
1.172346416651618012e-01 6.170841703425138380e-01 2.656811879942485577e-01
1.172346299415956417e-01 6.170842086344299204e-01 2.656811614258986487e-01
1.172346182180318275e-01 6.170842469263383423e-01 2.656811348575540133e-01
1.172346064944703448e-01 6.170842852182392146e-01 2.656811082892147069e-01
1.172345947709112213e-01 6.170843235101323154e-01 2.656810817208806741e-01
1.172345830473544431e-01 6.170843618020177557e-01 2.656810551525519704e-01
1.172345713237999965e-01 6.170844000938955354e-01 2.656810285842285957e-01
1.172345596002479090e-01 6.170844383857657656e-01 2.656810020159105501e-01
1.172345478766981530e-01 6.170844766776282242e-01 2.656809754475977781e-01
1.172345361531507563e-01 6.170845149694830223e-01 2.656809488792903906e-01
1.172345244296056910e-01 6.170845532613302709e-01 2.656809223109882767e-01
1.172345127060629849e-01 6.170845915531697479e-01 2.656808957426914364e-01
1.172345009825226103e-01 6.170846298450016754e-01 2.656808691743999251e-01
1.172344892589845811e-01 6.170846681368258313e-01 2.656808426061137429e-01
1.172344775354489110e-01 6.170847064286424377e-01 2.656808160378328898e-01
1.172344658119155725e-01 6.170847447204512726e-01 2.656807894695573657e-01
1.172344540883845793e-01 6.170847830122524469e-01 2.656807629012871153e-01
1.172344423648559314e-01 6.170848213040460717e-01 2.656807363330221938e-01
1.172344306413296289e-01 6.170848595958320360e-01 2.656807097647626015e-01
1.172344189178056717e-01 6.170848978876102287e-01 2.656806831965082827e-01
1.172344071942840599e-01 6.170849361793808718e-01 2.656806566282592930e-01
1.172343954707647934e-01 6.170849744711437435e-01 2.656806300600156323e-01
1.172343837472478723e-01 6.170850127628990656e-01 2.656806034917772452e-01
1.172343720237332965e-01 6.170850510546466161e-01 2.656805769235442427e-01
1.172343603002210660e-01 6.170850893463866171e-01 2.656805503553165138e-01
1.172343485767111809e-01 6.170851276381189576e-01 2.656805237870940584e-01
1.172343368532036412e-01 6.170851659298435266e-01 2.656804972188769876e-01
1.172343251296984329e-01 6.170852042215605460e-01 2.656804706506651903e-01
1.172343134061955838e-01 6.170852425132699048e-01 2.656804440824587221e-01
1.172343016826950801e-01 6.170852808049716032e-01 2.656804175142575830e-01
1.172342899591969079e-01 6.170853190966655299e-01 2.656803909460617175e-01
1.172342782357010949e-01 6.170853573883519072e-01 2.656803643778711810e-01
1.172342665122076133e-01 6.170853956800306239e-01 2.656803378096859736e-01
1.172342547887164771e-01 6.170854339717016801e-01 2.656803112415060397e-01
1.172342430652277001e-01 6.170854722633650757e-01 2.656802846733314349e-01
1.172342313417412546e-01 6.170855105550206998e-01 2.656802581051621592e-01
1.172342196182571544e-01 6.170855488466687744e-01 2.656802315369982126e-01
1.172342078947754135e-01 6.170855871383091884e-01 2.656802049688395395e-01
1.172341961712960040e-01 6.170856254299419419e-01 2.656801784006862510e-01
1.172341844478189399e-01 6.170856637215670348e-01 2.656801518325381806e-01
1.172341727243442211e-01 6.170857020131844672e-01 2.656801252643954947e-01
1.172341610008718477e-01 6.170857403047942391e-01 2.656800986962580824e-01
1.172341492774018196e-01 6.170857785963963504e-01 2.656800721281259992e-01
1.172341375539341368e-01 6.170858168879908012e-01 2.656800455599992450e-01
1.172341258304687994e-01 6.170858551795775915e-01 2.656800189918777644e-01
1.172341141070058074e-01 6.170858934711567212e-01 2.656799924237616684e-01
1.172341023835451607e-01 6.170859317627281904e-01 2.656799658556507904e-01
1.172340906600868454e-01 6.170859700542919990e-01 2.656799392875452970e-01
1.172340789366308894e-01 6.170860083458481471e-01 2.656799127194450771e-01
1.172340672131772787e-01 6.170860466373967457e-01 2.656798861513502419e-01
1.172340554897260134e-01 6.170860849289375727e-01 2.656798595832606247e-01
1.172340437662770796e-01 6.170861232204707392e-01 2.656798330151763921e-01
1.172340320428305049e-01 6.170861615119962451e-01 2.656798064470974330e-01
1.172340203193862618e-01 6.170861998035140905e-01 2.656797798790238030e-01
1.172340085959443778e-01 6.170862380950243864e-01 2.656797533109555021e-01
1.172339968725048254e-01 6.170862763865269107e-01 2.656797267428924747e-01
1.172339851490676182e-01 6.170863146780217745e-01 2.656797001748347764e-01
1.172339734256327703e-01 6.170863529695089778e-01 2.656796736067824072e-01
1.172339617022002539e-01 6.170863912609886315e-01 2.656796470387353670e-01
1.172339499787700828e-01 6.170864295524605136e-01 2.656796204706936004e-01
1.172339382553422571e-01 6.170864678439247353e-01 2.656795939026571629e-01
1.172339265319167767e-01 6.170865061353814074e-01 2.656795673346260545e-01
1.172339148084936417e-01 6.170865444268303079e-01 2.656795407666002196e-01
1.172339030850728520e-01 6.170865827182716590e-01 2.656795141985797137e-01
1.172338913616544076e-01 6.170866210097052384e-01 2.656794876305645370e-01
1.172338796382383086e-01 6.170866593011311574e-01 2.656794610625546893e-01
1.172338679148245549e-01 6.170866975925495268e-01 2.656794344945501152e-01
1.172338561914131466e-01 6.170867358839601247e-01 2.656794079265508701e-01
1.172338444680040836e-01 6.170867741753631730e-01 2.656793813585569541e-01
1.172338327445973660e-01 6.170868124667584498e-01 2.656793547905683117e-01
1.172338210211929799e-01 6.170868507581461770e-01 2.656793282225849984e-01
1.172338092977909529e-01 6.170868890495262438e-01 2.656793016546070141e-01
1.172337975743912714e-01 6.170869273408985389e-01 2.656792750866343589e-01
1.172337858509939212e-01 6.170869656322632846e-01 2.656792485186669772e-01
1.172337741275989303e-01 6.170870039236202587e-01 2.656792219507049801e-01
1.172337624042062709e-01 6.170870422149696832e-01 2.656791953827482011e-01
1.172337506808159568e-01 6.170870805063114473e-01 2.656791688147968067e-01
1.172337389574280020e-01 6.170871187976454397e-01 2.656791422468506858e-01
1.172337272340423786e-01 6.170871570889718827e-01 2.656791156789098940e-01
1.172337155106591006e-01 6.170871953802906651e-01 2.656790891109744313e-01
1.172337037872781818e-01 6.170872336716017870e-01 2.656790625430442421e-01
1.172336920638995944e-01 6.170872719629051373e-01 2.656790359751193820e-01
1.172336803405233524e-01 6.170873102542009381e-01 2.656790094071998509e-01
1.172336686171494557e-01 6.170873485454890783e-01 2.656789828392856490e-01
1.172336568937779044e-01 6.170873868367695581e-01 2.656789562713767205e-01
1.172336451704086985e-01 6.170874251280423772e-01 2.656789297034731212e-01
1.172336334470418379e-01 6.170874634193075359e-01 2.656789031355748509e-01
1.172336217236773226e-01 6.170875017105650340e-01 2.656788765676818542e-01
1.172336100003151388e-01 6.170875400018147605e-01 2.656788499997942421e-01
