4.026817447490648738e-01 3.085775179177346894e-01 2.887407373321940751e-01
4.026817798812347138e-01 3.085775116599215884e-01 2.887407084578373917e-01
4.026818148133955444e-01 3.085775056021116680e-01 2.887406795834864259e-01
4.026818493455455727e-01 3.085774999443067768e-01 2.887406507091412888e-01
4.026818834776849099e-01 3.085774946865068591e-01 2.887406218348019249e-01
4.026819170098117628e-01 3.085774900287135969e-01 2.887405929604683341e-01
4.026819509419355958e-01 3.085774849709175260e-01 2.887405640861405165e-01
4.026819852740563532e-01 3.085774795131188686e-01 2.887405352118184165e-01
4.026820206061793583e-01 3.085774730553121348e-01 2.887405063375021452e-01
4.026820565383006922e-01 3.085774659975012990e-01 2.887404774631916471e-01
4.026820922704130168e-01 3.085774591396936994e-01 2.887404485888869221e-01
4.026821280025182359e-01 3.085774522818874321e-01 2.887404197145879703e-01
4.026821631346110819e-01 3.085774460240877648e-01 2.887403908402947916e-01
4.026821980666951961e-01 3.085774399662910561e-01 2.887403619660073861e-01
4.026822319987637955e-01 3.085774349085040891e-01 2.887403330917257538e-01
4.026822659308256225e-01 3.085774298507180657e-01 2.887403042174498946e-01
4.026822996628790508e-01 3.085774249929347790e-01 2.887402753431798641e-01
4.026823335949273330e-01 3.085774199351507541e-01 2.887402464689155512e-01
4.026823685269769193e-01 3.085774138773597075e-01 2.887402175946570115e-01
4.026824030590163139e-01 3.085774080195714530e-01 2.887401889204058159e-01
4.026824369910441126e-01 3.085774027617891324e-01 2.887401602461603933e-01
4.026824707230635125e-01 3.085773977040094374e-01 2.887401315719206885e-01
4.026825046550777665e-01 3.085773924462291706e-01 2.887401028976867567e-01
4.026825379870805910e-01 3.085773877884545047e-01 2.887400742234585427e-01
4.026825709190737790e-01 3.085773835306838131e-01 2.887400455492360463e-01
4.026826028510530064e-01 3.085773802729213644e-01 2.887400168750192675e-01
4.026826343830228749e-01 3.085773774151624460e-01 2.887399882008082619e-01
4.026826659149864707e-01 3.085773745574040827e-01 2.887399595266029739e-01
4.026826976469451980e-01 3.085773714996449257e-01 2.887399308524034036e-01
4.026827297789003501e-01 3.085773680418835707e-01 2.887399021782096065e-01
4.026827621108504118e-01 3.085773643841215330e-01 2.887398735040215270e-01
4.026827938427899878e-01 3.085773613263643189e-01 2.887398448298391651e-01
4.026828261747272264e-01 3.085773576686036690e-01 2.887398161556625209e-01
4.026828585066579702e-01 3.085773540108437407e-01 2.887397874814916499e-01
4.026828920385900901e-01 3.085773491530767187e-01 2.887397588073264965e-01
4.026829265705219041e-01 3.085773434953055783e-01 2.887397299331658229e-01
4.026829611024467792e-01 3.085773378375356035e-01 2.887397010590109225e-01
4.026829948343598753e-01 3.085773329797716347e-01 2.887396721848617953e-01
4.026830283662649057e-01 3.085773283220099583e-01 2.887396433107184412e-01
4.026830612981596169e-01 3.085773242642527725e-01 2.887396144365809159e-01
4.026830944300490156e-01 3.085773200064952371e-01 2.887395855624491081e-01
4.026831267619270793e-01 3.085773165487432079e-01 2.887395566883230735e-01
4.026831600938043931e-01 3.085773120909861000e-01 2.887395278142028121e-01
4.026831928256716653e-01 3.085773082332333161e-01 2.887394989400883238e-01
4.026832259575346407e-01 3.085773039754790559e-01 2.887394700659796087e-01
4.026832586893888122e-01 3.085773001177278263e-01 2.887394411918767223e-01
4.026832920212395917e-01 3.085772956599742156e-01 2.887394123177795535e-01
4.026833263530888996e-01 3.085772902022162478e-01 2.887393834436881579e-01
4.026833602849292926e-01 3.085772851444614218e-01 2.887393545696025909e-01
4.026833946167649447e-01 3.085772796867056744e-01 2.887393256955227416e-01
4.026834289485936580e-01 3.085772742289509818e-01 2.887392968214487210e-01
4.026834634804165591e-01 3.085772685711963836e-01 2.887392679473804180e-01
4.026834986122353466e-01 3.085772623134400705e-01 2.887392390733178882e-01
4.026835343440497983e-01 3.085772554556823200e-01 2.887392101992611870e-01
4.026835708758607635e-01 3.085772475979214335e-01 2.887391815252111082e-01
4.026836078076662107e-01 3.085772393401602920e-01 2.887391528511668026e-01
4.026836449394651241e-01 3.085772308824000221e-01 2.887391241771282147e-01
4.026836822712573927e-01 3.085772222246405683e-01 2.887390955030953443e-01
4.026837206030463023e-01 3.085772125668787003e-01 2.887390668290681917e-01
4.026837593348291944e-01 3.085772025091172432e-01 2.887390381550468121e-01
4.026837974666019893e-01 3.085771930513601102e-01 2.887390094810311503e-01
4.026838351983655917e-01 3.085771839936063965e-01 2.887389808070212061e-01
4.026838729301216446e-01 3.085771749358544591e-01 2.887389521330170350e-01
4.026839108618709417e-01 3.085771656781036154e-01 2.887389234590185816e-01
4.026839489936133165e-01 3.085771562203539764e-01 2.887388947850258458e-01
4.026839867253466654e-01 3.085771471626075346e-01 2.887388661110388832e-01
4.026840250570744573e-01 3.085771375048609322e-01 2.887388374370576383e-01
4.026840625887920799e-01 3.085771286471188923e-01 2.887388087630821110e-01
4.026840995205002716e-01 3.085771203893803993e-01 2.887387800891123568e-01
4.026841376522047322e-01 3.085771109316399752e-01 2.887387514151483203e-01
4.026841761839027312e-01 3.085771010739002951e-01 2.887387227411900015e-01
4.026842151155941019e-01 3.085770910161620417e-01 2.887386938672368841e-01
4.026842540472777010e-01 3.085770809584257868e-01 2.887386649932895399e-01
4.026842925789524963e-01 3.085770713006925625e-01 2.887386361193479689e-01
4.026843305106180826e-01 3.085770622429627741e-01 2.887386072454121710e-01
4.026843684422760639e-01 3.085770531852348175e-01 2.887385783714821463e-01
4.026844065739269007e-01 3.085770439275081767e-01 2.887385494975578948e-01
4.026844447055701326e-01 3.085770346697834232e-01 2.887385206236394164e-01
4.026844828372057594e-01 3.085770254120605571e-01 2.887384917497267112e-01
4.026845199688317556e-01 3.085770171543414375e-01 2.887384628758197791e-01
4.026845569004499081e-01 3.085770090966244439e-01 2.887384340019186202e-01
4.026845940320610828e-01 3.085770008389086549e-01 2.887384051280232899e-01
4.026846313636651686e-01 3.085769923811941817e-01 2.887383762541336774e-01
4.026846676952601234e-01 3.085769847234826613e-01 2.887383475802501320e-01
4.026847040268478617e-01 3.085769770657726951e-01 2.887383189063723599e-01
4.026847395584271516e-01 3.085769702080654042e-01 2.887382902325003053e-01
4.026847754899999243e-01 3.085769629503589684e-01 2.887382615586340240e-01
4.026848118215659578e-01 3.085769552926534431e-01 2.887382328847734048e-01
4.026848485531251964e-01 3.085769472349491060e-01 2.887382042109185587e-01
4.026848842846760257e-01 3.085769401772472942e-01 2.887381755370694858e-01
4.026849200162197495e-01 3.085769331195469256e-01 2.887381468632261305e-01
4.026849557477563124e-01 3.085769260618479448e-01 2.887381181893884374e-01
4.026849920792861526e-01 3.085769184041499691e-01 2.887380895155565730e-01
4.026850286108089039e-01 3.085769105464534201e-01 2.887380608417303707e-01
4.026850647423240726e-01 3.085769030887586251e-01 2.887380321679099415e-01
4.026851008738320803e-01 3.085768956310653843e-01 2.887380034940952300e-01
4.026851374053329602e-01 3.085768875733733707e-01 2.887379750202863637e-01
4.026851743368266012e-01 3.085768793156829504e-01 2.887379463464831431e-01
4.026852110683128427e-01 3.085768712579942119e-01 2.887379176726856400e-01
4.026852481997917343e-01 3.085768628003071057e-01 2.887378889988938546e-01
