4.953630692943460367e-01 4.483119832887270673e-01 5.632494741340332567e-02
4.953630785581299434e-01 4.483119796574930871e-01 5.632494178085338532e-02
4.953630881552484877e-01 4.483119756262560207e-01 5.632493621497188657e-02
4.953630984190382502e-01 4.483119709950139642e-01 5.632493058242419443e-02
4.953631076828164392e-01 4.483119673637823155e-01 5.632492494987762638e-02
4.953631183466059573e-01 4.483119623325382830e-01 5.632491931733218243e-02
4.953631276770474878e-01 4.483119586346410168e-01 5.632491368478786953e-02
4.953631362074799038e-01 4.483119557367518104e-01 5.632490805224468072e-02
4.953631456045851089e-01 4.483119519721887047e-01 5.632490241970262296e-02
4.953631544016829924e-01 4.483119488076316994e-01 5.632489678716168235e-02
4.953631639321190439e-01 4.483119448430681886e-01 5.632489122128913478e-02
4.953631749292327080e-01 4.483119394784932377e-01 5.632488558875044932e-02
4.953631859263442072e-01 4.483119341139193414e-01 5.632487995621288795e-02
4.953631960567794201e-01 4.483119296160205658e-01 5.632487432367645069e-02
4.953632055205401952e-01 4.483119257181277795e-01 5.632486875780837177e-02
4.953632143842940927e-01 4.483119224869080988e-01 5.632486312527418271e-02
4.953632253813972097e-01 4.483119170556708055e-01 5.632485755940834504e-02
4.953632345118162417e-01 4.483119135577837144e-01 5.632485192687639725e-02
4.953632435088989872e-01 4.483119101265645723e-01 5.632484636101278697e-02
4.953632532393191790e-01 4.483119058953397573e-01 5.632484086181749339e-02
4.953632623030654880e-01 4.483119024641220585e-01 5.632483522928891095e-02
4.953632701668005955e-01 4.483119000995799963e-01 5.632482973009582394e-02
4.953632760971858895e-01 4.483118998017210366e-01 5.632482409756948277e-02
4.953632808942280419e-01 4.483119006372041082e-01 5.632481846504426570e-02
4.953632856912691951e-01 4.483119014726870133e-01 5.632481283252017273e-02
4.953632896216363934e-01 4.483119031748428185e-01 5.632480719999721080e-02
4.953632943520085985e-01 4.483119040103252795e-01 5.632480163414252394e-02
4.953633002823885079e-01 4.483119037124660977e-01 5.632479600162180328e-02
4.953633062794343678e-01 4.483119033479398552e-01 5.632479036910221365e-02
4.953633126098147543e-01 4.483119026500779203e-01 5.632478473658374812e-02
4.953633200068678355e-01 4.483119008188750088e-01 5.632477917073353685e-02
4.953633288039289706e-01 4.483118975209958168e-01 5.632477367155155901e-02
4.953633394676675294e-01 4.483118924231052627e-01 5.632476810570356818e-02
4.953633520647501287e-01 4.483118853252025526e-01 5.632476260652379690e-02
4.953633629951526562e-01 4.483118798939787486e-01 5.632475710734512198e-02
4.953633728588794360e-01 4.483118753960952940e-01 5.632475174150173430e-02
4.953633831892739203e-01 4.483118704315431358e-01 5.632474637565941522e-02
4.953633918529893876e-01 4.483118670670019346e-01 5.632474107648525324e-02
4.953633994500298288e-01 4.483118648358015990e-01 5.632473571064507828e-02
4.953634087137455122e-01 4.483118610045921382e-01 5.632473027813891114e-02
4.953634213108123463e-01 4.483118539733644825e-01 5.632472471229971189e-02
4.953634325078684619e-01 4.483118483421464351e-01 5.632471914646162287e-02
4.953634434382542251e-01 4.483118430442646907e-01 5.632471351395760412e-02
4.953634537019673822e-01 4.483118382797203760e-01 5.632470801478878936e-02
4.953634637656773587e-01 4.483118337151780763e-01 5.632470251562107094e-02
4.953634733627161335e-01 4.483118296839729289e-01 5.632469694978742975e-02
4.953634840264253270e-01 4.483118245194292473e-01 5.632469145062192484e-02
4.953634938234612317e-01 4.483118200215567284e-01 5.632468615145855284e-02
4.953635033538271171e-01 4.483118156570191637e-01 5.632468098563025299e-02
4.953635114841841158e-01 4.483118128924904466e-01 5.632467561980199211e-02
4.953635189478695633e-01 4.483118109279662367e-01 5.632467012064081013e-02
4.953635257448836815e-01 4.483118097634462007e-01 5.632466448814676258e-02
4.953635316752256212e-01 4.483118094655971775e-01 5.632465885565384606e-02
4.953635387389048739e-01 4.483118079677426704e-01 5.632465328982902419e-02
4.953635468692543231e-01 4.483118053365500733e-01 5.632464779067227617e-02
4.953635559996064641e-01 4.483118018386874626e-01 5.632464215818271808e-02
4.953635651299568288e-01 4.483117982741585683e-01 5.632463659236123382e-02
4.953635717269613270e-01 4.483117973096413800e-01 5.632463095987391699e-02
4.953635805906405065e-01 4.483117940117815059e-01 5.632462539405466706e-02
4.953635884543138856e-01 4.483117917805931607e-01 5.632461976156959843e-02
4.953635973846565177e-01 4.483117884827344524e-01 5.632461412908565390e-02
4.953636065816651168e-01 4.483117849182087222e-01 5.632460849660284041e-02
4.953636155786710904e-01 4.483117814203505525e-01 5.632460299745497417e-02
4.953636264423486590e-01 4.483117759891528942e-01 5.632459756497511238e-02
4.953636375726916397e-01 4.483117702246217640e-01 5.632459219916324117e-02
4.953636497030357022e-01 4.483117635934222300e-01 5.632458670001865703e-02
4.953636613000423350e-01 4.483117574955591267e-01 5.632458120087516923e-02
4.953636735637154120e-01 4.483117506643614636e-01 5.632457576839966507e-02
4.953636869607229154e-01 4.483117423664940704e-01 5.632457066925961042e-02
4.953637008910626305e-01 4.483117337352939269e-01 5.632456537011997638e-02
4.953637136880629788e-01 4.483117263040989342e-01 5.632456000431453752e-02
4.953637281517320745e-01 4.483117172729010336e-01 5.632455457184332853e-02
4.953637427487319611e-01 4.483117081750380706e-01 5.632454907270635636e-02
4.953637588790662516e-01 4.483116972771722386e-01 5.632454384023783539e-02
4.953637746093963456e-01 4.483116865793090877e-01 5.632453880777087835e-02
4.953637907397242524e-01 4.483116758147812630e-01 5.632453344197078243e-02
4.953638103367235535e-01 4.483116617169146112e-01 5.632452794283812625e-02
4.953638314670557041e-01 4.483116460857140551e-01 5.632452244370655947e-02
4.953638531973849068e-01 4.483116299211822309e-01 5.632451687790929890e-02
4.953638721277040524e-01 4.483116165566591871e-01 5.632451131211314160e-02
4.953638909246859123e-01 4.483116033254723742e-01 5.632450574631810147e-02
4.953639111216665003e-01 4.483115887609525063e-01 5.632450011385738836e-02
4.953639299853074829e-01 4.483115754631044059e-01 5.632449454806458256e-02
4.953639497822794890e-01 4.483115612985908993e-01 5.632448891560611764e-02
4.953639708459161017e-01 4.483115458674115650e-01 5.632448328314877684e-02
4.953639931095502602e-01 4.483115291695669025e-01 5.632447771735932252e-02
4.953640171065155084e-01 4.483115108050567121e-01 5.632447208490422991e-02
4.953640396368074739e-01 4.483114939072187499e-01 5.632446645245026140e-02
4.953640626337620922e-01 4.483114765427169135e-01 5.632446081999741699e-02
4.953640860307126359e-01 4.483114587782181526e-01 5.632445518754570363e-02
4.953641098276587718e-01 4.483114406137225783e-01 5.632444955509511436e-02
4.953641348912678488e-01 4.483114211825629525e-01 5.632444392264565614e-02
4.953641608882058955e-01 4.483114008180732468e-01 5.632443829019732201e-02
4.953641880851394896e-01 4.483113792535868836e-01 5.632443265775011199e-02
4.953642148154007163e-01 4.483113581557717220e-01 5.632442702530402606e-02
4.953642438123241898e-01 4.483113347912932034e-01 5.632442139285907118e-02
4.953642730092418511e-01 4.483113111601526590e-01 5.632441582708193339e-02
4.953643019394869951e-01 4.483112877956835218e-01 5.632441026130589889e-02
4.953643314697264710e-01 4.483112637645523257e-01 5.632440476219765374e-02
4.953643621332933233e-01 4.483112382667592821e-01 5.632439959642384503e-02
