3.431104194607298430e-01 3.535982112900535324e-01 3.032913692572814512e-01
3.431103854826882404e-01 3.535981759298858496e-01 3.032914385954906811e-01
3.431103515046534658e-01 3.535981405697252722e-01 3.032915079336860886e-01
3.431103178599619885e-01 3.535981052095717447e-01 3.032915769385310378e-01
3.431102842152772836e-01 3.535980698494253227e-01 3.032916459433622203e-01
3.431102505705992400e-01 3.535980344892859506e-01 3.032917149481795804e-01
3.431102169259279688e-01 3.535979991291536284e-01 3.032917839529831183e-01
3.431101832812634700e-01 3.535979637690284116e-01 3.032918529577728894e-01
3.431101496366056325e-01 3.535979284089102448e-01 3.032919219625488938e-01
3.431101159919545673e-01 3.535978930487991834e-01 3.032919909673110204e-01
3.431100823473102190e-01 3.535978576886951719e-01 3.032920599720593802e-01
3.431100487026725876e-01 3.535978223285982103e-01 3.032921289767939732e-01
3.431100150580416730e-01 3.535977869685083541e-01 3.032921979815147440e-01
3.431099814134175308e-01 3.535977516084255479e-01 3.032922669862216924e-01
3.431099477688000499e-01 3.535977162483498470e-01 3.032923359909148187e-01
3.431099137908532049e-01 3.535976808882811961e-01 3.032924053289303146e-01
3.431098798129131877e-01 3.535976455282196507e-01 3.032924746669319882e-01
3.431098458349798874e-01 3.535976101681650996e-01 3.032925440049197285e-01
3.431098121903894960e-01 3.535975748081177095e-01 3.032926130095575656e-01
3.431097785458058214e-01 3.535975394480773137e-01 3.032926820141816360e-01
3.431097449012288081e-01 3.535975040880440234e-01 3.032927510187918840e-01
3.431097112566586227e-01 3.535974687280178386e-01 3.032928200233883653e-01
3.431096776120950986e-01 3.535974333679986481e-01 3.032928890279709688e-01
3.431096436342024325e-01 3.535973980079866186e-01 3.032929583658757200e-01
3.431096096563165943e-01 3.535973626479815835e-01 3.032930277037665934e-01
3.431095756784375284e-01 3.535973272879836538e-01 3.032930970416435335e-01
3.431095417005652348e-01 3.535972919279928295e-01 3.032931663795067068e-01
3.431095077226997692e-01 3.535972565680090551e-01 3.032932357173559468e-01
3.431094737448411314e-01 3.535972212080323307e-01 3.032933050551913090e-01
3.431094397669892104e-01 3.535971858480626562e-01 3.032933743930128490e-01
3.431094057891441729e-01 3.535971504881000871e-01 3.032934437308205111e-01
3.431093718113058522e-01 3.535971151281446234e-01 3.032935130686142955e-01
3.431093378334743593e-01 3.535970797681962097e-01 3.032935824063942021e-01
3.431093038556496944e-01 3.535970444082548458e-01 3.032936517441602309e-01
3.431092698778318018e-01 3.535970090483205319e-01 3.032937210819124374e-01
3.431092359000206815e-01 3.535969736883933234e-01 3.032937904196507106e-01
3.431092019222163891e-01 3.535969383284732204e-01 3.032938597573751616e-01
3.431091679444188691e-01 3.535969029685601672e-01 3.032939290950857347e-01
3.431091339666281215e-01 3.535968676086541640e-01 3.032939984327824301e-01
3.431090999888442017e-01 3.535968322487552107e-01 3.032940677704653032e-01
3.431090663444024136e-01 3.535967968888633628e-01 3.032941367747989392e-01
3.431090326999672868e-01 3.535967615289786203e-01 3.032942057791188084e-01
3.431089990555389324e-01 3.535967261691009278e-01 3.032942747834249109e-01
3.431089657444524876e-01 3.535966908092302852e-01 3.032943434543819983e-01
3.431089324333726487e-01 3.535966554493666925e-01 3.032944121253253744e-01
3.431088991222995266e-01 3.535966200895102052e-01 3.032944807962549838e-01
3.431088658112330658e-01 3.535965847296608233e-01 3.032945494671708819e-01
3.431088325001732109e-01 3.535965493698184914e-01 3.032946181380730688e-01
3.431087991891200728e-01 3.535965140099832094e-01 3.032946868089614889e-01
3.431087655447386253e-01 3.535964786501549773e-01 3.032947558131711130e-01
3.431087319003638947e-01 3.535964432903338506e-01 3.032948248173669703e-01
3.431086982559958809e-01 3.535964079305198293e-01 3.032948938215490609e-01
3.431086642782996687e-01 3.535963725707128025e-01 3.032949631590521888e-01
3.431086303006102844e-01 3.535963372109129366e-01 3.032950324965414945e-01
3.431085963229277280e-01 3.535963018511200651e-01 3.032951018340169225e-01
3.431085623452519440e-01 3.535962664913342990e-01 3.032951711714784726e-01
3.431085283675829323e-01 3.535962311315555828e-01 3.032952405089262005e-01
3.431084943899207484e-01 3.535961957717839721e-01 3.032953098463599950e-01
3.431084604122653370e-01 3.535961604120194113e-01 3.032953791837799673e-01
3.431084264346166979e-01 3.535961250522619559e-01 3.032954485211860618e-01
3.431083924569748866e-01 3.535960896925115504e-01 3.032955178585782785e-01
3.431083581460052656e-01 3.535960543327681949e-01 3.032955875292912551e-01
3.431083238350425280e-01 3.535960189730319447e-01 3.032956571999902984e-01
3.431082895240866182e-01 3.535959836133027445e-01 3.032957268706753529e-01
3.431082552131375918e-01 3.535959482535806497e-01 3.032957965413465296e-01
3.431082209021953933e-01 3.535959128938656049e-01 3.032958662120037729e-01
3.431081865912600781e-01 3.535958775341576099e-01 3.032959358826470275e-01
3.431081522803315909e-01 3.535958421744567204e-01 3.032960055532764043e-01
3.431081179694100425e-01 3.535958068147628808e-01 3.032960752238918478e-01
3.431080836584952665e-01 3.535957714550760911e-01 3.032961448944933025e-01
3.431080493475874293e-01 3.535957360953964068e-01 3.032962145650808794e-01
3.431080150366864201e-01 3.535957007357238280e-01 3.032962842356544675e-01
3.431079807257922942e-01 3.535956653760582435e-01 3.032963539062141778e-01
3.431079464149049962e-01 3.535956300163997645e-01 3.032964235767599548e-01
3.431079121040245816e-01 3.535955946567483910e-01 3.032964932472917430e-01
3.431078777931509949e-01 3.535955592971040673e-01 3.032965629178096534e-01
3.431078434822843470e-01 3.535955239374667936e-01 3.032966325883135750e-01
3.431078091714244716e-01 3.535954885778366252e-01 3.032967022588036188e-01
3.431077748605715350e-01 3.535954532182135068e-01 3.032967719292796738e-01
3.431077405497254262e-01 3.535954178585974383e-01 3.032968415997418510e-01
3.431077062388861454e-01 3.535953824989884753e-01 3.032969112701900394e-01
3.431076719280538034e-01 3.535953471393866177e-01 3.032969809406243500e-01
3.431076376172282894e-01 3.535953117797917544e-01 3.032970506110446718e-01
3.431076033064096031e-01 3.535952764202039966e-01 3.032971202814510603e-01
3.431075689955978003e-01 3.535952413939571493e-01 3.032971896185097105e-01
3.431075346847928809e-01 3.535952060343835468e-01 3.032972592888882879e-01
3.431075003739947893e-01 3.535951706748169387e-01 3.032973289592529320e-01
3.431074660632035811e-01 3.535951353152574361e-01 3.032973986296036428e-01
3.431074317524192563e-01 3.535950999557050389e-01 3.032974682999404203e-01
3.431073974416417594e-01 3.535950645961596917e-01 3.032975379702632646e-01
3.431073631308711458e-01 3.535950292366213943e-01 3.032976076405721755e-01
3.431073288201073601e-01 3.535949938770902023e-01 3.032976773108671531e-01
3.431072945093504578e-01 3.535949585175660603e-01 3.032977469811481974e-01
3.431072601986004389e-01 3.535949231580489682e-01 3.032978166514153084e-01
3.431072258878572478e-01 3.535948877985389815e-01 3.032978863216684307e-01
3.431071915771209402e-01 3.535948524390360448e-01 3.032979559919076751e-01
3.431071572663915159e-01 3.535948170795402135e-01 3.032980256621329862e-01
3.431071229556689195e-01 3.535947817200514320e-01 3.032980953323443640e-01
3.431070886449532065e-01 3.535947463605697005e-01 3.032981650025418086e-01
3.431070543342443213e-01 3.535947110010950745e-01 3.032982346727253198e-01
