1.205441533875626497e-01 5.962242526219048155e-01 2.832315939925161841e-01
1.205442413340091778e-01 5.962241929988952860e-01 2.832315656690791994e-01
1.205443292804381367e-01 5.962241333758976358e-01 2.832315373456478769e-01
1.205444172268494846e-01 5.962240737529118650e-01 2.832315090222222720e-01
1.205445051732432632e-01 5.962240141299380847e-01 2.832314806988022737e-01
1.205445931196194309e-01 5.962239545069762947e-01 2.832314523753879376e-01
1.205446810659780293e-01 5.962238948840262731e-01 2.832314240519793191e-01
1.205447690123190307e-01 5.962238352610882419e-01 2.832313957285763628e-01
1.205448569586424351e-01 5.962237756381622011e-01 2.832313674051790131e-01
1.205449449049482563e-01 5.962237160152480397e-01 2.832313390817873811e-01
1.205450328512364805e-01 5.962236563923457577e-01 2.832313107584014111e-01
1.205451207975071354e-01 5.962235967694554661e-01 2.832312824350210478e-01
1.205452087437601794e-01 5.962235371465770539e-01 2.832312541116464022e-01
1.205452966899956402e-01 5.962234775237106321e-01 2.832312257882774187e-01
1.205453846362135178e-01 5.962234179008560897e-01 2.832311974649140973e-01
1.205454725824137985e-01 5.962233582780134267e-01 2.832311691415564381e-01
1.205455605285964960e-01 5.962232986551827540e-01 2.832311408182044410e-01
1.205456484747616103e-01 5.962232390323639608e-01 2.832311124948581060e-01
1.205457364209091137e-01 5.962231794095570470e-01 2.832310841715174332e-01
1.205458243670390478e-01 5.962231197867621235e-01 2.832310558481824225e-01
1.205459123131513849e-01 5.962230601639791905e-01 2.832310275248530740e-01
1.205460002592461388e-01 5.962230005412081368e-01 2.832309992015293876e-01
1.205460882053232957e-01 5.962229409184489626e-01 2.832309708782114188e-01
1.205461761513828556e-01 5.962228812957017787e-01 2.832309425548990567e-01
1.205462640974248462e-01 5.962228216729664743e-01 2.832309142315923567e-01
1.205463520434492258e-01 5.962227620502430492e-01 2.832308859082913743e-01
1.205464399894560362e-01 5.962227024275316145e-01 2.832308575849959986e-01
1.205465279354452496e-01 5.962226428048320592e-01 2.832308292617063405e-01
1.205466158814168659e-01 5.962225831821444944e-01 2.832308009384222891e-01
1.205467038273708991e-01 5.962225235594688089e-01 2.832307726151439553e-01
1.205467917733073491e-01 5.962224639368050028e-01 2.832307442918712281e-01
1.205468797192262020e-01 5.962224043141531871e-01 2.832307159686042186e-01
1.205469676651274719e-01 5.962223446915133618e-01 2.832306876453428712e-01
1.205470556110111446e-01 5.962222850688853049e-01 2.832306593220871860e-01
1.205471435568772343e-01 5.962222254462692383e-01 2.832306309988371074e-01
1.205472315027257268e-01 5.962221658236651622e-01 2.832306026755927464e-01
1.205473194485566363e-01 5.962221062010729655e-01 2.832305743523540476e-01
1.205474073943699487e-01 5.962220465784926482e-01 2.832305460291210109e-01
1.205474953401656918e-01 5.962219869559243213e-01 2.832305177058936363e-01
1.205475832859438240e-01 5.962219273333678737e-01 2.832304893826719239e-01
1.205476712317043730e-01 5.962218677108234166e-01 2.832304610594558736e-01
1.205477591774473389e-01 5.962218080882908389e-01 2.832304327362454854e-01
1.205478471231727078e-01 5.962217484657701405e-01 2.832304044130408149e-01
1.205479350688804935e-01 5.962216888432614326e-01 2.832303760898417511e-01
1.205480230145706960e-01 5.962216292207646040e-01 2.832303477666483493e-01
1.205481109602433015e-01 5.962215695982796548e-01 2.832303194434606097e-01
1.205481989058983100e-01 5.962215099758066961e-01 2.832302911202785878e-01
1.205482868515357353e-01 5.962214503533457277e-01 2.832302627971021725e-01
1.205483747971555775e-01 5.962213907308966387e-01 2.832302344739314748e-01
1.205484627427578226e-01 5.962213311084594292e-01 2.832302061507663837e-01
1.205485506883424845e-01 5.962212714860342100e-01 2.832301778276070103e-01
1.205486386339095495e-01 5.962212118636208702e-01 2.832301495044532436e-01
1.205487265794590312e-01 5.962211522412194098e-01 2.832301211813051944e-01
1.205488145249909299e-01 5.962210926188299398e-01 2.832300928581628074e-01
1.205489024705052314e-01 5.962210329964523492e-01 2.832300645350260271e-01
1.205489904160019360e-01 5.962209733740867490e-01 2.832300362118949644e-01
1.205490783614810713e-01 5.962209137517330282e-01 2.832300078887695638e-01
1.205491663069425956e-01 5.962208541293911868e-01 2.832299795656498254e-01
1.205492542523865507e-01 5.962207945070613357e-01 2.832299512425357491e-01
1.205493421978128948e-01 5.962207348847433641e-01 2.832299229194273349e-01
1.205494301432216697e-01 5.962206752624373829e-01 2.832298945963245829e-01
1.205495180886128476e-01 5.962206156401432811e-01 2.832298662732274930e-01
1.205496060339864423e-01 5.962205560178611696e-01 2.832298379501360652e-01
1.205496939793424399e-01 5.962204963955909376e-01 2.832298096270502996e-01
1.205497819246808405e-01 5.962204367733325849e-01 2.832297813039701961e-01
1.205498698700016719e-01 5.962203771510862227e-01 2.832297529808957548e-01
1.205499578153049062e-01 5.962203175288517398e-01 2.832297246578270311e-01
1.205500457605905434e-01 5.962202579066291364e-01 2.832296963347639140e-01
1.205501337058585976e-01 5.962201982844185233e-01 2.832296680117064591e-01
1.205502216511090685e-01 5.962201386622199006e-01 2.832296396886547218e-01
1.205503095963419424e-01 5.962200790400330463e-01 2.832296113656085912e-01
1.205503975415572332e-01 5.962200194178582935e-01 2.832295830425681782e-01
1.205504854867549269e-01 5.962199597956953090e-01 2.832295547195333718e-01
1.205505734319350375e-01 5.962199001735443149e-01 2.832295263965042831e-01
1.205506613770975510e-01 5.962198405514053112e-01 2.832294980734808010e-01
1.205507493222424814e-01 5.962197809292780759e-01 2.832294697504630365e-01
1.205508372673698286e-01 5.962197213071628310e-01 2.832294414274509342e-01
1.205509252124795788e-01 5.962196616850595765e-01 2.832294131044444385e-01
1.205510131575717458e-01 5.962196020629682014e-01 2.832293847814436605e-01
1.205511011026463158e-01 5.962195424408887057e-01 2.832293564584485446e-01
1.205511890477033027e-01 5.962194828188212004e-01 2.832293281354590908e-01
1.205512769927426925e-01 5.962194231967656854e-01 2.832292998124752992e-01
1.205513649377644991e-01 5.962193635747219389e-01 2.832292714894971697e-01
1.205514528827687226e-01 5.962193039526901828e-01 2.832292431665247023e-01
1.205515408277553491e-01 5.962192443306704170e-01 2.832292148435578971e-01
1.205516287727243924e-01 5.962191847086624197e-01 2.832291865205967540e-01
1.205517167176758386e-01 5.962191250866665237e-01 2.832291581976412731e-01
1.205518046626097017e-01 5.962190654646823962e-01 2.832291298746915098e-01
1.205518926075259817e-01 5.962190058427102590e-01 2.832291015517473531e-01
1.205519805524246646e-01 5.962189462207501123e-01 2.832290732288088586e-01
1.205520684973057643e-01 5.962188865988018449e-01 2.832290449058760262e-01
1.205521564421692671e-01 5.962188269768654569e-01 2.832290165829489115e-01
1.205522443870151866e-01 5.962187673549410594e-01 2.832289882600274034e-01
1.205523323318435092e-01 5.962187077330285412e-01 2.832289599371116129e-01
1.205524202766542485e-01 5.962186481111279024e-01 2.832289316142014290e-01
1.205525082214474047e-01 5.962185884892392540e-01 2.832289032912969629e-01
1.205525961662229639e-01 5.962185288673624850e-01 2.832288749683981033e-01
1.205526841109809261e-01 5.962184692454977064e-01 2.832288466455049614e-01
1.205527720557213189e-01 5.962184096236448072e-01 2.832288183226174816e-01
1.205528600004441148e-01 5.962183500018038984e-01 2.832287899997356084e-01
