3.869205637591712210e-01 3.310316707089697719e-01 2.820477655144630891e-01
3.869206075675442058e-01 3.310316551056498025e-01 2.820477373094101292e-01
3.869206506259010858e-01 3.310316402523402202e-01 2.820477091043628315e-01
3.869206936842493616e-01 3.310316253990335800e-01 2.820476808993211404e-01
3.869207359925819212e-01 3.310316112957371049e-01 2.820476526942851114e-01
3.869207783009060431e-01 3.310315971924433498e-01 2.820476244892546891e-01
3.869208203592193751e-01 3.310315833391548335e-01 2.820475962842299844e-01
3.869208626675265661e-01 3.310315692358667405e-01 2.820475680792108308e-01
3.869209047258230227e-01 3.310315553825837198e-01 2.820475398741973949e-01
3.869209470341133383e-01 3.310315412793012335e-01 2.820475116691895656e-01
3.869209870923751571e-01 3.310315294260416374e-01 2.820474834641873429e-01
3.869210269006267966e-01 3.310315178227865585e-01 2.820474552591907824e-01
3.869210669588726281e-01 3.310315059695316253e-01 2.820474270541998840e-01
3.869211065171061503e-01 3.310314946162833949e-01 2.820473988492145923e-01
3.869211460753317344e-01 3.310314832630373849e-01 2.820473706442350181e-01
3.869211866335578454e-01 3.310314709097852970e-01 2.820473424392609951e-01
3.869212279417820199e-01 3.310314578065294833e-01 2.820473142342926343e-01
3.869212697500020726e-01 3.310314442032721294e-01 2.820472860293299355e-01
3.869213118082157621e-01 3.310314303500154764e-01 2.820472578243728989e-01
3.869213543664250521e-01 3.310314159967576164e-01 2.820472296194214690e-01
3.869213971746278125e-01 3.310314013935006794e-01 2.820472014144757011e-01
3.869214389828142253e-01 3.310313877902544277e-01 2.820471732095355399e-01
3.869214810409941641e-01 3.310313739370089325e-01 2.820471450046010409e-01
3.869215240991732974e-01 3.310313590837586917e-01 2.820471167996722039e-01
3.869215666573400658e-01 3.310313444805132455e-01 2.820470888447508262e-01
3.869216097155020462e-01 3.310313293772670362e-01 2.820470608898351106e-01
3.869216522736517172e-01 3.310313147740275297e-01 2.820470329349249461e-01
3.869216953317964891e-01 3.310312996707873157e-01 2.820470049800203327e-01
3.869217373899255796e-01 3.310312858175589734e-01 2.820469767751195844e-01
3.869217784480392663e-01 3.310312729643404284e-01 2.820469485702244983e-01
3.869218205061515925e-01 3.310312591111175262e-01 2.820469203653350188e-01
3.869218628142572780e-01 3.310312450078957136e-01 2.820468921604512014e-01
3.869219051223544703e-01 3.310312309046767321e-01 2.820468639555729906e-01
3.869219471804415389e-01 3.310312170514622121e-01 2.820468357507004420e-01
3.869219887385169643e-01 3.310312036982536732e-01 2.820468075458335555e-01
3.869220315465920490e-01 3.310311890950398683e-01 2.820467793409722757e-01
3.869220741046570100e-01 3.310311747418305250e-01 2.820467511361166579e-01
3.869221161627103833e-01 3.310311608886271073e-01 2.820467229312666468e-01
3.869221587207583579e-01 3.310311465354234817e-01 2.820466947264222979e-01
3.869222015287993588e-01 3.310311319322212231e-01 2.820466665215836111e-01
3.869222458368405948e-01 3.310311158290130118e-01 2.820466383167505864e-01
3.869222896448701321e-01 3.310311002258108926e-01 2.820466101119231683e-01
3.869223347028979965e-01 3.310310833726048396e-01 2.820465819071013569e-01
3.869223790109126426e-01 3.310310672694062872e-01 2.820465537022852076e-01
3.869224230689171096e-01 3.310310514162123630e-01 2.820465254974747205e-01
3.869224661269072829e-01 3.310310365630270701e-01 2.820464972926698954e-01
3.869225099348928554e-01 3.310310209598406606e-01 2.820464690878706771e-01
3.869225534928683596e-01 3.310310056066587681e-01 2.820464408830770653e-01
3.869225965508326093e-01 3.310309907534824680e-01 2.820464126782891712e-01
3.869226396087881992e-01 3.310309759003091101e-01 2.820463844735068837e-01
3.869226834167389106e-01 3.310309602971350795e-01 2.820463562687302028e-01
3.869227272246809068e-01 3.310309446939641020e-01 2.820463280639591841e-01
3.869227687826035100e-01 3.310309313408068554e-01 2.820462998591938275e-01
3.869228105905189730e-01 3.310309177376511425e-01 2.820462716544340775e-01
3.869228528984283155e-01 3.310309036344958877e-01 2.820462434496799897e-01
3.869228944563258832e-01 3.310308902813467458e-01 2.820462152449315640e-01
3.869229352642118980e-01 3.310308776782035500e-01 2.820461870401887450e-01
3.869229765720918479e-01 3.310308645750607570e-01 2.820461588354515881e-01
3.869230176299625068e-01 3.310308517219216484e-01 2.820461306307200933e-01
3.869230589378259699e-01 3.310308386187840735e-01 2.820461024259942051e-01
3.869230992456773044e-01 3.310308265156529650e-01 2.820460742212739791e-01
3.869231388035176966e-01 3.310308151625271922e-01 2.820460460165593597e-01
3.869231796113548061e-01 3.310308025593990400e-01 2.820460178118504024e-01
3.869232211691864820e-01 3.310307892062706592e-01 2.820459896071470518e-01
3.869232622270080135e-01 3.310307763531468161e-01 2.820459614024494188e-01
3.869233030348205316e-01 3.310307637500263245e-01 2.820459331977573925e-01
3.869233433426232938e-01 3.310307516469099820e-01 2.820459049930709727e-01
3.869233839004186937e-01 3.310307392937952842e-01 2.820458767883902151e-01
3.869234249582075846e-01 3.310307264406815442e-01 2.820458485837151197e-01
3.869234667659905424e-01 3.310307128375680752e-01 2.820458203790456309e-01
3.869235093237672896e-01 3.310306984844551548e-01 2.820457921743818042e-01
3.869235523815369171e-01 3.310306836313437473e-01 2.820457639697235841e-01
3.869235956892985717e-01 3.310306685282345951e-01 2.820457357650710817e-01
3.869236399970542029e-01 3.310306524251258598e-01 2.820457075604241304e-01
3.869236843048010077e-01 3.310306363220203996e-01 2.820456793557828967e-01
3.869237283625382995e-01 3.310306204689186793e-01 2.820456511511472697e-01
3.869237734202691237e-01 3.310306036158178755e-01 2.820456229465172493e-01
3.869238197279936675e-01 3.310305855127176899e-01 2.820455947418929465e-01
3.869238660357089410e-01 3.310305674096211126e-01 2.820455665372741949e-01
3.869239128434159292e-01 3.310305488065271584e-01 2.820455383326611609e-01
3.869239591511126619e-01 3.310305307034378530e-01 2.820455101280537336e-01
3.869240062088014076e-01 3.310305118503508726e-01 2.820454819234519683e-01
3.869240535164812367e-01 3.310304927472672576e-01 2.820454537188558097e-01
3.869241005741511641e-01 3.310304738941878266e-01 2.820454255142653133e-01
3.869241471318109471e-01 3.310304555411128780e-01 2.820453973096804789e-01
3.869241941894621117e-01 3.310304366880409410e-01 2.820453691051012513e-01
3.869242412471038395e-01 3.310304178349727788e-01 2.820453409005276857e-01
3.869242883047361858e-01 3.310303989819083914e-01 2.820453126959597268e-01
3.869243368623607737e-01 3.310303786288461003e-01 2.820452844913974300e-01
3.869243859199761326e-01 3.310303577757873761e-01 2.820452562868407953e-01
3.869244354775820960e-01 3.310303364227323852e-01 2.820452280822897673e-01
3.869244847851779912e-01 3.310303153196818560e-01 2.820451998777444014e-01
3.869245338427638736e-01 3.310302944666357328e-01 2.820451716732046421e-01
3.869245834003401940e-01 3.310302731135935095e-01 2.820451434686706005e-01
3.869246324579063701e-01 3.310302522605557685e-01 2.820451152641421100e-01
3.869246820154629285e-01 3.310302309075220384e-01 2.820450870596193371e-01
3.869247318230096822e-01 3.310302093044924510e-01 2.820450588551021709e-01
3.869247818805465200e-01 3.310301874514671727e-01 2.820450306505906113e-01
3.869248324380734072e-01 3.310301650984461830e-01 2.820450024460847138e-01
3.869248834955901217e-01 3.310301422454296483e-01 2.820449742415844785e-01
