4.718836623983840850e-01 3.007056067349650474e-01 2.274107308617783485e-01
4.718836483348800015e-01 3.007056434147638568e-01 2.274107082454836504e-01
4.718836343963799251e-01 3.007056800945552832e-01 2.274106855041922448e-01
4.718836202078802722e-01 3.007057170243417898e-01 2.274106627629053634e-01
4.718836066443893862e-01 3.007057533291149776e-01 2.274106400216230617e-01
4.718835933309035724e-01 3.007057893838785412e-01 2.274106172803452841e-01
4.718835796424169504e-01 3.007058258136384166e-01 2.274105945390720585e-01
4.718835659539330485e-01 3.007058622433909645e-01 2.274105717978033847e-01
4.718835518904484494e-01 3.007058990481397132e-01 2.274105490565392629e-01
4.718835384519723397e-01 3.007059352278754205e-01 2.274105263152796930e-01
4.718835243884933472e-01 3.007059720326094587e-01 2.274105035740246472e-01
4.718835102000160653e-01 3.007060089623372345e-01 2.274104808327741811e-01
4.718834962615436890e-01 3.007060456420554417e-01 2.274104580915282392e-01
4.718834824480753198e-01 3.007060821967652564e-01 2.274104353502868492e-01
4.718834683846074851e-01 3.007061190014698737e-01 2.274104126090500111e-01
4.718834539461393418e-01 3.007061561811703032e-01 2.274103898678177249e-01
4.718834388826689263e-01 3.007061938608674434e-01 2.274103672515910557e-01
4.718834234441984243e-01 3.007062319155600627e-01 2.274103446353688829e-01
4.718834090057391073e-01 3.007062689702370561e-01 2.274103220191512620e-01
4.718833953172886786e-01 3.007063052749005538e-01 2.274102994029381375e-01
4.718833823788469717e-01 3.007063408295509443e-01 2.274102767867295649e-01
4.718833694404078738e-01 3.007063763841941739e-01 2.274102541705254887e-01
4.718833571269760996e-01 3.007064113138254724e-01 2.274102315543259645e-01
4.718833451885496300e-01 3.007064458684469699e-01 2.274102089381309366e-01
4.718833340001312160e-01 3.007064797980568693e-01 2.274101861969394789e-01
4.718833233117187831e-01 3.007065132276562358e-01 2.274101634557525731e-01
4.718833133733138507e-01 3.007065459072434943e-01 2.274101407145702192e-01
4.718833033099100183e-01 3.007065787118251010e-01 2.274101179733924172e-01
4.718832937465117783e-01 3.007066110163965633e-01 2.274100952322191671e-01
4.718832843081163797e-01 3.007066430709598448e-01 2.274100726160513397e-01
4.718832746197210715e-01 3.007066753755184285e-01 2.274100499998880365e-01
4.718832646813260201e-01 3.007067079300722590e-01 2.274100273837292852e-01
4.718832543679304936e-01 3.007067408596221236e-01 2.274100047675750302e-01
4.718832444295393835e-01 3.007067734141629090e-01 2.274099821514252995e-01
4.718832349911536439e-01 3.007068054686938829e-01 2.274099595352801206e-01
4.718832249277657431e-01 3.007068381482224662e-01 2.274099369191394382e-01
4.718832142393759588e-01 3.007068714527484921e-01 2.274099143030032799e-01
4.718832031759859214e-01 3.007069048822685886e-01 2.274098919368731930e-01
4.718831932376049143e-01 3.007069373117759459e-01 2.274098694457467873e-01
4.718831830492244972e-01 3.007069699912782723e-01 2.274098469546249057e-01
4.718831728608460785e-01 3.007070027957748359e-01 2.274098243385067886e-01
4.718831639224769781e-01 3.007070343502575849e-01 2.274098017223931956e-01
4.718831548591089220e-01 3.007070660297347375e-01 2.274097791062841545e-01
4.718831455457412893e-01 3.007070980842075913e-01 2.274097563651788778e-01
4.718831364823768415e-01 3.007071298886727084e-01 2.274097336240781808e-01
4.718831280440176634e-01 3.007071610681280593e-01 2.274097108829820080e-01
4.718831196056601507e-01 3.007071922475771930e-01 2.274096881418903870e-01
4.718831106673017084e-01 3.007072239270227043e-01 2.274096654008033180e-01
4.718831011039418266e-01 3.007072562314650477e-01 2.274096426597208009e-01
4.718830911655820248e-01 3.007072889109028146e-01 2.274096199186428358e-01
4.718830803522198747e-01 3.007073224653383781e-01 2.274095971775693947e-01
4.718830700388623733e-01 3.007073555197647963e-01 2.274095744365005334e-01
4.718830599755080568e-01 3.007073883241834222e-01 2.274095516954361962e-01
4.718830497871551732e-01 3.007074212535960633e-01 2.274095289543764387e-01
4.718830390988021373e-01 3.007074546830043604e-01 2.274095062133212053e-01
4.718830287854529071e-01 3.007074877374042998e-01 2.274094834722705238e-01
4.718830190971083360e-01 3.007075201667949726e-01 2.274094607312243665e-01
4.718830086587625927e-01 3.007075533461823214e-01 2.274094379901827889e-01
4.718829985954204331e-01 3.007075861505614789e-01 2.274094152491457632e-01
4.718829882820793631e-01 3.007076192049351060e-01 2.274093925081132617e-01
4.718829779687403470e-01 3.007076522593021273e-01 2.274093697670853398e-01
4.718829676554033847e-01 3.007076853136624872e-01 2.274093470260619421e-01
4.718829570920675121e-01 3.007077184930166958e-01 2.274093244100435784e-01
4.718829462787328399e-01 3.007077519223651518e-01 2.274093017940297390e-01
4.718829349653985705e-01 3.007077858517087643e-01 2.274092791780204237e-01
4.718829232770653803e-01 3.007078201560468012e-01 2.274092565620156325e-01
4.718829125887378240e-01 3.007078534603746522e-01 2.274092339460153656e-01
4.718829021504131194e-01 3.007078865146950997e-01 2.274092113300196227e-01
4.718828927120937156e-01 3.007079185690058054e-01 2.274091887140284041e-01
4.718828838987779717e-01 3.007079499983082438e-01 2.274091660980416818e-01
4.718828750854640597e-01 3.007079814276044094e-01 2.274091434820595115e-01
4.718828672721546713e-01 3.007080118568914995e-01 2.274091208660818653e-01
4.718828598338478120e-01 3.007080419111714531e-01 2.274090982501087432e-01
4.718828532705447998e-01 3.007080710904431187e-01 2.274090756341401176e-01
4.718828470822439836e-01 3.007080998947079808e-01 2.274090530181760439e-01
4.718828410189447320e-01 3.007081285739668375e-01 2.274090304022164943e-01
4.718828348306464138e-01 3.007081573782202644e-01 2.274090077862614412e-01
4.718828300173523171e-01 3.007081848074648622e-01 2.274089851703109399e-01
4.718828247040581791e-01 3.007082127367050606e-01 2.274089625543649351e-01
4.718828195157653282e-01 3.007082405409393644e-01 2.274089399384234822e-01
4.718828142024732997e-01 3.007082684701684050e-01 2.274089173224865257e-01
4.718828077641802898e-01 3.007082975243938194e-01 2.274088947065541211e-01
4.718828014508888447e-01 3.007083264536132283e-01 2.274088720906262129e-01
4.718827966376009653e-01 3.007083538828245195e-01 2.274088494747028566e-01
4.718827916993139637e-01 3.007083814370304364e-01 2.274088268587839967e-01
4.718827868860280272e-01 3.007084088662307364e-01 2.274088042428696610e-01
4.718827818227427362e-01 3.007084365454258390e-01 2.274087816269598494e-01
4.718827773844592732e-01 3.007084635996146726e-01 2.274087590110545898e-01
4.718827733211770625e-01 3.007084902787976466e-01 2.274087363951538265e-01
4.718827687578951435e-01 3.007085174579757769e-01 2.274087137792575875e-01
4.718827646946146537e-01 3.007085441371479817e-01 2.274086911633658725e-01
4.718827603813346983e-01 3.007085710663151001e-01 2.274086685474786818e-01
4.718827570680563244e-01 3.007085968704760748e-01 2.274086460565960810e-01
4.718827538797787380e-01 3.007086225496317655e-01 2.274086235657179766e-01
4.718827500665014330e-01 3.007086488537827340e-01 2.274086010748443687e-01
4.718827463782249154e-01 3.007086750329283076e-01 2.274085785839752571e-01
4.718827426899491195e-01 3.007087012120686631e-01 2.274085560931106420e-01
4.718827385016740039e-01 3.007087278912038419e-01 2.274085336022505510e-01
4.718827338133996796e-01 3.007087550703337331e-01 2.274085111113949287e-01
4.718827295001262745e-01 3.007087818744582641e-01 2.274084886205438027e-01
