4.585751377690034936e-01 2.953740087023823957e-01 2.460508535231300253e-01
4.585751549116576786e-01 2.953740160400534220e-01 2.460508290428047862e-01
4.585751729293169876e-01 2.953740225027144950e-01 2.460508045624844320e-01
4.585751903219666969e-01 2.953740295903802826e-01 2.460507800821689905e-01
4.585752074646105014e-01 2.953740369280469791e-01 2.460507556018584341e-01
4.585752243572485676e-01 2.953740446407158160e-01 2.460507309965515865e-01
4.585752413748844236e-01 2.953740522283819225e-01 2.460507063912496795e-01
4.585752592675249040e-01 2.953740589410384088e-01 2.460506817859526574e-01
4.585752762851538766e-01 2.953740665287015732e-01 2.460506571806605758e-01
4.585752935527815932e-01 2.953740737413598216e-01 2.460506327003745553e-01
4.585753109454070997e-01 2.953740808290155617e-01 2.460506082200934197e-01
4.585753289630345453e-01 2.953740874166654318e-01 2.460505836148160763e-01
4.585753468556573176e-01 2.953740941293150901e-01 2.460505590095436457e-01
4.585753637482679612e-01 2.953741018419719921e-01 2.460505344042761555e-01
4.585753808908772933e-01 2.953741093046252653e-01 2.460505097990135503e-01
4.585753980334831836e-01 2.953741167672770396e-01 2.460504851937558857e-01
4.585754146760814831e-01 2.953741247299314088e-01 2.460504605885031615e-01
4.585754318186806011e-01 2.953741321925801855e-01 2.460504359832553223e-01
4.585754497112823902e-01 2.953741389052212951e-01 2.460504113780124236e-01
4.585754681038845537e-01 2.953741451178570898e-01 2.460503867727744653e-01
4.585754869964869807e-01 2.953741508304877361e-01 2.460503621675413921e-01
4.585755061390876519e-01 2.953741562931152531e-01 2.460503375623132594e-01
4.585755247816805102e-01 2.953741622557455315e-01 2.460503129570900394e-01
4.585755426742640362e-01 2.953741689683803129e-01 2.460502883518717321e-01
4.585755594418354786e-01 2.953741768060221817e-01 2.460502637466583653e-01
4.585755760844026918e-01 2.953741847686633948e-01 2.460502391414499113e-01
4.585755922269629803e-01 2.953741932313067031e-01 2.460502145362463977e-01
4.585756083695199936e-01 2.953742016939482906e-01 2.460501899310477691e-01
4.585756252620791229e-01 2.953742094065828772e-01 2.460501653258540811e-01
4.585756416546312719e-01 2.953742176192194480e-01 2.460501407206653057e-01
4.585756591721880104e-01 2.953742247068465998e-01 2.460501161154814709e-01
4.585756768147420392e-01 2.953742316694714654e-01 2.460500915103025488e-01
4.585756952072975734e-01 2.953742378820899406e-01 2.460500669051285394e-01
4.585757132248469703e-01 2.953742444697096126e-01 2.460500422999594428e-01
4.585757312423927590e-01 2.953742510573280078e-01 2.460500176947952866e-01
4.585757500099397754e-01 2.953742568949402347e-01 2.460499930896360432e-01
4.585757686524821741e-01 2.953742628575521390e-01 2.460499684844817125e-01
4.585757874200216966e-01 2.953742686951619789e-01 2.460499438793323224e-01
4.585758056875544053e-01 2.953742750327738031e-01 2.460499192741878449e-01
4.585758238300826628e-01 2.953742814953850826e-01 2.460498946690482802e-01
4.585758410976021326e-01 2.953742888330002092e-01 2.460498700639136560e-01
4.585758582401174288e-01 2.953742962956146245e-01 2.460498454587839445e-01
4.585758746326250024e-01 2.953743045082317664e-01 2.460498208536591458e-01
4.585758906501272714e-01 2.953743130958494389e-01 2.460497962485392598e-01
4.585759080426338730e-01 2.953743203084577829e-01 2.460497716434243143e-01
4.585759251851356799e-01 2.953743277710660919e-01 2.460497470383142815e-01
4.585759423276339897e-01 2.953743352336728467e-01 2.460497224332091615e-01
4.585759599701314526e-01 2.953743421962755633e-01 2.460496978281089819e-01
4.585759773626241764e-01 2.953743494088781341e-01 2.460496732230137151e-01
4.585759947551134585e-01 2.953743566214793170e-01 2.460496486179233611e-01
4.585760127726022373e-01 2.953743632090758964e-01 2.460496240128379197e-01
4.585760302900850904e-01 2.953743702966736273e-01 2.460495994077574189e-01
4.585760481825661428e-01 2.953743770092681076e-01 2.460495748026818308e-01
4.585760664500453943e-01 2.953743833468595592e-01 2.460495501976111832e-01
4.585760850925226229e-01 2.953743893094480932e-01 2.460495255925454483e-01
4.585761038599966977e-01 2.953743950220342751e-01 2.460495011124851916e-01
4.585761221274649024e-01 2.953744012346214975e-01 2.460494766324298199e-01
4.585761401449283681e-01 2.953744076972085186e-01 2.460494521523793610e-01
4.585761587873907197e-01 2.953744135347916577e-01 2.460494276723338147e-01
4.585761776798504274e-01 2.953744191223726112e-01 2.460494031922931535e-01
4.585761965723063049e-01 2.953744245849520000e-01 2.460493788372578317e-01
4.585762152147574433e-01 2.953744302975312985e-01 2.460493544822273948e-01
4.585762342322062812e-01 2.953744356351079570e-01 2.460493301272018152e-01
4.585762526246490722e-01 2.953744415976858884e-01 2.460493057721811205e-01
4.585762717670908151e-01 2.953744468102599829e-01 2.460492814171653109e-01
4.585762901595262231e-01 2.953744527728355829e-01 2.460492570621543584e-01
4.585763081769566596e-01 2.953744591104112138e-01 2.460492327071482632e-01
4.585763264443842857e-01 2.953744651979848257e-01 2.460492083521470530e-01
4.585763454618105861e-01 2.953744705355548228e-01 2.460491839971507277e-01
4.585763646042335107e-01 2.953744757481234218e-01 2.460491596421592320e-01
4.585763842466540341e-01 2.953744804606894814e-01 2.460491352871726489e-01
4.585764048890734190e-01 2.953744841732518500e-01 2.460491109321909231e-01
4.585764260314900143e-01 2.953744873858121234e-01 2.460490865772140545e-01
4.585764472989026785e-01 2.953744904733713872e-01 2.460490622222420709e-01
4.585764680663098058e-01 2.953744940609313030e-01 2.460490378672749445e-01
4.585764888337128253e-01 2.953744976484904972e-01 2.460490135123127031e-01
4.585765099761125452e-01 2.953745008610481060e-01 2.460489891573553467e-01
4.585765306185070056e-01 2.953745044486059124e-01 2.460489649274031354e-01
4.585765512608973027e-01 2.953745080361629971e-01 2.460489406974557813e-01
4.585765726532849973e-01 2.953745108737178549e-01 2.460489164675132567e-01
4.585765932956669122e-01 2.953745144612735518e-01 2.460488922375755894e-01
4.585766130630432036e-01 2.953745189238301538e-01 2.460488680076427792e-01
4.585766330804159630e-01 2.953745231363854029e-01 2.460488437777147985e-01
4.585766537227856654e-01 2.953745268489390008e-01 2.460488194227914427e-01
4.585766738651505525e-01 2.953745310614926400e-01 2.460487950678729718e-01
4.585766938825112105e-01 2.953745353990456235e-01 2.460487707129593582e-01
4.585767127748663907e-01 2.953745408615991996e-01 2.460487463580506018e-01
4.585767324172186910e-01 2.953745455741507153e-01 2.460487220031467304e-01
4.585767516845666858e-01 2.953745509117020607e-01 2.460486973982474734e-01
4.585767712019109821e-01 2.953745559992520531e-01 2.460486727933531292e-01
4.585767902192509071e-01 2.953745615868014207e-01 2.460486481884636978e-01
4.585768093615872898e-01 2.953745670493496678e-01 2.460486235835792068e-01
4.585768287539198629e-01 2.953745722618966174e-01 2.460485989786996286e-01
4.585768488962491118e-01 2.953745767244420617e-01 2.460485743738249631e-01
4.585768694135745061e-01 2.953745808119864757e-01 2.460485497689552103e-01
4.585768899308957924e-01 2.953745848995300016e-01 2.460485251640903981e-01
4.585769095732127321e-01 2.953745898620730448e-01 2.460485005592304986e-01
4.585769283405255470e-01 2.953745956996152167e-01 2.460484759543755395e-01
4.585769479828347150e-01 2.953746006621561504e-01 2.460484513495254655e-01
4.585769677501398967e-01 2.953746054996960746e-01 2.460484267446803319e-01
