1.279198074088973291e-01 8.073805980944335214e-01 6.469959452699143576e-02
1.279197956168010297e-01 8.073806143565330773e-01 6.469959005698817933e-02
1.279197848247168035e-01 8.073806296186196718e-01 6.469958558698582496e-02
1.279197740326347144e-01 8.073806448807032687e-01 6.469958111698434489e-02
1.279197622405452983e-01 8.073806611427931657e-01 6.469957664698378075e-02
1.279197504484582137e-01 8.073806774048799539e-01 6.469957217698409091e-02
1.279197386563735162e-01 8.073806936669634116e-01 6.469956770698530313e-02
1.279197268642911500e-01 8.073807089290344630e-01 6.469956423699661785e-02
1.279197150722111709e-01 8.073807241911024057e-01 6.469956076700861258e-02
1.279197032801335232e-01 8.073807394531673509e-01 6.469955729702131508e-02
1.279196914880582625e-01 8.073807557152381520e-01 6.469955282702580246e-02
1.279196796959853333e-01 8.073807719773056224e-01 6.469954835703119189e-02
1.279196679039147633e-01 8.073807882393698732e-01 6.469954388703746950e-02
1.279196561118465802e-01 8.073808045014309043e-01 6.469953941704463529e-02
1.279196443197807287e-01 8.073808207634886047e-01 6.469953494705270314e-02
1.279196325277172364e-01 8.073808370255431965e-01 6.469953047706165916e-02
1.279196207356561032e-01 8.073808522875861593e-01 6.469952700707981563e-02
1.279196089435973571e-01 8.073808675496260134e-01 6.469952353709866599e-02
1.279195971515409425e-01 8.073808828116628700e-01 6.469952006711821024e-02
1.279195853594868870e-01 8.073808980736967289e-01 6.469951659713844838e-02
1.279195735674351908e-01 8.073809143357353335e-01 6.469951212715147060e-02
1.279195617753858538e-01 8.073809315977785728e-01 6.469950665715759608e-02
1.279195499833388761e-01 8.073809488598183703e-01 6.469950118716480403e-02
1.279195381912942853e-01 8.073809651218470940e-01 6.469949671718072670e-02
1.279195263992520259e-01 8.073809813838724869e-01 6.469949224719752368e-02
1.279195146072121259e-01 8.073809976458946602e-01 6.469948777721522271e-02
1.279195028151745850e-01 8.073810139079136139e-01 6.469948330723382379e-02
1.279194910231393756e-01 8.073810301699292369e-01 6.469947883725329918e-02
1.279194792311065532e-01 8.073810464319416402e-01 6.469947436727369050e-02
1.279194674390760900e-01 8.073810626939508239e-01 6.469946989729495612e-02
1.279194556470479860e-01 8.073810789559567880e-01 6.469946542731713768e-02
1.279194438550222412e-01 8.073810942179526773e-01 6.469946195734699312e-02
1.279194310629921394e-01 8.073811104799522020e-01 6.469945848737755634e-02
1.279194182709646188e-01 8.073811267419483961e-01 6.469945501740879956e-02
1.279194054789396517e-01 8.073811410039284375e-01 6.469945354745375299e-02
1.279193926869172104e-01 8.073811552659057034e-01 6.469945207749899785e-02
1.279193798948973504e-01 8.073811695278799716e-01 6.469945060754453414e-02
1.279193671028800716e-01 8.073811847898576533e-01 6.469944813758415902e-02
1.279193543108653186e-01 8.073812000518322263e-01 6.469944566762428351e-02
1.279193415188531469e-01 8.073812153138038017e-01 6.469944319766490759e-02
1.279193287268435009e-01 8.073812305757723795e-01 6.469944072770601740e-02
1.279193159348364361e-01 8.073812458377378487e-01 6.469943825774761292e-02
1.279193031428319527e-01 8.073812630997116990e-01 6.469943378777831544e-02
1.279192903508299950e-01 8.073812803616821077e-01 6.469942931780990614e-02
1.279192775588305908e-01 8.073812976236489636e-01 6.469942484784239889e-02
1.279192647668337679e-01 8.073813148856124888e-01 6.469942037787576594e-02
1.279192519748394985e-01 8.073813321475725724e-01 6.469941590791004893e-02
1.279192391828477826e-01 8.073813494095291032e-01 6.469941143794520622e-02
1.279192263908586202e-01 8.073813666714823034e-01 6.469940696798127944e-02
1.279192135988720114e-01 8.073813849334369186e-01 6.469940149801323148e-02
1.279192008068879838e-01 8.073814031953879811e-01 6.469939602804627987e-02
1.279191880149065097e-01 8.073814214573352688e-01 6.469939055808042461e-02
1.279191752229275614e-01 8.073814397192790038e-01 6.469938508811565181e-02
1.279191624309511943e-01 8.073814589812237097e-01 6.469937861814738234e-02
1.279191496389774085e-01 8.073814782431644188e-01 6.469937214818040350e-02
1.279191368470061485e-01 8.073814975051013532e-01 6.469936567821472917e-02
1.279191240550374697e-01 8.073815167670344017e-01 6.469935920825033160e-02
1.279191112630713167e-01 8.073815360289636756e-01 6.469935273828723854e-02
1.279190984711077450e-01 8.073815552908890636e-01 6.469934626832543612e-02
1.279190856791467545e-01 8.073815745528105658e-01 6.469933979836493820e-02
1.279190728871882898e-01 8.073815938147281823e-01 6.469933332840571705e-02
1.279190600952323786e-01 8.073816130766420240e-01 6.469932685844780040e-02
1.279190473032790487e-01 8.073816323385519800e-01 6.469932038849117439e-02
1.279190345113282723e-01 8.073816516004581612e-01 6.469931391853585290e-02
1.279190217193800494e-01 8.073816708623603455e-01 6.469930744858180816e-02
1.279190089274343800e-01 8.073816901242587551e-01 6.469930097862906793e-02
1.279189961354912641e-01 8.073817093861532790e-01 6.469929450867761833e-02
1.279189833435507295e-01 8.073817286480440281e-01 6.469928803872745937e-02
1.279189705516127484e-01 8.073817479099308914e-01 6.469928156877860492e-02
1.279189577596772931e-01 8.073817671718138689e-01 6.469927509883104111e-02
1.279189449677444190e-01 8.073817864336929606e-01 6.469926862888476793e-02
1.279189321758141262e-01 8.073818056955682776e-01 6.469926215893978538e-02
1.279189193838863592e-01 8.073818249574397088e-01 6.469925568899610735e-02
1.279189065919611734e-01 8.073818442193073652e-01 6.469924921905370607e-02
1.279188938000385134e-01 8.073818634811710249e-01 6.469924274911260931e-02
1.279188810081184347e-01 8.073818827430309097e-01 6.469923627917281705e-02
1.279188682162009094e-01 8.073819020048869088e-01 6.469922980923430156e-02
1.279188554242859654e-01 8.073819212667391332e-01 6.469922333929709057e-02
1.279188426323735472e-01 8.073819405285874717e-01 6.469921686936117022e-02
1.279188298404637103e-01 8.073819597904319245e-01 6.469921039942654051e-02
1.279188170485564269e-01 8.073819790522726025e-01 6.469920392949320143e-02
1.279188042566516970e-01 8.073819983141092838e-01 6.469919745956116686e-02
1.279187914647495206e-01 8.073820175759421902e-01 6.469919098963042292e-02
1.279187786728498977e-01 8.073820368377713219e-01 6.469918451970096962e-02
1.279187658809528561e-01 8.073820560995964568e-01 6.469917804977282083e-02
1.279187530890583402e-01 8.073820753614178169e-01 6.469917157984594880e-02
1.279187402971664056e-01 8.073820946232354023e-01 6.469916510992038128e-02
1.279187275052770245e-01 8.073821138850489909e-01 6.469915863999610439e-02
1.279187147133901969e-01 8.073821331468588047e-01 6.469915217007313202e-02
1.279187019215059506e-01 8.073821524086647328e-01 6.469914570015143640e-02
1.279186891296242301e-01 8.073821716704668860e-01 6.469913923023104529e-02
1.279186763377450908e-01 8.073821909322650425e-01 6.469913276031194482e-02
1.279186635458685051e-01 8.073822101940595353e-01 6.469912629039414886e-02
1.279186507539944728e-01 8.073822294558500312e-01 6.469911982047762966e-02
1.279186379621229941e-01 8.073822487176367524e-01 6.469911335056241497e-02
1.279186251702540966e-01 8.073822679794195878e-01 6.469910688064849091e-02
1.279186123783877249e-01 8.073822872411985374e-01 6.469910041073585749e-02
1.279185995865239345e-01 8.073823065029736012e-01 6.469909394082452858e-02
1.279185867946626975e-01 8.073823257647448903e-01 6.469908747091449031e-02
1.279185740028040141e-01 8.073823450265124047e-01 6.469908100100574266e-02
