4.539586881912460736e-01 2.902652547506328617e-01 2.557760570577043424e-01
4.539587252957408836e-01 2.902652432239943847e-01 2.557760314798480095e-01
4.539587622752270790e-01 2.902652318223594707e-01 2.557760059019967280e-01
4.539587992547058914e-01 2.902652204207268327e-01 2.557759803241506091e-01
4.539588361091760893e-01 2.902652091440977022e-01 2.557759547463095973e-01
4.539588733386424324e-01 2.902651974924672640e-01 2.557759291684736924e-01
4.539589104431001609e-01 2.902651859658402778e-01 2.557759035906428946e-01
4.539589472975481543e-01 2.902651746892179752e-01 2.557758780128172038e-01
4.539589845269922375e-01 2.902651630375944758e-01 2.557758524349966200e-01
4.539590222564333089e-01 2.902651508859688256e-01 2.557758268571811988e-01
4.539590593608613389e-01 2.902651393593511653e-01 2.557758012793708846e-01
4.539590962152796894e-01 2.902651280827380220e-01 2.557757757015656774e-01
4.539591328196885822e-01 2.902651170561292848e-01 2.557757501237655773e-01
4.539591695490911571e-01 2.902651059045216475e-01 2.557757245459705842e-01
4.539592060284842745e-01 2.902650950029184163e-01 2.557756989681806981e-01
4.539592436328795388e-01 2.902650829763078755e-01 2.557756733903959745e-01
4.539592816122703933e-01 2.902650705746966375e-01 2.557756478126163580e-01
4.539593197166547078e-01 2.902650580480868325e-01 2.557756222348417929e-01
4.539593573210273236e-01 2.902650460214836192e-01 2.557755966570723904e-01
4.539593946753904263e-01 2.902650342448848120e-01 2.557755710793081505e-01
4.539594320297459795e-01 2.902650224682883362e-01 2.557755455015489621e-01
4.539594688840902226e-01 2.902650111916981190e-01 2.557755199237948807e-01
4.539595064884329179e-01 2.902649991651043981e-01 2.557754943460459618e-01
4.539595438427661556e-01 2.902649873885149723e-01 2.557754687683021499e-01
4.539595809470900467e-01 2.902649758619297859e-01 2.557754431905634451e-01
4.539596184264093059e-01 2.902649639603441245e-01 2.557754176128298473e-01
4.539596555307183756e-01 2.902649524337635456e-01 2.557753920351013566e-01
4.539596928850217483e-01 2.902649406571835011e-01 2.557753664573779728e-01
4.539597297393140884e-01 2.902649293806093822e-01 2.557753408796597516e-01
4.539597669686016856e-01 2.902649177290348992e-01 2.557753153019465819e-01
4.539598039478802138e-01 2.902649063274644892e-01 2.557752897242385748e-01
4.539598414271547311e-01 2.902648944258929276e-01 2.557752641465356747e-01
4.539598792814241723e-01 2.902648821493212239e-01 2.557752385688378816e-01
4.539599170106852211e-01 2.902648699977528057e-01 2.557752129911452510e-01
4.539599553649428798e-01 2.902648572211827815e-01 2.557751874134576719e-01
4.539599934691911920e-01 2.902648445696160984e-01 2.557751619607760429e-01
4.539600314484311117e-01 2.902648320430527007e-01 2.557751365080995209e-01
4.539600693026626388e-01 2.902648197664933760e-01 2.557751109304273185e-01
4.539601072818874039e-01 2.902648073649357618e-01 2.557750853527601675e-01
4.539601457611075475e-01 2.902647944633776067e-01 2.557750597750981791e-01
4.539601841153192985e-01 2.902647816868227926e-01 2.557750341974412978e-01
4.539602219695204055e-01 2.902647694102734044e-01 2.557750086197895234e-01
4.539602601987161035e-01 2.902647567587243183e-01 2.557749830421428561e-01
4.539602984279041409e-01 2.902647441071777856e-01 2.557749574645013513e-01
4.539603364070831648e-01 2.902647317056351595e-01 2.557749318868648980e-01
4.539603746362559367e-01 2.902647190540936228e-01 2.557749063092336073e-01
4.539604136154250513e-01 2.902647056525506919e-01 2.557748807316074235e-01
4.539604519695831786e-01 2.902646928760136968e-01 2.557748551539863469e-01
4.539604901987329133e-01 2.902646800994792553e-01 2.557748297013710537e-01
4.539605281778738566e-01 2.902646676979492302e-01 2.557748041237601910e-01
4.539605660320064628e-01 2.902646554214223240e-01 2.557747785461544354e-01
4.539606036361303887e-01 2.902646433948990468e-01 2.557747529685537868e-01
4.539606408652449576e-01 2.902646317433799084e-01 2.557747273909583008e-01
4.539606788443555918e-01 2.902646193418597087e-01 2.557747018133678663e-01
4.539607161984557937e-01 2.902646075653447233e-01 2.557746762357825943e-01
4.539607533025474262e-01 2.902645960388332558e-01 2.557746506582024293e-01
4.539607911566348464e-01 2.902645837623208380e-01 2.557746250806273713e-01
4.539608298857183422e-01 2.902645706108072376e-01 2.557745995030574759e-01
4.539608687397946873e-01 2.902645573342957919e-01 2.557745739254926320e-01
4.539609077188637154e-01 2.902645439327864452e-01 2.557745483479329507e-01
4.539609465729245175e-01 2.902645306562802729e-01 2.557745227703783764e-01
4.539609840519723272e-01 2.902645187547819861e-01 2.557744971928289091e-01
4.539610212810116230e-01 2.902645071032869950e-01 2.557744716152845488e-01
4.539610586350439347e-01 2.902644953267938810e-01 2.557744460377452955e-01
4.539610969890723879e-01 2.902644825502996850e-01 2.557744204602111493e-01
4.539611355930939229e-01 2.902644695238071337e-01 2.557743948826821656e-01
4.539611743221080853e-01 2.902644563723167925e-01 2.557743693051582334e-01
4.539612133011154405e-01 2.902644429708282625e-01 2.557743437276394638e-01
4.539612530301172511e-01 2.902644288193401145e-01 2.557743181501258012e-01
4.539612927591111791e-01 2.902644146678547976e-01 2.557742925726172456e-01
4.539613328630982547e-01 2.902644001413711705e-01 2.557742669951138526e-01
4.539613724670757966e-01 2.902643859898915712e-01 2.557742415426159099e-01
4.539614111960431075e-01 2.902643727134171514e-01 2.557742160901230188e-01
4.539614510500056266e-01 2.902643581869421285e-01 2.557741907626355782e-01
4.539614909039601520e-01 2.902643436604699922e-01 2.557741654351531890e-01
4.539615307579066839e-01 2.902643292590010859e-01 2.557741399826755635e-01
4.539615701118441815e-01 2.902643153575361623e-01 2.557741145302030450e-01
4.539616095907739735e-01 2.902643013310737818e-01 2.557740890777356335e-01
4.539616489446957059e-01 2.902642874296144648e-01 2.557740636252732735e-01
4.539616885486099651e-01 2.902642732781574031e-01 2.557740381728160206e-01
4.539617277775157000e-01 2.902642595017039251e-01 2.557740127203638747e-01
4.539617670064135524e-01 2.902642457252531671e-01 2.557739872679167803e-01
4.539618058603029360e-01 2.902642321988055385e-01 2.557739619404750253e-01
4.539618452141853111e-01 2.902642181723598669e-01 2.557739366130382663e-01
4.539618839430588637e-01 2.902642047709179662e-01 2.557739112856066144e-01
4.539619226719246448e-01 2.902641913694787301e-01 2.557738859581800694e-01
4.539619614007827098e-01 2.902641779680421585e-01 2.557738606307585205e-01
4.539620007546337765e-01 2.902641639416075336e-01 2.557738353033420786e-01
4.539620402334771376e-01 2.902641497901755629e-01 2.557738099759306327e-01
4.539620802123130461e-01 2.902641351387459379e-01 2.557737846485243494e-01
4.539621200661408951e-01 2.902641206123193762e-01 2.557737593211230620e-01
4.539621597949607401e-01 2.902641060858956457e-01 2.557737341187270030e-01
4.539621992737723488e-01 2.902640918094750444e-01 2.557737089163359401e-01
4.539622385025759987e-01 2.902640777830574614e-01 2.557736837139499286e-01
4.539622784813721057e-01 2.902640630066423144e-01 2.557736585115689687e-01
4.539623182101601984e-01 2.902640484802301857e-01 2.557736333091930603e-01
4.539623575639402109e-01 2.902640344538211514e-01 2.557736079818221375e-01
4.539623962927121781e-01 2.902640209274149341e-01 2.557735827794563321e-01
4.539624343964763220e-01 2.902640081510116099e-01 2.557735574520955124e-01
4.539624718752329202e-01 2.902639959996107799e-01 2.557735321247397442e-01
