3.890187172848701413e-01 3.042980451509056938e-01 3.066832375629525709e-01
3.890186791826250046e-01 3.042980153208088567e-01 3.066833054952945448e-01
3.890186410803875283e-01 3.042979854907179593e-01 3.066833734276229739e-01
3.890186029781576016e-01 3.042979554606311532e-01 3.066834415599397068e-01
3.890185648759353354e-01 3.042979254305503423e-01 3.066835096922427839e-01
3.890185269737225227e-01 3.042978954004755265e-01 3.066835776245303569e-01
3.890184890715173149e-01 3.042978653704067615e-01 3.066836455568043851e-01
3.890184515693234091e-01 3.042978353403439362e-01 3.066837130890611163e-01
3.890184136671333004e-01 3.042978053102871616e-01 3.066837810213079996e-01
3.890183755649490038e-01 3.042977752802363822e-01 3.066838491535430755e-01
3.890183376627741052e-01 3.042977454501933909e-01 3.066839168857609654e-01
3.890182997606067561e-01 3.042977156201563393e-01 3.066839846179653661e-01
3.890182618584470120e-01 3.042976857901252274e-01 3.066840523501561666e-01
3.890182239562948729e-01 3.042976559601001108e-01 3.066841200823334779e-01
3.890181860541502834e-01 3.042976261300809893e-01 3.066841878144971889e-01
3.890181481520132989e-01 3.042975963000678075e-01 3.066842555466473552e-01
3.890181102498838639e-01 3.042975664700605654e-01 3.066843232787840323e-01
3.890180721477603520e-01 3.042975366400593185e-01 3.066843912109087356e-01
3.890180340456445007e-01 3.042975068100640668e-01 3.066844591430198386e-01
3.890179959435363100e-01 3.042974769800747548e-01 3.066845270751173969e-01
3.890179578414356687e-01 3.042974471500913825e-01 3.066845950072013549e-01
3.890179197393426880e-01 3.042974173201140053e-01 3.066846629392717682e-01
3.890178816372573123e-01 3.042973874901425679e-01 3.066847308713285258e-01
3.890178437351811125e-01 3.042973576601771257e-01 3.066847986033702234e-01
3.890178058331124067e-01 3.042973278302176787e-01 3.066848663353983762e-01
3.890177679310513614e-01 3.042972980002641159e-01 3.066849340674129842e-01
3.890177302289993255e-01 3.042972683703180081e-01 3.066850013994110724e-01
3.890176923269533793e-01 3.042972387403778400e-01 3.066850689313971867e-01
3.890176544249150381e-01 3.042972091104436116e-01 3.066851364633697008e-01
3.890176165228842464e-01 3.042971792805138631e-01 3.066852041953302410e-01
3.890175786208610598e-01 3.042971494505901098e-01 3.066852719272771810e-01
3.890175407188454226e-01 3.042971196206723516e-01 3.066853396592105763e-01
3.890175028168373905e-01 3.042970897907605332e-01 3.066854073911304268e-01
3.890174649148369634e-01 3.042970599608546545e-01 3.066854751230367326e-01
3.890174270128440859e-01 3.042970303309560642e-01 3.066855426549281449e-01
3.890173891108587578e-01 3.042970007010634137e-01 3.066856101868060680e-01
3.890173510088797970e-01 3.042969710711766473e-01 3.066856779186717952e-01
3.890173129069084967e-01 3.042969414412958207e-01 3.066857456505239776e-01
3.890172748049447460e-01 3.042969118114209337e-01 3.066858133823625598e-01
3.890172369029898380e-01 3.042968821815519864e-01 3.066858809141864151e-01
3.890171990010424796e-01 3.042968525516889233e-01 3.066859484459967256e-01
3.890171610991027262e-01 3.042968229218317999e-01 3.066860159777935468e-01
3.890171231971705779e-01 3.042967932919806162e-01 3.066860835095768789e-01
3.890170850952448522e-01 3.042967634621342454e-01 3.066861514413489753e-01
3.890170469933267872e-01 3.042967338322949411e-01 3.066862191731063447e-01
3.890170088914163271e-01 3.042967042024615210e-01 3.066862869048502249e-01
3.890169707895135276e-01 3.042966745726340960e-01 3.066863546365805049e-01
3.890169326876182776e-01 3.042966449428125553e-01 3.066864223682972956e-01
3.890168945857306881e-01 3.042966157129989857e-01 3.066864896999983991e-01
3.890168562838497435e-01 3.042965862831902291e-01 3.066865574316881005e-01
3.890168177819754436e-01 3.042965566533863964e-01 3.066866255633662330e-01
3.890167792801089153e-01 3.042965270235885034e-01 3.066866936950307099e-01
3.890167407782500475e-01 3.042964973937965500e-01 3.066867618266815310e-01
3.890167022763988403e-01 3.042964677640104809e-01 3.066868299583187518e-01
3.890166635745544443e-01 3.042964381342304070e-01 3.066868982899432772e-01
3.890166248727178200e-01 3.042964085044561617e-01 3.066869666215540913e-01
3.890165861708888562e-01 3.042963788746879117e-01 3.066870349531513051e-01
3.890165474690677194e-01 3.042963492449256013e-01 3.066871032847348078e-01
3.890165087672542432e-01 3.042963198151699689e-01 3.066871714163038054e-01
3.890164700654485386e-01 3.042962905854210698e-01 3.066872393478584091e-01
3.890164313636506055e-01 3.042962617556795868e-01 3.066873068793978252e-01
3.890163926618603885e-01 3.042962329259438214e-01 3.066873744109237521e-01
3.890163539600778875e-01 3.042962040962138293e-01 3.066874419424361342e-01
3.890163152583031581e-01 3.042961750664889276e-01 3.066875096739358209e-01
3.890162765565362002e-01 3.042961460367697990e-01 3.066875774054219073e-01
3.890162378547769029e-01 3.042961170070564991e-01 3.066876451368945045e-01
3.890161991530254326e-01 3.042960879773489724e-01 3.066877128683535014e-01
3.890161604512816229e-01 3.042960589476473299e-01 3.066877805997989537e-01
3.890161217495455848e-01 3.042960301179520322e-01 3.066878481312302340e-01
3.890160834478185170e-01 3.042960014882631348e-01 3.066879150626461992e-01
3.890160453460996814e-01 3.042959728585799550e-01 3.066879817940482145e-01
3.890160074443889671e-01 3.042959442289025485e-01 3.066880483254363354e-01
3.890159695426859132e-01 3.042959155992308595e-01 3.066881148568111337e-01
3.890159314409898372e-01 3.042958871695653489e-01 3.066881813881726093e-01
3.890158933393014773e-01 3.042958587399055559e-01 3.066882479195208178e-01
3.890158552376206669e-01 3.042958305102519412e-01 3.066883142508552429e-01
3.890158171359475170e-01 3.042958022806039331e-01 3.066883805821764009e-01
3.890157790342819721e-01 3.042957740509615872e-01 3.066884469134842917e-01
3.890157409326240323e-01 3.042957460213253640e-01 3.066885130447784547e-01
3.890157030309741026e-01 3.042957179916946919e-01 3.066885789760590564e-01
3.890156651293317780e-01 3.042956901620700316e-01 3.066886447073260413e-01
3.890156272276970029e-01 3.042956621324505728e-01 3.066887106385802753e-01
3.890155895260702379e-01 3.042956341028367762e-01 3.066887763698209479e-01
3.890155518244509669e-01 3.042956062732288247e-01 3.066888419010481148e-01
3.890155141228392455e-01 3.042955782436261858e-01 3.066889076322625862e-01
3.890154766212353121e-01 3.042955504140293921e-01 3.066889729634632578e-01
3.890154389196386342e-01 3.042955223844379109e-01 3.066890386946514169e-01
3.890154012180495058e-01 3.042954945548523304e-01 3.066891042258261812e-01
3.890153635164679269e-01 3.042954667252722456e-01 3.066891697569878450e-01
3.890153258148938975e-01 3.042954388956977674e-01 3.066892352881363526e-01
3.890152879133271790e-01 3.042954108661286572e-01 3.066893012192721812e-01
3.890152498117678825e-01 3.042953830365652812e-01 3.066893671503947982e-01
3.890152117102162466e-01 3.042953550070073843e-01 3.066894332815043311e-01
3.890151738086722877e-01 3.042953267774549664e-01 3.066894994126007079e-01
3.890151357071358618e-01 3.042952985479081551e-01 3.066895657436839451e-01
3.890150974056069688e-01 3.042952701183669340e-01 3.066896324747540592e-01
3.890150591040857364e-01 3.042952418888314470e-01 3.066896990058107786e-01
3.890150206025721480e-01 3.042952136593015666e-01 3.066897657368541918e-01
3.890149821010662756e-01 3.042951850297773708e-01 3.066898328678843710e-01
3.890149435995680638e-01 3.042951564002588927e-01 3.066898999989010610e-01
