2.157489905821063647e-01 4.729870739061669549e-01 3.112639355139980024e-01
2.157489856738258605e-01 4.729871092744728500e-01 3.112639050539726115e-01
2.157489820988926499e-01 4.729871433094254285e-01 3.112638745939533269e-01
2.157489791906331555e-01 4.729871766776981290e-01 3.112638441339401485e-01
2.157489762823742718e-01 4.729872100459641127e-01 3.112638136739330763e-01
2.157489740407889101e-01 4.729872427475504404e-01 3.112637832139320548e-01
2.157489717992039924e-01 4.729872754491302733e-01 3.112637527539371396e-01
2.157489695576195188e-01 4.729873081507036114e-01 3.112637222939483306e-01
2.157489659826900552e-01 4.729873421856158333e-01 3.112636918339655723e-01
2.157489630744339193e-01 4.729873762205212828e-01 3.112636607073162587e-01
2.157489608328510000e-01 4.729874095887472985e-01 3.112636295806731623e-01
2.157489572579234793e-01 4.729874442903117537e-01 3.112635984540362832e-01
2.157489516829792786e-01 4.729874809918865886e-01 3.112635673274056214e-01
2.157489474413809560e-01 4.729875163601093835e-01 3.112635362007812323e-01
2.157489425331111377e-01 4.729875523949973459e-01 3.112635050741630049e-01
2.157489376248423185e-01 4.729875884298780919e-01 3.112634739475510504e-01
2.157489333832466882e-01 4.729876237980795151e-01 3.112634428209453130e-01
2.157489284749797565e-01 4.729876598329459392e-01 3.112634116943457929e-01
2.157489242333858748e-01 4.729876952011331515e-01 3.112633805677524901e-01
2.157489206584648767e-01 4.729877299026412629e-01 3.112633494411654045e-01
2.157489184168884244e-01 4.729877632707985557e-01 3.112633183145845917e-01
2.157489181753280416e-01 4.729877946389335897e-01 3.112632871880099406e-01
2.157489172670958855e-01 4.729878266737341241e-01 3.112632560614415622e-01
2.157489183588791049e-01 4.729878567085130658e-01 3.112632249348794011e-01
2.157489194506621299e-01 4.729878867432859568e-01 3.112631938083234573e-01
2.157489198757733539e-01 4.729879174447245149e-01 3.112631626817737307e-01
2.157489203008844947e-01 4.729879481461569113e-01 3.112631315552302214e-01
2.157489220593384605e-01 4.729879775142402099e-01 3.112631004286929848e-01
2.157489244844634779e-01 4.729880062156462395e-01 3.112630693021619099e-01
2.157489282429306821e-01 4.729880335837038929e-01 3.112630381756371079e-01
2.157489326680683828e-01 4.729880602850847771e-01 3.112630070491185230e-01
2.157489377598763858e-01 4.729880863197891139e-01 3.112629759226061554e-01
2.157489428516833896e-01 4.729881123544882882e-01 3.112629447961000051e-01
2.157489479434893664e-01 4.729881383891821889e-01 3.112629136696001275e-01
2.157489537019653403e-01 4.729881637571999309e-01 3.112628825431064117e-01
2.157489627937948240e-01 4.729881857918579180e-01 3.112628514166189686e-01
2.157489718856225036e-01 4.729882078265114642e-01 3.112628202901377428e-01
2.157489816441191532e-01 4.729882291944898509e-01 3.112627891636626787e-01
2.157489920692845786e-01 4.729882498957931891e-01 3.112627580371939429e-01
2.157490024944478946e-01 4.729882705970923640e-01 3.112627269107313688e-01
2.157490122529385768e-01 4.729882919650580386e-01 3.112626957842750119e-01
2.157490226780977849e-01 4.729883126663488313e-01 3.112626646578249279e-01
2.157490324365844980e-01 4.729883340343060127e-01 3.112626335313810055e-01
2.157490421950692405e-01 4.729883554022589753e-01 3.112626024049433560e-01
2.157490519535520401e-01 4.729883767702076081e-01 3.112625712785119236e-01
2.157490617120328968e-01 4.729883981381519664e-01 3.112625401520867086e-01
2.157490714705117829e-01 4.729884195060920504e-01 3.112625090256677107e-01
2.157490832289991334e-01 4.729884388740174805e-01 3.112624778992549857e-01
2.157490949874841246e-01 4.729884582419390804e-01 3.112624467728484223e-01
2.157491067459667844e-01 4.729884776098567944e-01 3.112624156464481318e-01
2.157491185044470572e-01 4.729884969777706227e-01 3.112623845200540584e-01
2.157491309295948290e-01 4.729885156790107348e-01 3.112623533936662024e-01
2.157491433547401305e-01 4.729885343802470721e-01 3.112623222672845635e-01
2.157491537798737480e-01 4.729885550814888484e-01 3.112622911409091420e-01
2.157491682050232673e-01 4.729885717827084224e-01 3.112622600145399376e-01
2.157491826301699001e-01 4.729885884839247212e-01 3.112622288881770061e-01
2.157491977219831991e-01 4.729886045184681920e-01 3.112621977618202918e-01
2.157492148138018817e-01 4.729886185530000065e-01 3.112621666354697392e-01
2.157492325722865645e-01 4.729886319208596035e-01 3.112621355091254594e-01
2.157492509974369976e-01 4.729886446220472052e-01 3.112621043827873968e-01
2.157492680892452164e-01 4.729886586565708040e-01 3.112620732564556070e-01
2.157492818477040608e-01 4.729886760244375599e-01 3.112620421301299789e-01
2.157492956061601297e-01 4.729886933923008741e-01 3.112620110038106236e-01
2.157493086979443697e-01 4.729887114268297998e-01 3.112619798774974300e-01
2.157493224563949985e-01 4.729887287946860641e-01 3.112619487511905092e-01
2.157493368815117940e-01 4.729887454958699444e-01 3.112619176248898056e-01
2.157493526399634487e-01 4.729887608637128316e-01 3.112618864985953193e-01
2.157493663984055565e-01 4.729887782315589373e-01 3.112618553723071058e-01
2.157493801568449165e-01 4.729887955994016013e-01 3.112618242460250539e-01
2.157493945819501657e-01 4.729888123005721035e-01 3.112617931197492749e-01
2.157494076737153377e-01 4.729888303350765488e-01 3.112617619934796576e-01
2.157494214321464543e-01 4.729888477029087768e-01 3.112617308672163130e-01
2.157494345239063249e-01 4.729888657374060057e-01 3.112616997409591857e-01
2.157494489490003609e-01 4.729888824385628521e-01 3.112616686147082756e-01
2.157494627074232063e-01 4.729888998063846994e-01 3.112616374884635828e-01
2.157494784658481324e-01 4.729889151741982767e-01 3.112616063622251628e-01
2.157494948909380317e-01 4.729889298753405802e-01 3.112615752359929044e-01
2.157495126493609860e-01 4.729889432431436669e-01 3.112615441097669189e-01
2.157495304077803600e-01 4.729889566109440335e-01 3.112615129835471506e-01
2.157495481661961811e-01 4.729889699787417356e-01 3.112614818573335995e-01
2.157495685912801664e-01 4.729889806798651120e-01 3.112614507311262657e-01
2.157495903496957912e-01 4.729889900476505482e-01 3.112614196049252047e-01
2.157496121081070584e-01 4.729889994154340971e-01 3.112613884787303054e-01
2.157496365331849075e-01 4.729890061165448745e-01 3.112613573525416788e-01
2.157496629582608960e-01 4.729890108176512675e-01 3.112613262263592140e-01
2.157496900499992210e-01 4.729890148520892179e-01 3.112612951001830219e-01
2.157497171417321058e-01 4.729890188865263356e-01 3.112612639740130471e-01
2.157497442334595783e-01 4.729890229209626762e-01 3.112612328478492896e-01
2.157497719918490264e-01 4.729890262887307406e-01 3.112612017216918048e-01
2.157498004169002559e-01 4.729890289898308064e-01 3.112611705955404817e-01
2.157498281752784908e-01 4.729890323575976496e-01 3.112611394693954314e-01
2.157498572669856451e-01 4.729890343920293283e-01 3.112611083432565429e-01
2.157498870253540535e-01 4.729890357597935080e-01 3.112610772171239271e-01
2.157499161170494950e-01 4.729890377942244650e-01 3.112610460909975285e-01
2.157499438754050813e-01 4.729890411619890322e-01 3.112610149648773472e-01
2.157499696337543127e-01 4.729890465297537094e-01 3.112609838387634387e-01
2.157499953920983815e-01 4.729890518975173319e-01 3.112609527126556919e-01
2.157500184837701507e-01 4.729890599319471201e-01 3.112609215865542178e-01
2.157500409087705351e-01 4.729890686330419092e-01 3.112608904604589610e-01
2.157500613337664519e-01 4.729890793341350874e-01 3.112608593343698660e-01
