4.815610731204832962e-01 2.940825593069108512e-01 2.243563675845052230e-01
4.815610975201706778e-01 2.940825570097435615e-01 2.243563454819852143e-01
4.815611209198434328e-01 2.940825557125863465e-01 2.243563233794696188e-01
4.815611443195114694e-01 2.940825544154294091e-01 2.243563012769584364e-01
4.815611677191748985e-01 2.940825531182727492e-01 2.243562791744516671e-01
4.815611911188335537e-01 2.940825518211163669e-01 2.243562570719493388e-01
4.815612152962726600e-01 2.940825498572873786e-01 2.243562348583392763e-01
4.815612390292584033e-01 2.940825483379072569e-01 2.243562126447336547e-01
4.815612634289121452e-01 2.940825461518547512e-01 2.243561904311324740e-01
4.815612877174488271e-01 2.940825440769148091e-01 2.243561682175357341e-01
4.815613112281959540e-01 2.940825427797599256e-01 2.243561460039434352e-01
4.815613355167229770e-01 2.940825407048207607e-01 2.243561237903555772e-01
4.815613598052451705e-01 2.940825386298819843e-01 2.243561015767721600e-01
4.815613847604349185e-01 2.940825358882712126e-01 2.243560793631932115e-01
4.815614102711799349e-01 2.940825325911006760e-01 2.243560571496186762e-01
4.815614351152476269e-01 2.940825299606030785e-01 2.243560349360485817e-01
4.815614597370863059e-01 2.940825275523301086e-01 2.243560127224829559e-01
4.815614840255839080e-01 2.940825255885057277e-01 2.243559903978097347e-01
4.815615083140766806e-01 2.940825236246816798e-01 2.243559680731409822e-01
4.815615329359006491e-01 2.940825213275220507e-01 2.243559457484766984e-01
4.815615575577196772e-01 2.940825190303629211e-01 2.243559234238168554e-01
4.815615825128696792e-01 2.940825163998682656e-01 2.243559010991615088e-01
4.815616064680070529e-01 2.940825147693818531e-01 2.243558787745106031e-01
4.815616309786993066e-01 2.940825125833360087e-01 2.243558564498641661e-01
4.815616557116105811e-01 2.940825101750667026e-01 2.243558341252221977e-01
4.815616808889646716e-01 2.940825073223500841e-01 2.243558118005846980e-01
4.815617058440898601e-01 2.940825046918579266e-01 2.243557894759516669e-01
4.815617303547624073e-01 2.940825025058139697e-01 2.243557671513231044e-01
4.815617549765420224e-01 2.940825002086585038e-01 2.243557448266989829e-01
4.815617792649810047e-01 2.940824982448392300e-01 2.243557225020793577e-01
4.815618037756388414e-01 2.940824960587965498e-01 2.243557001774641735e-01
4.815618270640612542e-01 2.940824950949847971e-01 2.243556778528534579e-01
4.815618510191502222e-01 2.940824934645021593e-01 2.243556555282472109e-01
4.815618758631290963e-01 2.940824909451250635e-01 2.243556332036454326e-01
4.815619007071030300e-01 2.940824884257485228e-01 2.243556108790481229e-01
4.815619254399601812e-01 2.940824859063724261e-01 2.243555886655670961e-01
4.815619507283713241e-01 2.940824828314377859e-01 2.243555664520905102e-01
4.815619767945601426e-01 2.940824789787211957e-01 2.243555442386183651e-01
4.815620025274082727e-01 2.940824756815642593e-01 2.243555218029270881e-01
4.815620283713631378e-01 2.940824722732962027e-01 2.243554993672403075e-01
4.815620548819833924e-01 2.940824681983583155e-01 2.243554769315579955e-01
4.815620817259336217e-01 2.940824637900859018e-01 2.243554544958801800e-01
4.815621079032079699e-01 2.940824600484848728e-01 2.243554320602068330e-01
4.815621343027005619e-01 2.940824560846611591e-01 2.243554096245379825e-01
4.815621604799644184e-01 2.940824523430616289e-01 2.243553871888736284e-01
4.815621873238933315e-01 2.940824479347926013e-01 2.243553647532137707e-01
4.815622146122636726e-01 2.940824429709659182e-01 2.243553424286700848e-01
4.815622417895168428e-01 2.940824380071402344e-01 2.243553202152425430e-01
4.815622695223230054e-01 2.940824324877572282e-01 2.243552980018194698e-01
4.815622974773469678e-01 2.940824268572636013e-01 2.243552756772891621e-01
4.815623253212535926e-01 2.940824213378827601e-01 2.243552533527633230e-01
4.815623530540431019e-01 2.940824159296147045e-01 2.243552310282419249e-01
4.815623808979386244e-01 2.940824105213477035e-01 2.243552085926133755e-01
4.815624086307170315e-01 2.940824052241933773e-01 2.243551861569893224e-01
4.815624362523782120e-01 2.940824000381517256e-01 2.243551637213697381e-01
4.815624642073687567e-01 2.940823945187763244e-01 2.243551412857546501e-01
4.815624913845724664e-01 2.940823897771831508e-01 2.243551188501440585e-01
4.815625186728824114e-01 2.940823848133677920e-01 2.243550965256495278e-01
4.815625464056331739e-01 2.940823794051071194e-01 2.243550742011594656e-01
4.815625743606014586e-01 2.940823737746244837e-01 2.243550518766738444e-01
4.815626023155641922e-01 2.940823681441429027e-01 2.243550295521927196e-01
4.815626302705213191e-01 2.940823625136624875e-01 2.243550072277160357e-01
4.815626586699189859e-01 2.940823564387371469e-01 2.243549849032438204e-01
4.815626875137569152e-01 2.940823499193668811e-01 2.243549625787760737e-01
4.815627158020315823e-01 2.940823438444439830e-01 2.243549403654243046e-01
4.815627442014121518e-01 2.940823376584107973e-01 2.243549181520769764e-01
4.815627727118985124e-01 2.940823313612673795e-01 2.243548959387340891e-01
4.815628006668218331e-01 2.940823257307940142e-01 2.243548736142841615e-01
4.815628285106280382e-01 2.940823202114332124e-01 2.243548512898387026e-01
4.815628565766515989e-01 2.940823144698506697e-01 2.243548289653977124e-01
4.815628843093352485e-01 2.940823090616035418e-01 2.243548066409611907e-01
4.815629120420134024e-01 2.940823036533575241e-01 2.243547843165291378e-01
4.815629401080201988e-01 2.940822979117783120e-01 2.243547619921015535e-01
4.815629677295757416e-01 2.940822926146458571e-01 2.243547396676784100e-01
4.815629960177941205e-01 2.940822866508461253e-01 2.243547173432597630e-01
4.815630243060068372e-01 2.940822806870476147e-01 2.243546950188455569e-01
4.815630534831048526e-01 2.940822738343593090e-01 2.243546726944358194e-01
4.815630824379742991e-01 2.940822670927837890e-01 2.243546504811418929e-01
4.815631120595060821e-01 2.940822597956528894e-01 2.243546281567410927e-01
4.815631409032525290e-01 2.940822531651913763e-01 2.243546059434560758e-01
4.815631696358819158e-01 2.940822466458425932e-01 2.243545837301754997e-01
4.815631982573942982e-01 2.940822403487177161e-01 2.243545614057880500e-01
4.815632271011234256e-01 2.940822338293714866e-01 2.243545390814050688e-01
4.815632556115130303e-01 2.940822276433603943e-01 2.243545167570265564e-01
4.815632840107856305e-01 2.940822215684618657e-01 2.243544944326525126e-01
4.815633124100526241e-01 2.940822154935645583e-01 2.243544721082829374e-01
4.815633403648688637e-01 2.940822098631134529e-01 2.243544497839178309e-01
4.815633678752345159e-01 2.940822046771084941e-01 2.243544274595571653e-01
4.815633952744833857e-01 2.940821996022157103e-01 2.243544051352009683e-01
4.815634234515053791e-01 2.940821938606567043e-01 2.243543826997380364e-01
4.815634515174104791e-01 2.940821882302100398e-01 2.243543602642795731e-01
4.815634795833100279e-01 2.940821825997645411e-01 2.243543378288255785e-01
4.815635076492039146e-01 2.940821769693200971e-01 2.243543153933761081e-01
4.815635358262034260e-01 2.940821712277656430e-01 2.243542929579311063e-01
4.815635644476419785e-01 2.940821650417676514e-01 2.243542705224906009e-01
4.815635931801858782e-01 2.940821587446597607e-01 2.243542480870545641e-01
4.815636216905018196e-01 2.940821526697753874e-01 2.243542256516230238e-01
4.815636504230342840e-01 2.940821463726699947e-01 2.243542032161959798e-01
4.815636793777832159e-01 2.940821398533435826e-01 2.243541807807734045e-01
4.815637079991931246e-01 2.940821336673518083e-01 2.243541583453553256e-01
