2.806974178990199742e-01 4.106858732853213012e-01 3.086167088021802840e-01
2.806974293293902356e-01 4.106858377163853935e-01 3.086167329407459303e-01
2.806974417597678517e-01 4.106858011474469050e-01 3.086167570793068027e-01
2.806974541901429698e-01 4.106857640785109287e-01 3.086167817178676054e-01
2.806974681205298694e-01 4.106857280095918550e-01 3.086168038563997240e-01
2.806974825509186977e-01 4.106856924406847020e-01 3.086168249949180487e-01
2.806974969813046394e-01 4.106856563717800057e-01 3.086168466334368032e-01
2.806975129117014744e-01 4.106856203028825258e-01 3.086168667719373926e-01
2.806975288420951453e-01 4.106855842339922624e-01 3.086168869104339296e-01
2.806975427724676120e-01 4.106855481651092155e-01 3.086169090489445099e-01
2.806975572028417854e-01 4.106855120962333294e-01 3.086169306874461671e-01
2.806975701331998474e-01 4.106854765273691421e-01 3.086169533259522924e-01
2.806975820635466135e-01 4.106854399585033177e-01 3.086169779644713507e-01
2.806975944938953083e-01 4.106854028896405606e-01 3.086170026029854685e-01
2.806976069242415051e-01 4.106853658207851865e-01 3.086170272414946458e-01
2.806976193545852039e-01 4.106853282519330461e-01 3.086170523800030874e-01
2.806976302849140126e-01 4.106852906830883998e-01 3.086170790185189805e-01
2.806976427152528819e-01 4.106852531142513030e-01 3.086171041570172080e-01
2.806976556455933469e-01 4.106852150454176065e-01 3.086171292955104395e-01
2.806976695759392237e-01 4.106851769765915150e-01 3.086171534339905986e-01
2.806976815062665054e-01 4.106851384077691014e-01 3.086171800724857306e-01
2.806976934365914000e-01 4.106850998389544039e-01 3.086172067109754780e-01
2.806977058669177238e-01 4.106850607701436062e-01 3.086172333494599518e-01
2.806977177972378446e-01 4.106850217013406357e-01 3.086172604879429127e-01
2.806977292275517621e-01 4.106849821325416761e-01 3.086172886264278437e-01
2.806977391578523440e-01 4.106849425637507101e-01 3.086173182649183389e-01
2.806977490881508719e-01 4.106849029949675711e-01 3.086173479034028388e-01
2.806977595184510510e-01 4.106848634261924258e-01 3.086173770418778606e-01
2.806977714487597919e-01 4.106848238574251631e-01 3.086174046803363824e-01
2.806977818790556412e-01 4.106847842886657829e-01 3.086174338187999133e-01
2.806977928093528640e-01 4.106847447199143408e-01 3.086174624572541325e-01
2.806978022396377503e-01 4.106847051511708369e-01 3.086174925957128612e-01
2.806978121699240103e-01 4.106846660824385320e-01 3.086175217341587951e-01
2.806978216002050663e-01 4.106846265137107932e-01 3.086175518726055333e-01
2.806978300304777130e-01 4.106845869449909925e-01 3.086175830110527429e-01
2.806978384607486943e-01 4.106845473762790188e-01 3.086176141494937353e-01
2.806978453910085047e-01 4.106845078075750388e-01 3.086176467879379604e-01
2.806978523212669274e-01 4.106844677388757914e-01 3.086176799263787296e-01
2.806978587515209789e-01 4.106844276701845931e-01 3.086177135648159320e-01
2.806978661817796650e-01 4.106843876015013883e-01 3.086177462032403951e-01
2.806978741120398357e-01 4.106843475328261772e-01 3.086177783416553799e-01
2.806978815422955242e-01 4.106843074641590152e-01 3.086178109800667979e-01
2.806978884725468415e-01 4.106842673954998468e-01 3.086178441184746490e-01
2.806978939027884312e-01 4.106842273268487276e-01 3.086178787568841786e-01
2.806978998330316166e-01 4.106841872582056019e-01 3.086179128952840633e-01
2.806979047632682800e-01 4.106841471895704698e-01 3.086179480336825320e-01
2.806979086934985879e-01 4.106841071209433869e-01 3.086179841720792516e-01
2.806979126237281741e-01 4.106840665523217027e-01 3.086180208104713496e-01
2.806979165539569276e-01 4.106840259837081231e-01 3.086180574488560646e-01
2.806979199841824202e-01 4.106839854151026481e-01 3.086180945872360470e-01
2.806979229144047627e-01 4.106839448465053333e-01 3.086181322256110193e-01
2.806979258446265502e-01 4.106839042779161231e-01 3.086181698639784421e-01
2.806979287748477825e-01 4.106838637093350175e-01 3.086182075023383709e-01
2.806979322050706660e-01 4.106838231407620166e-01 3.086182446406884883e-01
2.806979351352906216e-01 4.106837825721971202e-01 3.086182822790334290e-01
2.806979380655100220e-01 4.106837420036403286e-01 3.086183199173707647e-01
2.806979409957288119e-01 4.106837014350916970e-01 3.086183575557006620e-01
2.806979449259511816e-01 4.106836608665511701e-01 3.086183941940187636e-01
2.806979478561687502e-01 4.106836202980186923e-01 3.086184318323336728e-01
2.806979492863796444e-01 4.106835797294943746e-01 3.086184709706470408e-01
2.806979502165883322e-01 4.106835391609782171e-01 3.086185106089545660e-01
2.806979501467930516e-01 4.106834985924701087e-01 3.086185512472578996e-01
2.806979500769977709e-01 4.106834580239701604e-01 3.086185918855531285e-01
2.806979500072024902e-01 4.106834174554782613e-01 3.086186325238401973e-01
2.806979494374054473e-01 4.106833768869945223e-01 3.086186736621209792e-01
2.806979498676119844e-01 4.106833363185188879e-01 3.086187138003900765e-01
2.806979492978151081e-01 4.106832957500513581e-01 3.086187549386544826e-01
2.806979482280168026e-01 4.106832551815919885e-01 3.086187965769122132e-01
2.806979486582232841e-01 4.106832146131406680e-01 3.086188367151569967e-01
2.806979490884297657e-01 4.106831740446975076e-01 3.086188768533937310e-01
2.806979490186345960e-01 4.106831334762624519e-01 3.086189174916239009e-01
2.806979489488394819e-01 4.106830929078355008e-01 3.086189581298459106e-01
2.806979493790457969e-01 4.106830523394166543e-01 3.086189982680584420e-01
2.806979493092506273e-01 4.106830117710059125e-01 3.086190389062642980e-01
2.806979492394555131e-01 4.106829712026033308e-01 3.086190795444619384e-01
2.806979506696640203e-01 4.106829306342087982e-01 3.086191186826479638e-01
2.806979525998733460e-01 4.106828900658224257e-01 3.086191573208249550e-01
2.806979545300823387e-01 4.106828494974441579e-01 3.086191959589941747e-01
2.806979549602878210e-01 4.106828094290750353e-01 3.086192355971578705e-01
2.806979558904941774e-01 4.106827693607139618e-01 3.086192747353125876e-01
2.806979578207022263e-01 4.106827297923618669e-01 3.086193123734566335e-01
2.806979607509117458e-01 4.106826902240176547e-01 3.086193490115913263e-01
2.806979621811180881e-01 4.106826506556813805e-01 3.086193871497212582e-01
2.806979626113225712e-01 4.106826110873530444e-01 3.086194262878451666e-01
2.806979630415269433e-01 4.106825715190325909e-01 3.086194654259612480e-01
2.806979629717305524e-01 4.106825319507200200e-01 3.086195050640702098e-01
2.806979624019335096e-01 4.106824923824154427e-01 3.086195452021718855e-01
2.806979603321347327e-01 4.106824528141186925e-01 3.086195868402673570e-01
2.806979572623353181e-01 4.106824147458315588e-01 3.086196279783539609e-01
2.806979536925360286e-01 4.106823766775519746e-01 3.086196696164327791e-01
2.806979491227365453e-01 4.106823391092805364e-01 3.086197117545037560e-01
2.806979455529388101e-01 4.106823015410165367e-01 3.086197528925654909e-01
2.806979419831417411e-01 4.106822644727604610e-01 3.086197935306186357e-01
2.806979404133466138e-01 4.106822279045120871e-01 3.086198316686621923e-01
2.806979393435520276e-01 4.106821913362709853e-01 3.086198693066978249e-01
2.806979392737580792e-01 4.106821537680368506e-01 3.086199069447259635e-01
2.806979397039642832e-01 4.106821161998102099e-01 3.086199440827464002e-01
2.806979391341701824e-01 4.106820781315909663e-01 3.086199827207597446e-01
2.806979395643763309e-01 4.106820400633793278e-01 3.086200203587652346e-01
2.806979389945823966e-01 4.106820019951752943e-01 3.086200589967631469e-01
