4.429496449515952783e-01 2.860321502177663455e-01 2.710182048305128100e-01
4.429496427816095316e-01 2.860321794898382231e-01 2.710181777284267346e-01
4.429496412366302760e-01 2.860322081368981140e-01 2.710181506263460993e-01
4.429496388166429544e-01 2.860322376589606863e-01 2.710181235242708486e-01
4.429496357716500854e-01 2.860322678060233104e-01 2.710180964222010380e-01
4.429496319766508816e-01 2.860322987030869957e-01 2.710180693201366120e-01
4.429496284316546406e-01 2.860323293501421116e-01 2.710180422180776261e-01
4.429496243866545835e-01 2.860323604971957145e-01 2.710180151160240802e-01
4.429496200916531179e-01 2.860323917692442763e-01 2.710179881389770951e-01
4.429496164216580878e-01 2.860324225412820276e-01 2.710179610369343739e-01
4.429496120016570559e-01 2.860324540633202850e-01 2.710179339348970373e-01
4.429496080816613390e-01 2.860324850853478984e-01 2.710179068328651408e-01
4.429496045366696499e-01 2.860325157323659884e-01 2.710178797308386844e-01
4.429496007416766079e-01 2.860325466293801577e-01 2.710178526288176126e-01
4.429495964466800273e-01 2.860325780263923701e-01 2.710178255268020364e-01
4.429495920266832143e-01 2.860326095483993192e-01 2.710177984247917893e-01
4.429495876066873450e-01 2.860326410703999955e-01 2.710177713227870377e-01
4.429495831866923083e-01 2.860326725923943436e-01 2.710177442207876153e-01
4.429495788916992249e-01 2.860327039893814094e-01 2.710177171187936884e-01
4.429495755967149950e-01 2.860327343863541816e-01 2.710176900168051461e-01
4.429495723017314313e-01 2.860327647833208475e-01 2.710176629148220440e-01
4.429495693817514512e-01 2.860327948052785452e-01 2.710176358128443819e-01
4.429495663367710168e-01 2.860328249522312016e-01 2.710176087108721044e-01
4.429495640417969171e-01 2.860328543491721387e-01 2.710175816089052669e-01
4.429495619968252251e-01 2.860328834961053390e-01 2.710175545069438141e-01
4.429495602018557188e-01 2.860329122680298486e-01 2.710175275299887554e-01
4.429495575318802003e-01 2.860329419149550967e-01 2.710175005530391368e-01
4.429495543619015874e-01 2.860329720618779437e-01 2.710174735760948472e-01
4.429495508169209450e-01 2.860330025837974355e-01 2.710174465991559423e-01
4.429495476469436643e-01 2.860330326057073380e-01 2.710174197472233204e-01
4.429495457269756464e-01 2.860330613776025932e-01 2.710173928952960831e-01
4.429495436820072296e-01 2.860330902744929737e-01 2.710173660433741749e-01
4.429495411370358293e-01 2.860331196713809532e-01 2.710173391914576513e-01
4.429495380920616121e-01 2.860331495682662539e-01 2.710173123395465122e-01
4.429495350470879500e-01 2.860331795901464580e-01 2.710172853626399703e-01
4.429495321271157970e-01 2.860332094870198794e-01 2.710172583857388129e-01
4.429495285821402062e-01 2.860332400088911875e-01 2.710172314088430401e-01
4.429495247871638730e-01 2.860332707807579644e-01 2.710172044319526519e-01
4.429495208671874185e-01 2.860333016776194226e-01 2.710171774550676482e-01
4.429495180722186065e-01 2.860333314494679091e-01 2.710171504781880847e-01
4.429495151522495622e-01 2.860333613463111324e-01 2.710171235013139057e-01
4.429495128572847329e-01 2.860333906181447561e-01 2.710170965244451113e-01
4.429495114373253606e-01 2.860334190149675382e-01 2.710170695475817015e-01
4.429495102673677298e-01 2.860334471617832497e-01 2.710170425707236763e-01
4.429495092224109420e-01 2.860334751835926781e-01 2.710170155938710912e-01
4.429495086774570822e-01 2.860335025803931175e-01 2.710169887420245116e-01
4.429495085075053074e-01 2.860335296021860318e-01 2.710169618901833166e-01
4.429495085875548299e-01 2.860335563739723197e-01 2.710169350383475062e-01
4.429495090426062709e-01 2.860335827707512490e-01 2.710169081865170249e-01
4.429495093726570354e-01 2.860336092925255813e-01 2.710168813346919836e-01
4.429495095777071234e-01 2.860336360642958264e-01 2.710168543578716505e-01
4.429495100327583423e-01 2.860336625860595561e-01 2.710168273810567574e-01
4.429495103628088848e-01 2.860336892328185776e-01 2.710168004042472489e-01
4.429495104428581853e-01 2.860337160045727800e-01 2.710167735524436905e-01
4.429495101479058450e-01 2.860337431513233497e-01 2.710167467006454611e-01
4.429495093529512983e-01 2.860337706730701202e-01 2.710167199738532373e-01
4.429495079329942575e-01 2.860337988198140557e-01 2.710166932470663426e-01
4.429495067630385696e-01 2.860338267165513093e-01 2.710166665202847769e-01
4.429495064680867289e-01 2.860338537382794422e-01 2.710166397935085403e-01
4.429495065481363625e-01 2.860338805100011705e-01 2.710166129417371783e-01
4.429495075031893991e-01 2.860339064067141113e-01 2.710165860899711454e-01
4.429495079582403960e-01 2.860339328034237627e-01 2.710165592382104971e-01
4.429495084132912264e-01 2.860339592001280851e-01 2.710165323864551778e-01
4.429495089933425112e-01 2.860339855968271894e-01 2.710165054097048443e-01
4.429495100733954471e-01 2.860340114935192579e-01 2.710164784329599508e-01
4.429495114034489589e-01 2.860340371402053106e-01 2.710164514562203864e-01
4.429495121085001430e-01 2.860340635368887052e-01 2.710164243544858076e-01
4.429495133135528118e-01 2.860340894335651751e-01 2.710163972527566134e-01
4.429495148936063997e-01 2.860341149552353412e-01 2.710163701510329148e-01
4.429495164736596546e-01 2.860341404769004003e-01 2.710163430493146008e-01
4.429495181787129754e-01 2.860341657485596101e-01 2.710163160726020704e-01
4.429495206337680235e-01 2.860341902702117078e-01 2.710162890958949244e-01
4.429495239638249759e-01 2.860342139168565168e-01 2.710162621191932186e-01
4.429495275438818935e-01 2.860342373134959759e-01 2.710162351424968974e-01
4.429495314989390087e-01 2.860342603351297974e-01 2.710162081658059607e-01
4.429495353289950588e-01 2.860342834817592994e-01 2.710161811891204087e-01
4.429495387840494680e-01 2.860343070033850577e-01 2.710161542124402412e-01
4.429495429891048830e-01 2.860343297750044811e-01 2.710161272357655138e-01
4.429495469441588895e-01 2.860343527966198174e-01 2.710161002590961710e-01
4.429495511492126392e-01 2.860343755682300815e-01 2.710160732824322127e-01
4.429495551042650359e-01 2.860343985898362584e-01 2.710160463057736391e-01
4.429495601843186914e-01 2.860344204864357920e-01 2.710160193291204500e-01
4.429495662643730403e-01 2.860344413830293031e-01 2.710159923524727010e-01
4.429495720944257031e-01 2.860344625296190046e-01 2.710159653758303366e-01
4.429495782994777864e-01 2.860344833012039012e-01 2.710159383991933568e-01
4.429495846295288253e-01 2.860345039477844575e-01 2.710159114225617616e-01
4.429495905845781123e-01 2.860345248443612598e-01 2.710158845709356723e-01
4.429495965396262336e-01 2.860345457409338432e-01 2.710158577193150231e-01
4.429496024946731891e-01 2.860345667625023847e-01 2.710158307426995816e-01
4.429496081997186252e-01 2.860345880340669500e-01 2.710158037660895802e-01
4.429496131547622229e-01 2.860346100556279691e-01 2.710157767894849079e-01
4.429496184848051854e-01 2.860346317021842943e-01 2.710157498128856757e-01
4.429496246898476652e-01 2.860346524737356622e-01 2.710157228362918280e-01
4.429496317698894403e-01 2.860346723702823502e-01 2.710156958597033650e-01
4.429496388499297721e-01 2.860346922668250413e-01 2.710156688831203420e-01
4.429496460549687820e-01 2.860347121633637357e-01 2.710156417815425822e-01
4.429496522600059882e-01 2.860347330598987936e-01 2.710156146799703181e-01
4.429496584650420288e-01 2.860347539564296881e-01 2.710155875784033830e-01
4.429496646700767926e-01 2.860347747279563535e-01 2.710155606018419538e-01
4.429496697501103530e-01 2.860347966244788931e-01 2.710155336252859093e-01
