1.000773207662452174e-01 6.439249348546274287e-01 2.559977443774767991e-01
1.000773107584150695e-01 6.439249704624828707e-01 2.559977187774514773e-01
1.000773007505869200e-01 6.439250060703312073e-01 2.559976931774312625e-01
1.000772907427607689e-01 6.439250416781724384e-01 2.559976675774162103e-01
1.000772807349366161e-01 6.439250772860065641e-01 2.559976419774062650e-01
1.000772707271144757e-01 6.439251128938335844e-01 2.559976163774014268e-01
1.000772607192943336e-01 6.439251485016533882e-01 2.559975907774016957e-01
1.000772507114761900e-01 6.439251841094660866e-01 2.559975651774070715e-01
1.000772407036600448e-01 6.439252197172717906e-01 2.559975395774176099e-01
1.000772306958458979e-01 6.439252553250702782e-01 2.559975139774332553e-01
1.000772206880337634e-01 6.439252909328616603e-01 2.559974883774540078e-01
1.000772106802236272e-01 6.439253265406459370e-01 2.559974627774799227e-01
1.000772006724154894e-01 6.439253621484229972e-01 2.559974371775108892e-01
1.000771906646093501e-01 6.439253977561930631e-01 2.559974115775470183e-01
1.000771806568052230e-01 6.439254333639559125e-01 2.559973859775882543e-01
1.000771706490030943e-01 6.439254689717116564e-01 2.559973603776346529e-01
1.000771606412029641e-01 6.439255045794602950e-01 2.559973347776861030e-01
1.000771506334048322e-01 6.439255401872018281e-01 2.559973091777427157e-01
1.000771406256086987e-01 6.439255757949362557e-01 2.559972835778044353e-01
1.000771306178145775e-01 6.439256114026635780e-01 2.559972579778712620e-01
1.000771206100224547e-01 6.439256470103836838e-01 2.559972323779432513e-01
1.000771106022323303e-01 6.439256826180967952e-01 2.559972067780203475e-01
1.000771005944442182e-01 6.439257182258026901e-01 2.559971811781025508e-01
1.000770905866580907e-01 6.439257538335014797e-01 2.559971555781898611e-01
1.000770805788739753e-01 6.439257894411931638e-01 2.559971299782822785e-01
1.000770705710918584e-01 6.439258250488777424e-01 2.559971043783798583e-01
1.000770605633117538e-01 6.439258606565551046e-01 2.559970787784825452e-01
1.000770505555336337e-01 6.439258962642254724e-01 2.559970531785903392e-01
1.000770405477575259e-01 6.439259318718886238e-01 2.559970275787032401e-01
1.000770305399834165e-01 6.439259674795446697e-01 2.559970019788213036e-01
1.000770205322113054e-01 6.439260030871936102e-01 2.559969763789444741e-01
1.000770105244412067e-01 6.439260386948354453e-01 2.559969507790727516e-01
1.000770005166731064e-01 6.439260743024701750e-01 2.559969251792061362e-01
1.000769905089069906e-01 6.439261099100976882e-01 2.559968995793446833e-01
1.000769805011429009e-01 6.439261455177182070e-01 2.559968739794883374e-01
1.000769704933807958e-01 6.439261811253315093e-01 2.559968483796370986e-01
1.000769604856207029e-01 6.439262167329377062e-01 2.559968227797909668e-01
1.000769504778625946e-01 6.439262523405367977e-01 2.559967971799499975e-01
1.000769404701065124e-01 6.439262879481287838e-01 2.559967715801140797e-01
1.000769304623524147e-01 6.439263235557136644e-01 2.559967459802833245e-01
1.000769204546003155e-01 6.439263591632914396e-01 2.559967203804576763e-01
1.000769104468502285e-01 6.439263947708619984e-01 2.559966947806371906e-01
1.000769004391021400e-01 6.439264303784254517e-01 2.559966691808218120e-01
1.000768904313560498e-01 6.439264659859817996e-01 2.559966435810114849e-01
1.000768804236119719e-01 6.439265015935310421e-01 2.559966179812063758e-01
1.000768704158698785e-01 6.439265372010731792e-01 2.559965923814063182e-01
1.000768604081297974e-01 6.439265728086082108e-01 2.559965667816114232e-01
1.000768504003917148e-01 6.439266084161361370e-01 2.559965411818215797e-01
1.000768403926556444e-01 6.439266440236568467e-01 2.559965155820369542e-01
1.000768303849215585e-01 6.439266796311704510e-01 2.559964899822573803e-01
1.000768203771894849e-01 6.439267152386769499e-01 2.559964643824829134e-01
1.000768103694594097e-01 6.439267508461763434e-01 2.559964387827136090e-01
1.000768003617313329e-01 6.439267864536686314e-01 2.559964131829494116e-01
1.000767903540052683e-01 6.439268220611538140e-01 2.559963875831903213e-01
1.000767803462812022e-01 6.439268576686318912e-01 2.559963619834363935e-01
1.000767703385591345e-01 6.439268932761027520e-01 2.559963363836875727e-01
1.000767603308390652e-01 6.439269288835665073e-01 2.559963107839438035e-01
1.000767528231314984e-01 6.439269619910126252e-01 2.559962851842052522e-01
1.000767453154254305e-01 6.439269950984521929e-01 2.559962595844717526e-01
1.000767378077208752e-01 6.439270282058850992e-01 2.559962339847434154e-01
1.000767303000178188e-01 6.439270613133113441e-01 2.559962083850201853e-01
1.000767227923162611e-01 6.439270944207309277e-01 2.559961827853020622e-01
1.000767152846162023e-01 6.439271275281439610e-01 2.559961571855890461e-01
1.000767077769176561e-01 6.439271606355503330e-01 2.559961315858811925e-01
1.000767002692205948e-01 6.439271937429501547e-01 2.559961059861783905e-01
1.000766927615250462e-01 6.439272268503433150e-01 2.559960803864807510e-01
1.000766852538309964e-01 6.439272599577298140e-01 2.559960547867882741e-01
1.000766777461384455e-01 6.439272930651097626e-01 2.559960291871008486e-01
1.000766702384474072e-01 6.439273261724830499e-01 2.559960035874185857e-01
1.000766627307578538e-01 6.439273592798496759e-01 2.559959779877414299e-01
1.000766552230698131e-01 6.439273923872097516e-01 2.559959523880693810e-01
1.000766502153902782e-01 6.439274229945561867e-01 2.559959267884024392e-01
1.000766452077117424e-01 6.439274536018966266e-01 2.559959011887406599e-01
1.000766402000342059e-01 6.439274842092308493e-01 2.559958755890839877e-01
1.000766351923576686e-01 6.439275148165589657e-01 2.559958499894324224e-01
1.000766301846821305e-01 6.439275454238809759e-01 2.559958243897860197e-01
1.000766226770018474e-01 6.439275785312025269e-01 2.559957987901446685e-01
1.000766151693230771e-01 6.439276116385174165e-01 2.559957731905084799e-01
1.000766076616457917e-01 6.439276447458257557e-01 2.559957475908773983e-01
1.000766001539700051e-01 6.439276778531274337e-01 2.559957219912514237e-01
1.000765926462957311e-01 6.439277109604225613e-01 2.559956963916306116e-01
1.000765851386229560e-01 6.439277440677110276e-01 2.559956707920149066e-01
1.000765776309516797e-01 6.439277771749928325e-01 2.559956451924043086e-01
1.000765701232819160e-01 6.439278102822680871e-01 2.559956195927988176e-01
1.000765626156136373e-01 6.439278433895366804e-01 2.559955939931984337e-01
1.000765551079468713e-01 6.439278764967986124e-01 2.559955683936032123e-01
1.000765451002783440e-01 6.439279121040573095e-01 2.559955427940130979e-01
1.000765350926118291e-01 6.439279477113087902e-01 2.559955171944280905e-01
1.000765250849473126e-01 6.439279833185531654e-01 2.559954915948481902e-01
1.000765150772847945e-01 6.439280164257878969e-01 2.559954684952759352e-01
1.000765050696242747e-01 6.439280495330160781e-01 2.559954453957082876e-01
1.000764950619657673e-01 6.439280826402374869e-01 2.559954222961452475e-01
1.000764850543092582e-01 6.439281157474524564e-01 2.559953991965868703e-01
1.000764750466547476e-01 6.439281488546606536e-01 2.559953760970330450e-01
1.000764650390022353e-01 6.439281819618623004e-01 2.559953529974838826e-01
1.000764550313517354e-01 6.439282150690572859e-01 2.559953298979393277e-01
1.000764450237032199e-01 6.439282481762457211e-01 2.559953067983994357e-01
1.000764350160567168e-01 6.439282812834274949e-01 2.559952836988640956e-01
1.000764250084122120e-01 6.439283143906026075e-01 2.559952605993334185e-01
1.000764150007697195e-01 6.439283474977711696e-01 2.559952374998073488e-01
