2.748376868880874069e-01 4.269579833791776191e-01 2.982043297192032427e-01
2.748377264047059954e-01 4.269579736832842531e-01 2.982042998984780202e-01
2.748377659213166457e-01 4.269579639873928856e-01 2.982042700777587374e-01
2.748378024378906326e-01 4.269579572915322419e-01 2.982042402570454498e-01
2.748378389544572920e-01 4.269579505956729304e-01 2.982042104363381574e-01
2.748378749710119195e-01 4.269579438998149512e-01 2.982041811156415090e-01
2.748379129875779814e-01 4.269579352039396536e-01 2.982041517949506892e-01
2.748379520041456248e-01 4.269579255080569458e-01 2.982041224742657537e-01
2.748379905207009588e-01 4.269579163121807186e-01 2.982040931535866468e-01
2.748380290372485768e-01 4.269579071163063233e-01 2.982040638329134241e-01
2.748380680537929055e-01 4.269578974204293331e-01 2.982040345122460856e-01
2.748381065703250359e-01 4.269578882245586571e-01 2.982040051915846313e-01
2.748381445868451345e-01 4.269578795286941841e-01 2.982039758709290056e-01
2.748381811033447364e-01 4.269578723328443792e-01 2.982039465502792641e-01
2.748382191198497360e-01 4.269578636369831814e-01 2.982039172296353513e-01
2.748382576363513907e-01 4.269578544411196108e-01 2.982038879089973227e-01
2.748382961528453294e-01 4.269578452452578166e-01 2.982038585883651782e-01
2.748383351693356458e-01 4.269578355493938160e-01 2.982038292677388625e-01
2.748383741858181351e-01 4.269578258535317028e-01 2.982037999471184309e-01
2.748384127022888701e-01 4.269578166576755707e-01 2.982037706265038279e-01
2.748384507187479064e-01 4.269578079618251976e-01 2.982037413058951647e-01
2.748384897352071921e-01 4.269577982659687465e-01 2.982037119852923301e-01
2.748385277516509073e-01 4.269577895701219816e-01 2.982036826646953243e-01
2.748385647680794408e-01 4.269577818742844588e-01 2.982036533441042025e-01
2.748386022845043519e-01 4.269577741784485458e-01 2.982036235235152044e-01
2.748386403009254186e-01 4.269577659826104266e-01 2.982035937029322015e-01
2.748386793173462350e-01 4.269577567867667289e-01 2.982035638823551382e-01
2.748387178337556302e-01 4.269577480909284017e-01 2.982035340617840147e-01
2.748387593501785964e-01 4.269577363950705085e-01 2.982035042412188863e-01
2.748388013665967744e-01 4.269577241992114636e-01 2.982034744206597532e-01
2.748388423829996596e-01 4.269577130033618273e-01 2.982034446001065597e-01
2.748388818993841021e-01 4.269577033075246386e-01 2.982034147795593060e-01
2.748389229157707225e-01 4.269576921116793322e-01 2.982033849590180474e-01
2.748389659321623379e-01 4.269576789158229801e-01 2.982033551384827286e-01
2.748390079485388271e-01 4.269576667199758147e-01 2.982033253179533494e-01
2.748390494649037841e-01 4.269576550241342416e-01 2.982032954974299654e-01
2.748390909812603589e-01 4.269576433282950001e-01 2.982032656769125767e-01
2.748391324976086625e-01 4.269576316324581455e-01 2.982032358564011276e-01
2.748391735139456005e-01 4.269576204366267169e-01 2.982032060358956183e-01
2.748392145302743783e-01 4.269576092407975088e-01 2.982031762153961041e-01
2.748392550465919570e-01 4.269575985449735600e-01 2.982031463949025296e-01
2.748392965629072315e-01 4.269575868491458093e-01 2.982031165744149503e-01
2.748393380792142349e-01 4.269575751533203900e-01 2.982030867539333108e-01
2.748393785955073332e-01 4.269575644575030471e-01 2.982030569334576109e-01
2.748394176117840981e-01 4.269575552616959868e-01 2.982030271129879062e-01
2.748394571280556864e-01 4.269575455658881080e-01 2.982029972925241967e-01
2.748394941443061401e-01 4.269575383700954796e-01 2.982029674720663714e-01
2.748395281605336415e-01 4.269575341743198083e-01 2.982029376516145969e-01
2.748395606767466970e-01 4.269575314785526987e-01 2.982029078311687620e-01
2.748395936929556860e-01 4.269575282827834939e-01 2.982028780107288668e-01
2.748396267091581247e-01 4.269575250870149552e-01 2.982028481902949113e-01
2.748396582253466724e-01 4.269575228912519393e-01 2.982028188698693794e-01
2.748396897415290030e-01 4.269575206954893676e-01 2.982027895494496761e-01
2.748397212577049498e-01 4.269575184997272399e-01 2.982027602290358015e-01
2.748397522738724175e-01 4.269575168039677626e-01 2.982027309086278666e-01
2.748397842900380805e-01 4.269575141082042613e-01 2.982027015882257048e-01
2.748398163061973598e-01 4.269575114124412596e-01 2.982026722678294828e-01
2.748398488223522951e-01 4.269575082166766622e-01 2.982026429474390894e-01
2.748398788384904812e-01 4.269575075209229853e-01 2.982026136270545802e-01
2.748399083546206323e-01 4.269575073251714592e-01 2.982025843066758997e-01
2.748399378707448992e-01 4.269575071294199331e-01 2.982025549863031033e-01
2.748399708868765612e-01 4.269575034336551278e-01 2.982025256659361911e-01
2.748400034029997996e-01 4.269575002378929174e-01 2.982024963455751632e-01
2.748400359191165432e-01 4.269574970421313731e-01 2.982024670252199638e-01
2.748400679352250298e-01 4.269574943463722572e-01 2.982024377048705932e-01
2.748401009513304905e-01 4.269574906506102274e-01 2.982024083845271623e-01
2.748401324674243917e-01 4.269574884548539284e-01 2.982023790641895045e-01
2.748401624835071777e-01 4.269574877591028605e-01 2.982023497438577864e-01
2.748401929995855641e-01 4.269574865633503635e-01 2.982023204235318969e-01
2.748402225156548195e-01 4.269574868676025980e-01 2.982022906032104070e-01
2.748402525317196199e-01 4.269574866718533479e-01 2.982022607828948568e-01
2.748402830477797987e-01 4.269574859761027241e-01 2.982022309625853018e-01
2.748403160638406284e-01 4.269574827803454542e-01 2.982022011422816865e-01
2.748403480798923271e-01 4.269574805845914867e-01 2.982021713219840109e-01
2.748403805959387936e-01 4.269574778888367006e-01 2.982021415016923305e-01
2.748404136119799723e-01 4.269574746930812070e-01 2.982021116814066453e-01
2.748404481280180001e-01 4.269574699973229248e-01 2.982020818611268997e-01
2.748404836440513366e-01 4.269574643015633941e-01 2.982020520408530939e-01
2.748405191600775122e-01 4.269574586058050292e-01 2.982020222205852833e-01
2.748405546760966378e-01 4.269574529100477744e-01 2.982019924003234124e-01
2.748405901921086580e-01 4.269574472142916854e-01 2.982019625800674811e-01
2.748406247081117693e-01 4.269574425185385103e-01 2.982019327598175451e-01
2.748406602241096341e-01 4.269574368227845862e-01 2.982019029395736043e-01
2.748406962401012121e-01 4.269574306270310093e-01 2.982018731193356031e-01
2.748407317560848662e-01 4.269574249312794167e-01 2.982018432991035417e-01
2.748407662720599998e-01 4.269574202355303494e-01 2.982018134788774755e-01
2.748408002880276535e-01 4.269574160397828222e-01 2.982017836586573489e-01
2.748408343039884794e-01 4.269574118440361832e-01 2.982017538384432176e-01
2.748408703199446412e-01 4.269574056482882130e-01 2.982017240182350259e-01
2.748409073358946131e-01 4.269573984525404931e-01 2.982016941980327740e-01
2.748409443518372020e-01 4.269573907567936755e-01 2.982016648778369472e-01
2.748409818677727823e-01 4.269573825610479823e-01 2.982016355576470046e-01
2.748410203837015620e-01 4.269573733653033165e-01 2.982016062374629461e-01
2.748410608996238458e-01 4.269573621695593180e-01 2.982015769172847164e-01
2.748411024155384963e-01 4.269573504738171654e-01 2.982015470971121074e-01
2.748411454314454438e-01 4.269573372780768317e-01 2.982015172769454381e-01
2.748411879473436903e-01 4.269573245823393148e-01 2.982014874567847640e-01
2.748412299632332911e-01 4.269573123866043929e-01 2.982014576366300851e-01
2.748412704791143857e-01 4.269573016908720930e-01 2.982014278164813459e-01
2.748413114949873060e-01 4.269572904951419723e-01 2.982013979963385464e-01
