1.697488105133380110e-01 5.019654494579904869e-01 3.282857400287468308e-01
1.697487935382906155e-01 5.019653992609536264e-01 3.282858072008311145e-01
1.697487765632465784e-01 5.019653490639267579e-01 3.282858743729019646e-01
1.697487595882059830e-01 5.019652988669099924e-01 3.282859415449593810e-01
1.697487426131687460e-01 5.019652486699032190e-01 3.282860087170033636e-01
1.697487256381349230e-01 5.019651984729065486e-01 3.282860758890339126e-01
1.697487086631044861e-01 5.019651482759198702e-01 3.282861430610510278e-01
1.697486916880774632e-01 5.019650980789431838e-01 3.282862102330547094e-01
1.697486747130538265e-01 5.019650478819766004e-01 3.282862774050449572e-01
1.697486577380335759e-01 5.019649976850200090e-01 3.282863445770217159e-01
1.697486407630167116e-01 5.019649474880735207e-01 3.282864117489850964e-01
1.697486237880032611e-01 5.019648972911370244e-01 3.282864789209350431e-01
1.697486068129931969e-01 5.019648470942106311e-01 3.282865460928715562e-01
1.697485898379865465e-01 5.019647968972942298e-01 3.282866132647946356e-01
1.697485728629832546e-01 5.019647467003878205e-01 3.282866804367042812e-01
1.697485558879833767e-01 5.019646965034915143e-01 3.282867476086004377e-01
1.697485389129869127e-01 5.019646463066052000e-01 3.282868147804832160e-01
1.697485219379938071e-01 5.019645961097289888e-01 3.282868819523525605e-01
1.697485049630041154e-01 5.019645459128627696e-01 3.282869491242084714e-01
1.697484879880178377e-01 5.019644957160065424e-01 3.282870162960508931e-01
1.697484710130349184e-01 5.019644455191604182e-01 3.282870834678799365e-01
1.697484540380554130e-01 5.019643953223243971e-01 3.282871506396955463e-01
1.697484370630793216e-01 5.019643451254983679e-01 3.282872178114977224e-01
1.697484200881065886e-01 5.019642949286823308e-01 3.282872849832864093e-01
1.697484031131372695e-01 5.019642447318763967e-01 3.282873521550617180e-01
1.697483861381713643e-01 5.019641945350804546e-01 3.282874193268235929e-01
1.697483691632088176e-01 5.019641443382945045e-01 3.282874864985719787e-01
1.697483521882496849e-01 5.019640941415186575e-01 3.282875536703069863e-01
1.697483352132939383e-01 5.019640439447529134e-01 3.282876208420285047e-01
1.697483182383416056e-01 5.019639937479970504e-01 3.282876880137366449e-01
1.697483012633926591e-01 5.019639435512514014e-01 3.282877551854313514e-01
1.697482842884470988e-01 5.019638933545156334e-01 3.282878223571125686e-01
1.697482673135049247e-01 5.019638431577899684e-01 3.282878895287804077e-01
1.697482503385661645e-01 5.019637929610744065e-01 3.282879567004347576e-01
1.697482333636307905e-01 5.019637427643688365e-01 3.282880238720757293e-01
1.697482163886988027e-01 5.019636925676732586e-01 3.282880910437032118e-01
1.697481994137702288e-01 5.019636423709877837e-01 3.282881582153173161e-01
1.697481824388450411e-01 5.019635921743123008e-01 3.282882253869179312e-01
1.697481654639232673e-01 5.019635419776469210e-01 3.282882925585051681e-01
1.697481484890048520e-01 5.019634917809915331e-01 3.282883597300789158e-01
1.697481315140898506e-01 5.019634415843462483e-01 3.282884269016392853e-01
1.697481145391782631e-01 5.019633913877109554e-01 3.282884940731861656e-01
1.697480975642700340e-01 5.019633411910856546e-01 3.282885612447196677e-01
1.697480805893652189e-01 5.019632909944704569e-01 3.282886284162396806e-01
1.697480636144638177e-01 5.019632407978652511e-01 3.282886955877462598e-01
1.697480466395657750e-01 5.019631906012701483e-01 3.282887627592394608e-01
1.697480296646711462e-01 5.019631404046850376e-01 3.282888299307191726e-01
1.697480126897799035e-01 5.019630902081099189e-01 3.282888971021855062e-01
1.697479957148920748e-01 5.019630400115449032e-01 3.282889642736383506e-01
1.697479787400076323e-01 5.019629898149899905e-01 3.282890314450777614e-01
1.697479617651265760e-01 5.019629396184449588e-01 3.282890986165037939e-01
1.697479447902489336e-01 5.019628894219101412e-01 3.282891657879163372e-01
1.697479278153746496e-01 5.019628392253852045e-01 3.282892329593154468e-01
1.697479108405038073e-01 5.019627890288703709e-01 3.282893001307011227e-01
1.697478938656363234e-01 5.019627388323656403e-01 3.282893673020734204e-01
1.697478768907722535e-01 5.019626886358709017e-01 3.282894344734322289e-01
1.697478599159115698e-01 5.019626384393861551e-01 3.282895016447776038e-01
1.697478429410542722e-01 5.019625882429115116e-01 3.282895688161096004e-01
1.697478259662003885e-01 5.019625380464468600e-01 3.282896359874281078e-01
1.697478089913498911e-01 5.019624878499923115e-01 3.282897031587331815e-01
1.697477920165027798e-01 5.019624376535477550e-01 3.282897703300248216e-01
1.697477750416590825e-01 5.019623874571131905e-01 3.282898375013030279e-01
1.697477580668187713e-01 5.019623372606887290e-01 3.282899046725678560e-01
1.697477410919818464e-01 5.019622870642742596e-01 3.282899718438191949e-01
1.697477241171483353e-01 5.019622368678698932e-01 3.282900390150571002e-01
1.697477071423182104e-01 5.019621866714755187e-01 3.282901061862815717e-01
1.697476901674914718e-01 5.019621364750912473e-01 3.282901733574926095e-01
1.697476731926681470e-01 5.019620862787169679e-01 3.282902405286902137e-01
1.697476562178482085e-01 5.019620360823526806e-01 3.282903076998744396e-01
1.697476392430316561e-01 5.019619858859984962e-01 3.282903748710451763e-01
1.697476222682185176e-01 5.019619356896544149e-01 3.282904420422024794e-01
1.697476052934087376e-01 5.019618854933202146e-01 3.282905092133463487e-01
1.697475883186023993e-01 5.019618352969961173e-01 3.282905763844767844e-01
1.697475713437994194e-01 5.019617851006821230e-01 3.282906435555937863e-01
1.697475543689998534e-01 5.019617349043781207e-01 3.282907107266973545e-01
1.697475373942036736e-01 5.019616847080841104e-01 3.282907778977874891e-01
1.697475204194108800e-01 5.019616345118002032e-01 3.282908450688641899e-01
1.697475034446215003e-01 5.019615843155263990e-01 3.282909122399274571e-01
1.697474864698355068e-01 5.019615341192624758e-01 3.282909794109772905e-01
1.697474694950529273e-01 5.019614839230087666e-01 3.282910465820136903e-01
1.697474525202737061e-01 5.019614337267649384e-01 3.282911137530366563e-01
1.697474355454978989e-01 5.019613835305312133e-01 3.282911809240461887e-01
1.697474185707255057e-01 5.019613333343074801e-01 3.282912480950422873e-01
1.697474015959564708e-01 5.019612831380938500e-01 3.282913152660249523e-01
1.697473846211908499e-01 5.019612329418903229e-01 3.282913824369941835e-01
1.697473676464286430e-01 5.019611827456966768e-01 3.282914496079499811e-01
1.697473506716697944e-01 5.019611325495131338e-01 3.282915167788923450e-01
1.697473336969143598e-01 5.019610823533396937e-01 3.282915839498212751e-01
1.697473167221623114e-01 5.019610321571762457e-01 3.282916511207367716e-01
1.697472997474136769e-01 5.019609819610227897e-01 3.282917182916388343e-01
1.697472827726684286e-01 5.019609317648794367e-01 3.282917854625274634e-01
1.697472657979265664e-01 5.019608815687460757e-01 3.282918526334026588e-01
1.697472488231881182e-01 5.019608313726228177e-01 3.282919198042644204e-01
1.697472318484530285e-01 5.019607811765095517e-01 3.282919869751127484e-01
1.697472148737213526e-01 5.019607309804063888e-01 3.282920541459476427e-01
1.697471978989930907e-01 5.019606807843132179e-01 3.282921213167691032e-01
1.697471809242682150e-01 5.019606305882300390e-01 3.282921884875770746e-01
1.697471639495467255e-01 5.019605803921569631e-01 3.282922556583716678e-01
1.697471469748286221e-01 5.019605301960938792e-01 3.282923228291528273e-01
1.697471300001139327e-01 5.019604800000408984e-01 3.282923899999205530e-01
