4.375188440084709085e-01 2.910969405745209015e-01 2.713842154334629719e-01
4.375188476851940012e-01 2.910969640364853284e-01 2.713841882947755080e-01
4.375188510761992555e-01 2.910969877841621534e-01 2.713841611560934286e-01
4.375188540386282243e-01 2.910970119604097683e-01 2.713841340174167338e-01
4.375188578582077104e-01 2.910970352795015370e-01 2.713841068787455346e-01
4.375188626777957723e-01 2.910970575985792341e-01 2.713840797400797755e-01
4.375188674973828906e-01 2.910970799176524904e-01 2.713840526014194010e-01
4.375188717455352760e-01 2.910971028081550949e-01 2.713840254627644666e-01
4.375188754222529841e-01 2.910971262700868811e-01 2.713839983241149167e-01
4.375188796704037597e-01 2.910971491605802708e-01 2.713839711854708625e-01
4.375188837756951998e-01 2.910971721939275003e-01 2.713839440468321929e-01
4.375188873095521847e-01 2.910971957987036896e-01 2.713839169081989633e-01
4.375188921291339739e-01 2.910972181177497453e-01 2.713838897695711738e-01
4.375188965201395885e-01 2.910972408653664245e-01 2.713838626309488244e-01
4.375189010540027623e-01 2.910972634701201600e-01 2.713838354923318597e-01
4.375189057307233287e-01 2.910972859320110628e-01 2.713838083537203905e-01
4.375189096931513810e-01 2.910973091081891506e-01 2.713837812151142503e-01
4.375189136555786562e-01 2.910973322843625755e-01 2.713837540765136058e-01
4.375189174751468180e-01 2.910973556033896736e-01 2.713837269379184014e-01
4.375189218661473256e-01 2.910973783509789303e-01 2.713836997993285816e-01
4.375189255428555968e-01 2.910974018128550389e-01 2.713836726607442018e-01
4.375189290767048655e-01 2.910974254175846543e-01 2.713836455221652622e-01
4.375189334677028752e-01 2.910974481651601442e-01 2.713836183835917626e-01
4.375189378587000522e-01 2.910974709127310267e-01 2.713835912450236476e-01
4.375189421068381712e-01 2.910974938031556380e-01 2.713835641064609727e-01
4.375189467835499668e-01 2.910975162650010772e-01 2.713835369679037379e-01
4.375189520316936087e-01 2.910975381554092301e-01 2.713835098293519432e-01
4.375189574226944211e-01 2.910975599029548833e-01 2.713834826908055886e-01
4.375189623851196141e-01 2.910975820790706048e-01 2.713834555522646186e-01
4.375189673475438079e-01 2.910976042551818854e-01 2.713834284137290886e-01
4.375189718813926043e-01 2.910976268598631789e-01 2.713834012751989988e-01
4.375189754152337684e-01 2.910976504645467200e-01 2.713833741366743491e-01
4.375189792347903839e-01 2.910976737835093142e-01 2.713833469981550839e-01
4.375189841972109139e-01 2.910976959596025537e-01 2.713833198596412588e-01
4.375189895882047320e-01 2.910977177071172317e-01 2.713832927211328738e-01
4.375189944077651494e-01 2.910977400260597037e-01 2.713832655826299289e-01
4.375189992273246786e-01 2.910977623449977347e-01 2.713832384441323686e-01
4.375190036183090880e-01 2.910977850925053900e-01 2.713832113056403039e-01
4.375190084378666744e-01 2.910978074114344838e-01 2.713831841671536238e-01
4.375190128288492519e-01 2.910978301589330908e-01 2.713831570286723838e-01
4.375190180769789605e-01 2.910978520492791821e-01 2.713831298901965283e-01
4.375190233251076144e-01 2.910978739396209436e-01 2.713831027517261685e-01
4.375190281446613150e-01 2.910978962585321628e-01 2.713830756132611932e-01
4.375190332499299672e-01 2.910979182917230457e-01 2.713830484748016580e-01
4.375190373551920975e-01 2.910979413249150660e-01 2.713830213363475630e-01
4.375190413175955029e-01 2.910979645009604266e-01 2.713829941978988525e-01
4.375190455657139710e-01 2.910979873912852844e-01 2.713829670594555821e-01
4.375190499566893321e-01 2.910980101387476982e-01 2.713829399210178073e-01
4.375190542048060238e-01 2.910980330290633966e-01 2.713829127825853615e-01
4.375190580243483174e-01 2.910980563479481087e-01 2.713828856441584114e-01
4.375190618438898338e-01 2.910980796668281578e-01 2.713828585057368459e-01
4.375190649491413342e-01 2.910981036999926719e-01 2.713828313673207759e-01
4.375190681972501161e-01 2.910981275902945753e-01 2.713828042289100906e-01
4.375190707310692151e-01 2.910981521948806661e-01 2.713827770905047898e-01
4.375190738363189391e-01 2.910981762280307472e-01 2.713827499521049846e-01
4.375190765129948200e-01 2.910982006897493424e-01 2.713827228137105640e-01
4.375190799039588851e-01 2.910982244371742578e-01 2.713826956753215836e-01
4.375190842949264192e-01 2.910982471845902086e-01 2.713826685369380431e-01
4.375190891144662975e-01 2.910982695034284307e-01 2.713826413985599428e-01
4.375190933625744405e-01 2.910982923936930589e-01 2.713826142601872271e-01
4.375190971821085739e-01 2.910983157125261456e-01 2.713825871218199515e-01
4.375191017159303364e-01 2.910983383170662187e-01 2.713825599834581159e-01
4.375191066783242766e-01 2.910983604930286739e-01 2.713825328451017205e-01
4.375191123550054018e-01 2.910983819546984486e-01 2.713825057067507096e-01
4.375191176031125728e-01 2.910984038449368483e-01 2.713824785684051943e-01
4.375191241369373318e-01 2.910984244494522200e-01 2.713824514300650637e-01
4.375191303850455293e-01 2.910984451968210984e-01 2.713824244345879877e-01
4.375191363474372763e-01 2.910984662299010428e-01 2.713823974391162963e-01
4.375191415955399510e-01 2.910984879772647305e-01 2.713823704436500450e-01
4.375191474150717519e-01 2.910985091531937408e-01 2.713823434481891228e-01
4.375191529488873798e-01 2.910985306148336504e-01 2.713823164527336962e-01
4.375191580541292757e-01 2.910985525050418521e-01 2.713822894572835986e-01
4.375191634450851796e-01 2.910985739666731020e-01 2.713822626046964448e-01
4.375191695503275469e-01 2.910985947140125041e-01 2.713822357521146755e-01
4.375191749412812858e-01 2.910986161756352608e-01 2.713822088995382908e-01
4.375191803322339146e-01 2.910986376372536877e-01 2.713821820469672352e-01
4.375191860089002738e-01 2.910986588131529440e-01 2.713821551944015642e-01
4.375191906855633861e-01 2.910986808461926700e-01 2.713821284846987258e-01
4.375191950765106585e-01 2.910987031649429069e-01 2.713821017750012166e-01
4.375191994674570428e-01 2.910987256265460954e-01 2.713820749224515883e-01
4.375192044298322203e-01 2.910987475167151062e-01 2.713820480699074000e-01
4.375192091064916133e-01 2.910987696925945167e-01 2.713820212173685964e-01
4.375192146402944182e-01 2.910987910113252419e-01 2.713819943648351218e-01
4.375192197455239906e-01 2.910988129014811521e-01 2.713819673694496393e-01
4.375192242793231046e-01 2.910988355059194177e-01 2.713819402312122042e-01
4.375192280988345894e-01 2.910988588246399278e-01 2.713819130929801537e-01
4.375192330612039382e-01 2.910988810004971894e-01 2.713818859547535989e-01
4.375192375950003321e-01 2.910989036049219103e-01 2.713818588165324286e-01
4.375192424145104564e-01 2.910989259236275162e-01 2.713818316783166984e-01
4.375192476625914817e-01 2.910989478137567810e-01 2.713818045401064083e-01
4.375192534821005230e-01 2.910989691324526452e-01 2.713817774019015028e-01
4.375192597301801323e-01 2.910989900225723903e-01 2.713817502637020374e-01
4.375192659782585758e-01 2.910990109126880276e-01 2.713817231255080120e-01
4.375192720834784610e-01 2.910990318027995016e-01 2.713816961301766528e-01
4.375192780458399544e-01 2.910990528357639828e-01 2.713816691348507337e-01
4.375192840082002266e-01 2.910990738687242452e-01 2.713816421395301437e-01
4.375192916848455460e-01 2.910990930445369052e-01 2.713816152870722198e-01
4.375192989329177995e-01 2.910991126489172465e-01 2.713815884346196250e-01
4.375193063238457802e-01 2.910991321104364760e-01 2.713815615821723592e-01
4.375193132862008061e-01 2.910991520005233313e-01 2.713815347297305336e-01
