2.749107451109258360e-01 4.097192757161000620e-01 3.153699791596637492e-01
2.749107371197729854e-01 4.097192352437758478e-01 3.153700276231407029e-01
2.749107291286217447e-01 4.097191947714596827e-01 3.153700760866080532e-01
2.749107206374672985e-01 4.097191542991516777e-01 3.153701250500705044e-01
2.749107111463051090e-01 4.097191138268517774e-01 3.153701750135326498e-01
2.749107001551306939e-01 4.097190733545599262e-01 3.153702264769989161e-01
2.749106891639584438e-01 4.097190328822761796e-01 3.153702779404548573e-01
2.749106776727838208e-01 4.097189924100005376e-01 3.153703299039051222e-01
2.749106661816115293e-01 4.097189519377330003e-01 3.153703818673450066e-01
2.749106536904324383e-01 4.097189114654735120e-01 3.153704348307835303e-01
2.749106401992470472e-01 4.097188709932221840e-01 3.153704887942203050e-01
2.749106262080598384e-01 4.097188305209789050e-01 3.153705432576506817e-01
2.749106117168711449e-01 4.097187900487437306e-01 3.153705982210745495e-01
2.749105972256853381e-01 4.097187495765166609e-01 3.153706531844874816e-01
2.749105827345024178e-01 4.097187091042976959e-01 3.153707081478893670e-01
2.749105672433140302e-01 4.097186686320867799e-01 3.153707641112886151e-01
2.749105522521329004e-01 4.097186281598839686e-01 3.153708195746725562e-01
2.749105382609629000e-01 4.097185876876893174e-01 3.153708740380372078e-01
2.749105242697957308e-01 4.097185472155027153e-01 3.153709285013909236e-01
2.749105102786313926e-01 4.097185067433241623e-01 3.153709829647337592e-01
2.749104962874697744e-01 4.097184662711537695e-01 3.153710374280657147e-01
2.749104827963149700e-01 4.097184257989914258e-01 3.153710913913829184e-01
2.749104693051627746e-01 4.097183853268372422e-01 3.153711453546892973e-01
2.749104558140133547e-01 4.097183448546911078e-01 3.153711993179848516e-01
2.749104428228703600e-01 4.097183043825530224e-01 3.153712527812659316e-01
2.749104293317262138e-01 4.097182639104230972e-01 3.153713067445399476e-01
2.749104163405884371e-01 4.097182234383012767e-01 3.153713602077996003e-01
2.749104048494641073e-01 4.097181829661875052e-01 3.153714121710377016e-01
2.749103933583420534e-01 4.097181424940818384e-01 3.153714641342654224e-01
2.749103818672222754e-01 4.097181020219842762e-01 3.153715160974827625e-01
2.749103708761082565e-01 4.097180615498948186e-01 3.153715675606862390e-01
2.749103573849794313e-01 4.097180210778134102e-01 3.153716215238964171e-01
2.749103423938432655e-01 4.097179811057434784e-01 3.153716764871025702e-01
2.749103279027133584e-01 4.097179411336815402e-01 3.153717309502943600e-01
2.749103134115863933e-01 4.097179016616308567e-01 3.153717849134720086e-01
2.749102979204559039e-01 4.097178621895881112e-01 3.153718398766452991e-01
2.749102829293316730e-01 4.097178227175531928e-01 3.153718943398043928e-01
2.749102674382073452e-01 4.097177832455262125e-01 3.153719493029557563e-01
2.749102524470891651e-01 4.097177442735101538e-01 3.153720032660899952e-01
2.749102364559680156e-01 4.097177053015019221e-01 3.153720582292194874e-01
2.749102214648558862e-01 4.097176658294985341e-01 3.153721126923350049e-01
2.749102074737526102e-01 4.097176263575030286e-01 3.153721661554338418e-01
2.749101929826492374e-01 4.097175868855154057e-01 3.153722201185247820e-01
2.749101779915459898e-01 4.097175474135356654e-01 3.153722745816077699e-01
2.749101625004429783e-01 4.097175079415638632e-01 3.153723295446826391e-01
2.749101470093430755e-01 4.097174684695999436e-01 3.153723845077464616e-01
2.749101315182462812e-01 4.097174289976439066e-01 3.153724394707993484e-01
2.749101155271500008e-01 4.097173895256957521e-01 3.153724949338438388e-01
2.749101000360594793e-01 4.097173505537580196e-01 3.153725493968720928e-01
2.749100845449720110e-01 4.097173115818281142e-01 3.153726038598894665e-01
2.749100685538852229e-01 4.097172721099035519e-01 3.153726593229008723e-01
2.749100515627968533e-01 4.097172326379869278e-01 3.153727157859059216e-01
2.749100350717141317e-01 4.097171931660781308e-01 3.153727717488973847e-01
2.749100195806393754e-01 4.097171536941772718e-01 3.153728267118730555e-01
2.749100040895677277e-01 4.097171137222819781e-01 3.153728821748399969e-01
2.749099890985013950e-01 4.097170737503947335e-01 3.153729371377936297e-01
2.749099736074358535e-01 4.097170337785154270e-01 3.153729926007384221e-01
2.749099581163734207e-01 4.097169938066441697e-01 3.153730480636721123e-01
2.749099421253121123e-01 4.097169538347809059e-01 3.153731040265967400e-01
2.749099256342519282e-01 4.097169138629255802e-01 3.153731604895121943e-01
2.749099096431970035e-01 4.097168738910783037e-01 3.153732164524143955e-01
2.749098926521414410e-01 4.097168339192389652e-01 3.153732734153091855e-01
2.749098761610911934e-01 4.097167939474076759e-01 3.153733298781907224e-01
2.749098601700459832e-01 4.097167539755843801e-01 3.153733858410592283e-01
2.749098436790022859e-01 4.097167140037690225e-01 3.153734423039182277e-01
2.749098271879618083e-01 4.097166740319617140e-01 3.153734987667659584e-01
2.749098111969263680e-01 4.097166340601623991e-01 3.153735547296007691e-01
2.749097952058940919e-01 4.097165940883710222e-01 3.153736106924243665e-01
2.749097787148634398e-01 4.097165541165876945e-01 3.153736671552383464e-01
2.749097627238376029e-01 4.097165141448123604e-01 3.153737231180395173e-01
2.749097477328178440e-01 4.097164741730450199e-01 3.153737780808266167e-01
2.749097327418010828e-01 4.097164342012856175e-01 3.153738330436027248e-01
2.749097167507846828e-01 4.097163942295342642e-01 3.153738890063705336e-01
2.749097002597701289e-01 4.097163542577909046e-01 3.153739454691283917e-01
2.749096837687588502e-01 4.097163142860555385e-01 3.153740019318749810e-01
2.749096672777508465e-01 4.097162743143281105e-01 3.153740583946103015e-01
2.749096502867450775e-01 4.097162348426099387e-01 3.153741148573342978e-01
2.749096322957405025e-01 4.097161953708996496e-01 3.153741723200492730e-01
2.749096133047373436e-01 4.097161558991971875e-01 3.153742307827547831e-01
2.749095938137370299e-01 4.097161164275026635e-01 3.153742897454496208e-01
2.749095748227415870e-01 4.097160769558160776e-01 3.153743482081317051e-01
2.749095553317490448e-01 4.097160374841373187e-01 3.153744071708030061e-01
2.749095363407612069e-01 4.097159980124664980e-01 3.153744656334616647e-01
2.749095168497763808e-01 4.097159585408035598e-01 3.153745245961094290e-01
2.749094963587939700e-01 4.097159190691485042e-01 3.153745845587468954e-01
2.749094763678163744e-01 4.097158790975006237e-01 3.153746445213724270e-01
2.749094558768420682e-01 4.097158391258607368e-01 3.153747049839865646e-01
2.749094348858712733e-01 4.097157991542288435e-01 3.153747659465891973e-01
2.749094133949041563e-01 4.097157591826048884e-01 3.153748274091802140e-01
2.749093919039413136e-01 4.097157192109889823e-01 3.153748888717589627e-01
2.749093699129823709e-01 4.097156792393810698e-01 3.153749508343258734e-01
2.749093479220278136e-01 4.097156392677811509e-01 3.153750127968803496e-01
2.749093264310779605e-01 4.097155992961892257e-01 3.153750742594221279e-01
2.749093044401321739e-01 4.097155593246052940e-01 3.153751362219518461e-01
2.749092824491907172e-01 4.097155193530293560e-01 3.153751981844692409e-01
2.749092604582537014e-01 4.097154793814614115e-01 3.153752601469742012e-01
2.749092384673210709e-01 4.097154394099014607e-01 3.153753221094667825e-01
2.749092164763928259e-01 4.097153989383494066e-01 3.153753845719470261e-01
2.749091944854690217e-01 4.097153584668054571e-01 3.153754470344148353e-01
2.749091724945496029e-01 4.097153179952696123e-01 3.153755094968700989e-01
