1.266574789094672970e-01 5.925732514768297099e-01 2.807692696156765533e-01
1.266575662445752759e-01 5.925731922189239054e-01 2.807692415384744344e-01
1.266576535796657965e-01 5.925731329610298692e-01 2.807692134612779222e-01
1.266577409147388589e-01 5.925730737031477124e-01 2.807691853840870722e-01
1.266578282497944630e-01 5.925730144452773240e-01 2.807691573069017732e-01
1.266579155848325811e-01 5.925729551874189260e-01 2.807691292297221364e-01
1.266580029198532409e-01 5.925728959295722964e-01 2.807691011525481062e-01
1.266580902548564147e-01 5.925728366717375462e-01 2.807690730753796826e-01
1.266581775898421580e-01 5.925727774139145643e-01 2.807690449982168657e-01
1.266582649248104153e-01 5.925727181561035728e-01 2.807690169210596554e-01
1.266583522597611866e-01 5.925726588983043497e-01 2.807689888439081072e-01
1.266584395946944996e-01 5.925725996405170060e-01 2.807689607667621101e-01
1.266585269296103544e-01 5.925725403827414306e-01 2.807689326896217752e-01
1.266586142645087509e-01 5.925724811249777346e-01 2.807689046124870469e-01
1.266587015993896614e-01 5.925724218672260291e-01 2.807688765353579252e-01
1.266587889342531414e-01 5.925723626094859808e-01 2.807688484582344102e-01
1.266588762690991077e-01 5.925723033517579230e-01 2.807688203811165573e-01
1.266589636039276434e-01 5.925722440940416336e-01 2.807687923040042555e-01
1.266590509387386931e-01 5.925721848363373345e-01 2.807687642268976158e-01
1.266591382735322568e-01 5.925721255786446928e-01 2.807687361497965828e-01
1.266592256083083901e-01 5.925720663209640415e-01 2.807687080727011564e-01
1.266593129430670372e-01 5.925720070632951586e-01 2.807686799956113366e-01
1.266594002778082262e-01 5.925719478056382661e-01 2.807686519185271234e-01
1.266594876125319291e-01 5.925718885479930309e-01 2.807686238414485724e-01
1.266595749472381738e-01 5.925718292903597861e-01 2.807685957643756280e-01
1.266596622819269602e-01 5.925717700327383097e-01 2.807685676873082348e-01
1.266597496165982883e-01 5.925717107751288237e-01 2.807685396102465036e-01
1.266598369512521305e-01 5.925716515175309951e-01 2.807685115331904346e-01
1.266599242858885144e-01 5.925715922599451568e-01 2.807684834561399168e-01
1.266600116205074122e-01 5.925715330023710870e-01 2.807684553790950055e-01
1.266600989551088796e-01 5.925714737448090075e-01 2.807684273020557564e-01
1.266601862896928610e-01 5.925714144872585853e-01 2.807683992250221139e-01
1.266602736242593563e-01 5.925713552297201536e-01 2.807683711479940780e-01
1.266603609588084212e-01 5.925712959721934903e-01 2.807683430709716488e-01
1.266604482933400000e-01 5.925712367146787063e-01 2.807683149939548262e-01
1.266605356278540928e-01 5.925711774571758017e-01 2.807682869169436657e-01
1.266606229623507551e-01 5.925711181996847765e-01 2.807682588399380563e-01
1.266607102968299314e-01 5.925710589422055197e-01 2.807682307629381091e-01
1.266607976312916217e-01 5.925709996847381422e-01 2.807682026859437685e-01
1.266608849657358815e-01 5.925709404272826442e-01 2.807681746089550345e-01
1.266609723001626553e-01 5.925708811698390255e-01 2.807681465319719072e-01
1.266610596345719708e-01 5.925708219124071752e-01 2.807681184549943865e-01
1.266611469689638003e-01 5.925707626549872042e-01 2.807680903780225279e-01
1.266612343033381716e-01 5.925707033975791127e-01 2.807680623010562759e-01
1.266613216376950846e-01 5.925706441401829005e-01 2.807680342240956306e-01
1.266614089720345393e-01 5.925705848827984568e-01 2.807680061471405919e-01
1.266614963063565080e-01 5.925705256254258924e-01 2.807679780701911598e-01
1.266615836406610185e-01 5.925704663680652073e-01 2.807679499932473344e-01
1.266616709749480429e-01 5.925704071107164017e-01 2.807679219163091711e-01
1.266617583092176369e-01 5.925703478533793644e-01 2.807678938393765589e-01
1.266618456434697448e-01 5.925702885960542066e-01 2.807678657624496088e-01
1.266619329777043668e-01 5.925702293387409281e-01 2.807678376855282654e-01
1.266620203119215582e-01 5.925701700814395290e-01 2.807678096086125286e-01
1.266621076461212636e-01 5.925701108241498982e-01 2.807677815317023984e-01
1.266621949803034830e-01 5.925700515668721469e-01 2.807677534547979303e-01
1.266622823144682719e-01 5.925699923096062749e-01 2.807677253778990134e-01
1.266623696486155748e-01 5.925699330523522823e-01 2.807676973010057586e-01
1.266624569827454194e-01 5.925698737951100581e-01 2.807676692241181104e-01
1.266625443168577780e-01 5.925698145378797133e-01 2.807676411472360689e-01
1.266626316509526784e-01 5.925697552806612478e-01 2.807676130703596340e-01
1.266627189850301205e-01 5.925696960234546617e-01 2.807675849934888612e-01
1.266628063190901043e-01 5.925696367662598441e-01 2.807675569166236396e-01
1.266628936531326022e-01 5.925695775090769057e-01 2.807675288397640800e-01
1.266629809871576418e-01 5.925695182519058468e-01 2.807675007629101271e-01
1.266630683211651953e-01 5.925694589947465563e-01 2.807674726860617809e-01
1.266631556551553184e-01 5.925693997375992561e-01 2.807674446092190412e-01
1.266632429891279554e-01 5.925693404804637243e-01 2.807674165323819082e-01
1.266633303230831065e-01 5.925692812233400719e-01 2.807673884555504373e-01
1.266634176570208270e-01 5.925692219662281879e-01 2.807673603787245176e-01
1.266635049909410615e-01 5.925691627091282943e-01 2.807673323019042599e-01
1.266635923248438100e-01 5.925691034520401690e-01 2.807673042250896089e-01
1.266636796587291280e-01 5.925690441949638121e-01 2.807672761482805646e-01
1.266637669925969600e-01 5.925689849378994456e-01 2.807672480714771823e-01
1.266638543264473338e-01 5.925689256808468475e-01 2.807672199946793512e-01
1.266639416602802215e-01 5.925688664238061287e-01 2.807671919178871822e-01
1.266640289940956787e-01 5.925688071667772894e-01 2.807671638411005643e-01
1.266641163278936222e-01 5.925687479097603294e-01 2.807671357643196086e-01
1.266642036616741351e-01 5.925686886527551378e-01 2.807671076875442595e-01
1.266642909954371621e-01 5.925686293957618256e-01 2.807670796107745725e-01
1.266643783291827308e-01 5.925685701387803928e-01 2.807670515340104367e-01
1.266644656629108412e-01 5.925685108818108393e-01 2.807670234572519630e-01
1.266645529966214656e-01 5.925684516248530542e-01 2.807669953804990404e-01
1.266646403303146318e-01 5.925683923679071485e-01 2.807669673037517799e-01
1.266647276639903397e-01 5.925683331109731222e-01 2.807669392270101261e-01
1.266648149976485893e-01 5.925682738540508643e-01 2.807669111502740789e-01
1.266649023312893529e-01 5.925682145971405967e-01 2.807668830735436938e-01
1.266649896649126583e-01 5.925681553402420976e-01 2.807668549968188598e-01
1.266650769985184777e-01 5.925680960833553668e-01 2.807668269200996880e-01
1.266651643321068388e-01 5.925680368264806264e-01 2.807667988433861228e-01
1.266652516656777416e-01 5.925679775696176543e-01 2.807667707666781642e-01
1.266653389992311862e-01 5.925679183127665617e-01 2.807667426899758123e-01
1.266654263327671448e-01 5.925678590559273484e-01 2.807667146132790670e-01
1.266655136662856451e-01 5.925677997991000145e-01 2.807666865365879283e-01
1.266656009997866872e-01 5.925677405422844490e-01 2.807666584599024517e-01
1.266656883332702432e-01 5.925676812854807629e-01 2.807666303832225818e-01
1.266657756667363410e-01 5.925676220286889562e-01 2.807666023065483185e-01
1.266658630001849806e-01 5.925675627719089178e-01 2.807665742298796618e-01
1.266659503336161341e-01 5.925675035151408698e-01 2.807665461532166118e-01
1.266660376670298571e-01 5.925674442583845902e-01 2.807665180765591684e-01
1.266661250004260664e-01 5.925673850016400790e-01 2.807664899999073871e-01
