4.230432511266206674e-01 2.982533628737530362e-01 2.787033859930975743e-01
4.230432691558055902e-01 2.982533723818432958e-01 2.787033584558224475e-01
4.230432866849820894e-01 2.982533823899364833e-01 2.787033309185528718e-01
4.230433033808136956e-01 2.982533932313690128e-01 2.787033033812887362e-01
4.230433197433055015e-01 2.982534045728040817e-01 2.787032756773618614e-01
4.230433357724575072e-01 2.982534162475733441e-01 2.787032479734405377e-01
4.230433519682745280e-01 2.982534277556720959e-01 2.787032202695247096e-01
4.230433684974246877e-01 2.982534389304321576e-01 2.787031925656144882e-01
4.230433841932306760e-01 2.982534509385308952e-01 2.787031648617097623e-01
4.230434003890380379e-01 2.982534624466227080e-01 2.787031371578105876e-01
4.230434162515058771e-01 2.982534742880484924e-01 2.787031094539169640e-01
4.230434322806385650e-01 2.982534859628038215e-01 2.787030817500288360e-01
4.230434488097724599e-01 2.982534971375524480e-01 2.787030540461463146e-01
4.230434653389030242e-01 2.982535083122988540e-01 2.787030263422692888e-01
4.230434823680345735e-01 2.982535189870387793e-01 2.787029986383978142e-01
4.230434988971584764e-01 2.982535301617807444e-01 2.787029709345318906e-01
4.230435144262708058e-01 2.982535423365287874e-01 2.787029432306715182e-01
4.230435294553759329e-01 2.982535550112784262e-01 2.787029155268166414e-01
4.230435454844861387e-01 2.982535668526855033e-01 2.787028876562993585e-01
4.230435618469291503e-01 2.982535783607542235e-01 2.787028597857876266e-01
4.230435777093650151e-01 2.982535903688246504e-01 2.787028319152815015e-01
4.230435935717976603e-01 2.982536023768925793e-01 2.787028040447808719e-01
4.230436116009104741e-01 2.982536122182747884e-01 2.787027761742859044e-01
4.230436299633555386e-01 2.982536217263191958e-01 2.787027483037964326e-01
4.230436481591290376e-01 2.982536314010295619e-01 2.787027204333126229e-01
4.230436660215630695e-01 2.982536414090738441e-01 2.787026925628343088e-01
4.230436840506613949e-01 2.982536512504481707e-01 2.787026646923616013e-01
4.230437017464203642e-01 2.982536614251563023e-01 2.787026368218944450e-01
4.230437189421722421e-01 2.982536720998659185e-01 2.787026089514328953e-01
4.230437364712564263e-01 2.982536824412377885e-01 2.787025810809768966e-01
4.230437533336658396e-01 2.982536934492788228e-01 2.787025532105265047e-01
4.230437695294005929e-01 2.982537051239888548e-01 2.787025253400816638e-01
4.230437842251221769e-01 2.982537182987066715e-01 2.787024974696423740e-01
4.230437980875018655e-01 2.982537323067606105e-01 2.787024695992086909e-01
4.230438117832110434e-01 2.982537464814795092e-01 2.787024417287805589e-01
4.230438264789239677e-01 2.982537594895214306e-01 2.787024140250257687e-01
4.230438403412952741e-01 2.982537733308993633e-01 2.787023863212764740e-01
4.230438555370054643e-01 2.982537858389329166e-01 2.787023586175327305e-01
4.230438703993772420e-01 2.982537986802993313e-01 2.787023309137945382e-01
4.230438850950783980e-01 2.982538116883308166e-01 2.787023032100618414e-01
4.230439009574501474e-01 2.982538235296861573e-01 2.787022755063346957e-01
4.230439161531482362e-01 2.982538360377097186e-01 2.787022478026131567e-01
4.230439308488403993e-01 2.982538490457335434e-01 2.787022200988971132e-01
4.230439452111943721e-01 2.982538623870900629e-01 2.787021923951865654e-01
4.230439587402076151e-01 2.982538765617817611e-01 2.787021646914816242e-01
4.230439731025559813e-01 2.982538899031327850e-01 2.787021369877821786e-01
4.230439876315689740e-01 2.982539030778136313e-01 2.787021092840883396e-01
4.230440016605765408e-01 2.982539169191619766e-01 2.787020814137324831e-01
4.230440148562436553e-01 2.982539314271775988e-01 2.787020537100496909e-01
4.230440282185756184e-01 2.982539457685228768e-01 2.787020260063724497e-01
4.230440412475700018e-01 2.982539604432001834e-01 2.787019983027007597e-01
4.230440542765617762e-01 2.982539751178745480e-01 2.787019705990345653e-01
4.230440668055485132e-01 2.982539902925483988e-01 2.787019428953739775e-01
4.230440786678631437e-01 2.982540061338888604e-01 2.787019151917188853e-01
4.230440913635123423e-01 2.982540213085565495e-01 2.787018873214019421e-01
4.230441037258242942e-01 2.982540368165559896e-01 2.787018594510906055e-01
4.230441174214727984e-01 2.982540509912132709e-01 2.787018315807848201e-01
4.230441316171207333e-01 2.982540646658655703e-01 2.787018037104845858e-01
4.230441453127636864e-01 2.982540788405172449e-01 2.787017758401899581e-01
4.230441593417386126e-01 2.982540926818313953e-01 2.787017479699008815e-01
4.230441727040414324e-01 2.982541071898120455e-01 2.787017200996174116e-01
4.230441872330127362e-01 2.982541205311186605e-01 2.787016922293394927e-01
4.230442014286465713e-01 2.982541342057571931e-01 2.787016643590671250e-01
4.230442154576102842e-01 2.982541480470602968e-01 2.787016364888003639e-01
4.230442293199038750e-01 2.982541618883605694e-01 2.787016087852063895e-01
4.230442435155292724e-01 2.982541753963235953e-01 2.787015810816179662e-01
4.230442568778156609e-01 2.982541897376200790e-01 2.787015533780350940e-01
4.230442702400993848e-01 2.982542040789136761e-01 2.787015256744577729e-01
4.230442832690461397e-01 2.982542187535387468e-01 2.787014979708859475e-01
4.230442971313260747e-01 2.982542325948250861e-01 2.787014702673196731e-01
4.230443106602689296e-01 2.982542467694428989e-01 2.787014425637589499e-01
4.230443241892091200e-01 2.982542609440579362e-01 2.787014148602037777e-01
4.230443375514794102e-01 2.982542752853372114e-01 2.787013871566541567e-01
4.230443509137470914e-01 2.982542897932807802e-01 2.787013592864429623e-01
4.230443654426816469e-01 2.982543031345518125e-01 2.787013314162373745e-01
4.230443794716121086e-01 2.982543169758213319e-01 2.787013035460373378e-01
4.230443923338704226e-01 2.982543319837575035e-01 2.787012756758429077e-01
4.230444060294613062e-01 2.982543461583554989e-01 2.787012478056539733e-01
4.230444213917196605e-01 2.982543586662804724e-01 2.787012199354707009e-01
4.230444385873118884e-01 2.982543693408659102e-01 2.787011920652929797e-01
4.230444561162347017e-01 2.982543796821153226e-01 2.787011641951208096e-01
4.230444731451530882e-01 2.982543905233635551e-01 2.787011363249541906e-01
4.230444896740671590e-01 2.982544018646104411e-01 2.787011084547931783e-01
4.230445057029771361e-01 2.982544137058558698e-01 2.787010805846377726e-01
4.230445215652171020e-01 2.982544257137658139e-01 2.787010527144879179e-01
4.230445365941192803e-01 2.982544383883409811e-01 2.787010250110105170e-01
4.230445526230197650e-01 2.982544500629123463e-01 2.787009973075386116e-01
4.230445679852496421e-01 2.982544624041488235e-01 2.787009696040723128e-01
4.230445830141427166e-01 2.982544750787164967e-01 2.787009419006115096e-01
4.230445993763674584e-01 2.982544864199470069e-01 2.787009141971562576e-01
4.230446170719234233e-01 2.982544964278406874e-01 2.787008864937065566e-01
4.230446356008098485e-01 2.982545056023984120e-01 2.787008587902624068e-01
4.230446531296919721e-01 2.982545157769549427e-01 2.787008310868237526e-01
4.230446706585704875e-01 2.982545259515094749e-01 2.787008033833907050e-01
4.230446888541126160e-01 2.982545354593950093e-01 2.787007756799631530e-01
4.230447068829842894e-01 2.982545451339453368e-01 2.787007479765411522e-01
4.230447252451857154e-01 2.982545544751602495e-01 2.787007202731247024e-01
4.230447432740501723e-01 2.982545641497067468e-01 2.787006925697137483e-01
4.230447608029109241e-01 2.982545743242513425e-01 2.787006648663084007e-01
4.230447791651015255e-01 2.982545836654605931e-01 2.787006371629085488e-01
