4.759289435851394301e-01 2.894027745325296608e-01 2.346682818949775429e-01
4.759288978806860415e-01 2.894027455919685465e-01 2.346683565399919902e-01
4.759288520651296372e-01 2.894027166514132610e-01 2.346684312961037078e-01
4.759288060273580978e-01 2.894026877108638041e-01 2.346685062744248151e-01
4.759287601007078372e-01 2.894026587703200648e-01 2.346685811416187595e-01
4.759287143962910860e-01 2.894026298297821542e-01 2.346686557865734213e-01
4.759286684696591996e-01 2.894026008892500168e-01 2.346687306537374451e-01
4.759286225430364725e-01 2.894025719487237081e-01 2.346688055208865087e-01
4.759285766164229603e-01 2.894025430082031169e-01 2.346688803880205842e-01
4.759285306898186074e-01 2.894025140676883545e-01 2.346689552551396718e-01
4.759284847632234694e-01 2.894024851271794208e-01 2.346690301222437991e-01
4.759284387255254822e-01 2.894024561866762046e-01 2.346691051004450579e-01
4.759283924656124709e-01 2.894024272461788172e-01 2.346691803008554844e-01
4.759283460945966659e-01 2.894023984167992669e-01 2.346692555012508397e-01
4.759282996124780674e-01 2.894023695874254898e-01 2.346693308127432431e-01
4.759282532414808031e-01 2.894023407580574858e-01 2.346694060131085391e-01
4.759282069816048732e-01 2.894023118175831910e-01 2.346694812134587638e-01
4.759281608328502222e-01 2.894022828771147249e-01 2.346695563026819364e-01
4.759281146841047305e-01 2.894022539366519764e-01 2.346696313918900934e-01
4.759280686464805732e-01 2.894022249961950566e-01 2.346697063699712538e-01
4.759280224977535667e-01 2.894021960557439654e-01 2.346697814591493791e-01
4.759279763490357751e-01 2.894021671152985919e-01 2.346698565483124888e-01
4.759279300892153008e-01 2.894021381748590471e-01 2.346699317485725633e-01
4.759278837182920885e-01 2.894021092344252755e-01 2.346700070599295473e-01
4.759278372362662490e-01 2.894020802939973325e-01 2.346700824823834131e-01
4.759277909764735859e-01 2.894020514646870601e-01 2.346701575714864041e-01
4.759277447166901376e-01 2.894020226353825609e-01 2.346702326605743516e-01
4.759276985680278571e-01 2.894019938060838348e-01 2.346703076385353859e-01
4.759276524193747360e-01 2.894019649767908819e-01 2.346703826164814322e-01
4.759276061596190432e-01 2.894019361475037022e-01 2.346704577055243601e-01
4.759275596776488815e-01 2.894019073182222956e-01 2.346705330167760117e-01
4.759275133067997765e-01 2.894018784889466067e-01 2.346706082169007501e-01
4.759274670470718949e-01 2.894018496596767465e-01 2.346706833058986030e-01
4.759274206762413306e-01 2.894018208304126039e-01 2.346707585059932821e-01
4.759273743054200367e-01 2.894017920011542344e-01 2.346708337060729177e-01
4.759273279346080687e-01 2.894017631719016381e-01 2.346709089061374820e-01
4.759272815638053156e-01 2.894017344537666570e-01 2.346709839950752441e-01
4.759272350819001018e-01 2.894017057356373934e-01 2.346710591951097491e-01
4.759271886000042140e-01 2.894016770175138475e-01 2.346711343951292383e-01
4.759271421181175965e-01 2.894016482993960748e-01 2.346712095951336841e-01
4.759270957473519803e-01 2.894016194701722333e-01 2.346712847951230863e-01
4.759270494877074764e-01 2.894015906409542205e-01 2.346713598839856862e-01
4.759270031169604565e-01 2.894015619228537117e-01 2.346714349728332705e-01
4.759269566351109759e-01 2.894015332047589206e-01 2.346715101727775699e-01
4.759269102643824412e-01 2.894015044866698472e-01 2.346715852615950948e-01
4.759268636714398260e-01 2.894014757685865469e-01 2.346716605726210658e-01
4.759268171896182120e-01 2.894014470505090197e-01 2.346717357725202346e-01
4.759267708189175994e-01 2.894014183324372103e-01 2.346718108612926845e-01
4.759267244482262016e-01 2.894013896143711184e-01 2.346718859500501186e-01
4.759266781886558606e-01 2.894013608963107997e-01 2.346719609276808616e-01
4.759266319290947345e-01 2.894013321782561987e-01 2.346720359052966165e-01
4.759265856695428232e-01 2.894013035713190463e-01 2.346721107717857357e-01
4.759265395211118022e-01 2.894012749643875559e-01 2.346721855271482193e-01
4.759264932615784316e-01 2.894012464685734587e-01 2.346722602824957704e-01
4.759264472242775157e-01 2.894012179727650236e-01 2.346723348156051492e-01
4.759264010758741947e-01 2.894011895880738705e-01 2.346724093486995955e-01
4.759263549274800886e-01 2.894011612033884351e-01 2.346724838817791647e-01
4.759263086679836885e-01 2.894011328187086618e-01 2.346725585259553937e-01
4.759262624084965032e-01 2.894011045451461706e-01 2.346726330590051257e-01
4.759262161490185883e-01 2.894010762715892859e-01 2.346727075920399530e-01
4.759261698895499437e-01 2.894010479980380635e-01 2.346727821250598756e-01
4.759261235189789496e-01 2.894010196133809942e-01 2.346728568802879389e-01
4.759260771484172259e-01 2.894009912287295871e-01 2.346729316355010697e-01
4.759260308889763369e-01 2.894009628440838422e-01 2.346730062795877592e-01
4.759259846295447183e-01 2.894009345705552683e-01 2.346730808125479795e-01
4.759259383701223145e-01 2.894009062970323565e-01 2.346731553454933228e-01
4.759258922218206345e-01 2.894008782457380691e-01 2.346732295450892902e-01
4.759258462957510760e-01 2.894008501944493883e-01 2.346733035224475017e-01
4.759258005919136947e-01 2.894008223653892209e-01 2.346733770553451059e-01
4.759257549991968150e-01 2.894007945363346046e-01 2.346734504771165741e-01
4.759257095176004926e-01 2.894007668183969373e-01 2.346735236766504806e-01
4.759256644804590319e-01 2.894007388782420254e-01 2.346735966539469087e-01
4.759256194433265641e-01 2.894007110492040624e-01 2.346736695201173117e-01
4.759255741839802933e-01 2.894006832201717061e-01 2.346737426084959666e-01
4.759255289246430709e-01 2.894006555022562988e-01 2.346738155857485963e-01
4.759254838875376370e-01 2.894006277843464425e-01 2.346738883407638865e-01
4.759254385171070578e-01 2.894006000664420819e-01 2.346739614290987153e-01
4.759253933689083227e-01 2.894005723485433279e-01 2.346740342951962044e-01
4.759253481096072935e-01 2.894005444084273848e-01 2.346741074946131766e-01
4.759253028503153127e-01 2.894005163572057615e-01 2.346741808051268363e-01
4.759252575910323801e-01 2.894004883059897448e-01 2.346742541156258410e-01
4.759252121095358667e-01 2.894004601436679924e-01 2.346743277594441346e-01
4.759251666280484572e-01 2.894004319813519022e-01 2.346744014032476899e-01
4.759251209243475222e-01 2.894004038190414740e-01 2.346744752692590530e-01
4.759250751095445153e-01 2.894003757678478839e-01 2.346745491352556223e-01
4.759250290725281496e-01 2.894003477166599558e-01 2.346746232234599716e-01
4.759249831466322300e-01 2.894003196654776344e-01 2.346746972005382681e-01
4.759249375540791638e-01 2.894002915031896883e-01 2.346747709553792527e-01
4.759248919615352014e-01 2.894002633409073488e-01 2.346748447102054713e-01
4.759248463690003428e-01 2.894002351786306715e-01 2.346749184650169795e-01
4.759248005542522919e-01 2.894002070163596008e-01 2.346749924420361288e-01
4.759247548506245762e-01 2.894001788540941367e-01 2.346750663079292809e-01
4.759247092581171401e-01 2.894001506918343347e-01 2.346751400626964912e-01
4.759246636656188079e-01 2.894001226406913707e-01 2.346752137063378152e-01
4.759246180731295794e-01 2.894000947006650781e-01 2.346752872388532252e-01
4.759245724806495104e-01 2.894000667606444477e-01 2.346753607713539247e-01
4.759245268881785451e-01 2.894000388206293684e-01 2.346754343038399415e-01
4.759244814068278595e-01 2.894000107695087753e-01 2.346755078363112201e-01
4.759244360365973980e-01 2.893999827183937890e-01 2.346755812576566957e-01
4.759243904441537443e-01 2.893999546672844092e-01 2.346756549012097015e-01
