4.236948505792135777e-01 4.628401797430301001e-01 1.134649696727171447e-01
4.236948574597959039e-01 4.628401842090559271e-01 1.134649583261089778e-01
4.236948663403963256e-01 4.628401866750613824e-01 1.134649469795030868e-01
4.236948733459769967e-01 4.628401908910831919e-01 1.134649357579006618e-01
4.236948806015585767e-01 4.628401943570970012e-01 1.134649250363052309e-01
4.236948864821257765e-01 4.628401994481254333e-01 1.134649140647095850e-01
4.236948899876697427e-01 4.628402072891783514e-01 1.134649027181126590e-01
4.236948936182141634e-01 4.628402150052286501e-01 1.134648913715179952e-01
4.236948969987555103e-01 4.628402229712796911e-01 1.134648800249256073e-01
4.236949016293074521e-01 4.628402296873178612e-01 1.134648686783354815e-01
4.236949072598674704e-01 4.628402354033456789e-01 1.134648573317476317e-01
4.236949131404284530e-01 4.628402407443691913e-01 1.134648461101631506e-01
4.236949182709817685e-01 4.628402468353980947e-01 1.134648348885809038e-01
4.236949226515276390e-01 4.628402538014332879e-01 1.134648235419998402e-01
4.236949254070587756e-01 4.628402623924809389e-01 1.134648121954210387e-01
4.236949262875736588e-01 4.628402727335415578e-01 1.134648009738455504e-01
4.236949262930810312e-01 4.628402838246064022e-01 1.134647898772733476e-01
4.236949276735997305e-01 4.628402935406576435e-01 1.134647787807033653e-01
4.236949274291049727e-01 4.628403050067211311e-01 1.134647675591345939e-01
4.236949294346282202e-01 4.628403143477654025e-01 1.134647562125670611e-01
4.236949298151383436e-01 4.628403253138205775e-01 1.134647448660018043e-01
4.236949308206531817e-01 4.628403355298677524e-01 1.134647336444397914e-01
4.236949325761736329e-01 4.628403451209080477e-01 1.134647222978790448e-01
4.236949345816955481e-01 4.628403544619445475e-01 1.134647109513205882e-01
4.236949378372265040e-01 4.628403624279688877e-01 1.134646997297653337e-01
4.236949367177244019e-01 4.628403748940249640e-01 1.134646883832113873e-01
4.236949333482060709e-01 4.628403896100949377e-01 1.134646770366597168e-01
4.236949314786992993e-01 4.628404027011502331e-01 1.134646658151112208e-01
4.236949314842062275e-01 4.628404139171896081e-01 1.134646545935649592e-01
4.236949313647122572e-01 4.628404251332267627e-01 1.134646434970218165e-01
4.236949349952441879e-01 4.628404328492374820e-01 1.134646321504791805e-01
4.236949403757872545e-01 4.628404388152347337e-01 1.134646208039388066e-01
4.236949462563326385e-01 4.628404442812275033e-01 1.134646094574007086e-01
4.236949537618875383e-01 4.628404481222083700e-01 1.134645981108648727e-01
4.236949592674279508e-01 4.628404539632015591e-01 1.134645867643313127e-01
4.236949665229784445e-01 4.628404579291816034e-01 1.134645755428008163e-01
4.236949741535298575e-01 4.628404616451592402e-01 1.134645641962717805e-01
4.236949841590944565e-01 4.628404627361197843e-01 1.134645530997465540e-01
4.236949939146555932e-01 4.628404639520808939e-01 1.134645421282243077e-01
4.236950049202222734e-01 4.628404639180343505e-01 1.134645311567042542e-01
4.236950156757852137e-01 4.628404640089884836e-01 1.134645203101871391e-01
4.236950259313431721e-01 4.628404648499470087e-01 1.134645092136707389e-01
4.236950393119168212e-01 4.628404623158861031e-01 1.134644983671579815e-01
4.236950543174969885e-01 4.628404582818173019e-01 1.134644873956466987e-01
4.236950714480857139e-01 4.628404522477382876e-01 1.134644762991369182e-01
4.236950857036556051e-01 4.628404493386773511e-01 1.134644649526280191e-01
4.236951022092345087e-01 4.628404440546043941e-01 1.134644537311220447e-01
4.236951165897990812e-01 4.628404410205442243e-01 1.134644423846176697e-01
4.236951320953665223e-01 4.628404368614789099e-01 1.134644310381155707e-01
4.236951483509345251e-01 4.628404319524107025e-01 1.134644196916157338e-01
4.236951659815060833e-01 4.628404255433360426e-01 1.134644084701187799e-01
4.236951822370674803e-01 4.628404206342699445e-01 1.134643971236234672e-01
4.236952028676461701e-01 4.628404112251837121e-01 1.134643859021310097e-01
4.236952243732248213e-01 4.628404009410952979e-01 1.134643746806408005e-01
4.236952488788126581e-01 4.628403874069942914e-01 1.134643637091539425e-01
4.236952746344011533e-01 4.628403727478910823e-01 1.134643526126687535e-01
4.236953026399941646e-01 4.628403559637815912e-01 1.134643413911852333e-01
4.236953316455857044e-01 4.628403381796713512e-01 1.134643301697039613e-01
4.236953595261668259e-01 4.628403213955686879e-01 1.134643190732254475e-01
4.236953876567434163e-01 4.628403041114674266e-01 1.134643082267501324e-01
4.236954175373212061e-01 4.628402847023612710e-01 1.134642977552784843e-01
4.236954472928925464e-01 4.628402652932590566e-01 1.134642874088093861e-01
4.236954757984532915e-01 4.628402468841643635e-01 1.134642773123432785e-01
4.236955033040047947e-01 4.628402296000774796e-01 1.134642670908787565e-01
4.236955266845362500e-01 4.628402161910076251e-01 1.134642571194171418e-01
4.236955506900652590e-01 4.628402025319395263e-01 1.134642467729562454e-01
4.236955739455869341e-01 4.628401896228767076e-01 1.134642364264974307e-01
4.236955993261107833e-01 4.628401740888080651e-01 1.134642265800422656e-01
4.236956249566302679e-01 4.628401579297404811e-01 1.134642171085902540e-01
4.236956492121405349e-01 4.628401435206814241e-01 1.134642072621389886e-01
4.236956745926492296e-01 4.628401276116209662e-01 1.134641977906908072e-01
4.236957010981559635e-01 4.628401103275597839e-01 1.134641885692452001e-01
4.236957278536581106e-01 4.628400934185031290e-01 1.134641787227997495e-01
4.236957532341513177e-01 4.628400781344539916e-01 1.134641686263556243e-01
4.236957799896429178e-01 4.628400612254039426e-01 1.134641587799141288e-01
4.236958076201312595e-01 4.628400438163560726e-01 1.134641485584737264e-01
4.236958353756142825e-01 4.628400262823113009e-01 1.134641383370353501e-01
4.236958628810913452e-01 4.628400087482700820e-01 1.134641283655995758e-01
4.236958913865649379e-01 4.628399904642308549e-01 1.134641181441652796e-01
4.236959207670345506e-01 4.628399713051934983e-01 1.134641079227330096e-01
4.236959536475050081e-01 4.628399488961537633e-01 1.134640974513023287e-01
4.236959846529654294e-01 4.628399282371216117e-01 1.134640871048739619e-01
4.236960145334177641e-01 4.628399087030956038e-01 1.134640767584476628e-01
4.236960431638621127e-01 4.628398906690758263e-01 1.134640661620230362e-01
4.236960729193024466e-01 4.628398715100580652e-01 1.134640555656005328e-01
4.236961007997341877e-01 4.628398543510468532e-01 1.134640448441799759e-01
4.236961278051591395e-01 4.628398381920403870e-01 1.134640339977613793e-01
4.236961559355801321e-01 4.628398210330359475e-01 1.134640230263448124e-01
4.236961845659960590e-01 4.628398033740344086e-01 1.134640120549304243e-01
4.236962133214063342e-01 4.628397858400364884e-01 1.134640008335180000e-01
4.236962387018078369e-01 4.628397715560451098e-01 1.134639897371079315e-01
4.236962647072047838e-01 4.628397562720556468e-01 1.134639790157003780e-01
4.236962907125964573e-01 4.628397413630696011e-01 1.134639679192947087e-01
4.236963193429845731e-01 4.628397239540850139e-01 1.134639566978911801e-01
4.236963494733677060e-01 4.628397047951030574e-01 1.134639457264900175e-01
4.236963772287438146e-01 4.628396878861258390e-01 1.134639348800910996e-01
4.236964029841138735e-01 4.628396732271526925e-01 1.134639237836942705e-01
4.236964299894789288e-01 4.628396573181821627e-01 1.134639126872996756e-01
4.236964584948388346e-01 4.628396399092147284e-01 1.134639015909072873e-01
4.236964868751929014e-01 4.628396225002507913e-01 1.134638906195171160e-01
