1.682570057444858214e-01 5.190745988385293552e-01 3.126683954170768054e-01
1.682569889186203704e-01 5.190745469305607651e-01 3.126684641509108742e-01
1.682569720927582502e-01 5.190744950226025001e-01 3.126685328847311762e-01
1.682569552668995161e-01 5.190744431146546711e-01 3.126686016185377115e-01
1.682569384410441404e-01 5.190743912067172783e-01 3.126686703523305355e-01
1.682569216151921510e-01 5.190743392987902105e-01 3.126687390861095928e-01
1.682569047893434921e-01 5.190742873908735788e-01 3.126688078198749388e-01
1.682568879634982195e-01 5.190742354829672722e-01 3.126688765536264625e-01
1.682568711376563053e-01 5.190741835750712907e-01 3.126689452873643305e-01
1.682568543118177495e-01 5.190741316671858563e-01 3.126690140210883762e-01
1.682568374859825799e-01 5.190740797593106359e-01 3.126690827547987106e-01
1.682568206601507688e-01 5.190740278514458517e-01 3.126691514884952783e-01
1.682568038343223160e-01 5.190739759435915035e-01 3.126692202221781347e-01
1.682567870084972217e-01 5.190739240357474804e-01 3.126692889558472244e-01
1.682567701826755135e-01 5.190738721279138934e-01 3.126693576895025473e-01
1.682567533568571638e-01 5.190738202200906315e-01 3.126694264231441589e-01
1.682567365310421725e-01 5.190737683122778057e-01 3.126694951567720038e-01
1.682567197052305397e-01 5.190737164044753049e-01 3.126695638903860819e-01
1.682567028794222652e-01 5.190736644966832403e-01 3.126696326239864487e-01
1.682566860536173770e-01 5.190736125889015007e-01 3.126697013575730488e-01
1.682566692278158471e-01 5.190735606811301972e-01 3.126697700911458822e-01
1.682566524020177035e-01 5.190735087733692188e-01 3.126698388247050042e-01
1.682566355762228905e-01 5.190734568656186765e-01 3.126699075582503595e-01
1.682566187504314636e-01 5.190734049578784592e-01 3.126699762917820036e-01
1.682566019246433953e-01 5.190733530501486781e-01 3.126700450252998809e-01
1.682565850988586853e-01 5.190733011424292220e-01 3.126701137588039914e-01
1.682565682730773615e-01 5.190732492347202021e-01 3.126701824922943906e-01
1.682565514472993684e-01 5.190731973270215072e-01 3.126702512257710231e-01
1.682565346215247615e-01 5.190731454193332484e-01 3.126703199592338889e-01
1.682565177957535130e-01 5.190730935116554257e-01 3.126703886926830434e-01
1.682565009699856506e-01 5.190730416039878170e-01 3.126704574261184311e-01
1.682564841442211467e-01 5.190729896963307555e-01 3.126705261595400520e-01
1.682564673184600013e-01 5.190729377886840190e-01 3.126705948929479617e-01
1.682564504927022142e-01 5.190728858810476076e-01 3.126706636263421046e-01
1.682564336669477856e-01 5.190728339734216323e-01 3.126707323597225363e-01
1.682564168411967431e-01 5.190727820658059821e-01 3.126708010930892012e-01
1.682564000154490591e-01 5.190727301582007680e-01 3.126708698264420994e-01
1.682563831897047335e-01 5.190726782506059900e-01 3.126709385597812862e-01
1.682563663639637663e-01 5.190726263430215370e-01 3.126710072931066509e-01
1.682563495382261853e-01 5.190725744354474092e-01 3.126710760264183597e-01
1.682563327124919628e-01 5.190725225278837174e-01 3.126711447597162463e-01
1.682563158867610986e-01 5.190724706203303507e-01 3.126712134930004217e-01
1.682562990610335929e-01 5.190724187127874201e-01 3.126712822262708857e-01
1.682562822353094734e-01 5.190723668052549256e-01 3.126713509595275831e-01
1.682562654095887122e-01 5.190723148977327561e-01 3.126714196927705136e-01
1.682562485838713096e-01 5.190722629902209118e-01 3.126714884259996774e-01
1.682562317581572653e-01 5.190722110827195035e-01 3.126715571592151299e-01
1.682562149324466072e-01 5.190721591752285313e-01 3.126716258924168157e-01
1.682561981067393075e-01 5.190721072677478842e-01 3.126716946256047902e-01
1.682561812810353663e-01 5.190720553602775622e-01 3.126717633587789980e-01
1.682561644553347835e-01 5.190720034528176763e-01 3.126718320919394389e-01
1.682561476296375869e-01 5.190719515453682265e-01 3.126719008250861687e-01
1.682561308039437209e-01 5.190718996379291017e-01 3.126719695582191316e-01
1.682561139782532689e-01 5.190718477305004130e-01 3.126720382913383278e-01
1.682560971525661475e-01 5.190717958230820495e-01 3.126721070244438128e-01
1.682560803268823846e-01 5.190717439156740109e-01 3.126721757575355309e-01
1.682560635012020078e-01 5.190716920082764085e-01 3.126722444906134823e-01
1.682560466755249895e-01 5.190716401008892422e-01 3.126723132236777225e-01
1.682560298498513296e-01 5.190715881935124010e-01 3.126723819567281959e-01
1.682560130241810559e-01 5.190715362861459958e-01 3.126724506897649580e-01
1.682559961985141406e-01 5.190714843787899158e-01 3.126725194227879534e-01
1.682559793728505837e-01 5.190714324714441608e-01 3.126725881557971820e-01
1.682559625471903852e-01 5.190713805641088419e-01 3.126726568887926994e-01
1.682559457215335452e-01 5.190713286567839591e-01 3.126727256217744499e-01
1.682559288958800914e-01 5.190712767494694013e-01 3.126727943547424338e-01
1.682559120702299960e-01 5.190712248421652797e-01 3.126728630876967063e-01
1.682558952445832590e-01 5.190711729348714831e-01 3.126729318206372121e-01
1.682558784189399081e-01 5.190711210275881227e-01 3.126730005535639512e-01
1.682558615932998880e-01 5.190710691203150873e-01 3.126730692864769789e-01
1.682558447676632540e-01 5.190710172130524880e-01 3.126731380193762400e-01
1.682558279420299785e-01 5.190709653058002138e-01 3.126732067522617897e-01
1.682558111164000891e-01 5.190709133985582646e-01 3.126732754851335727e-01
1.682557942907735304e-01 5.190708614913268626e-01 3.126733442179915889e-01
1.682557774651503579e-01 5.190708095841056746e-01 3.126734129508358384e-01
1.682557606395305438e-01 5.190707576768950338e-01 3.126734816836663766e-01
1.682557438139141159e-01 5.190707057696946070e-01 3.126735504164832036e-01
1.682557269883010187e-01 5.190706538625047273e-01 3.126736191492862083e-01
1.682557101626913076e-01 5.190706019553250616e-01 3.126736878820755017e-01
1.682556933370849550e-01 5.190705500481559431e-01 3.126737566148510838e-01
1.682556765114819886e-01 5.190704981409970387e-01 3.126738253476128993e-01
1.682556596858823528e-01 5.190704462338486813e-01 3.126738940803609479e-01
1.682556428602861032e-01 5.190703943267105380e-01 3.126739628130952298e-01
1.682556260346932120e-01 5.190703424195829419e-01 3.126740315458158004e-01
1.682556092091036792e-01 5.190702905124656708e-01 3.126741002785226597e-01
1.682555923835175327e-01 5.190702386053587247e-01 3.126741690112156968e-01
1.682555755579347445e-01 5.190701866982622148e-01 3.126742377438950227e-01
1.682555587323553148e-01 5.190701347911760299e-01 3.126743064765605817e-01
1.682555419067792435e-01 5.190700828841002812e-01 3.126743752092124295e-01
1.682555250812065584e-01 5.190700309770348575e-01 3.126744439418505106e-01
1.682555082556372039e-01 5.190699790699798699e-01 3.126745126744748804e-01
1.682554914300712356e-01 5.190699271629352074e-01 3.126745814070854279e-01
1.682554746045086258e-01 5.190698752559009810e-01 3.126746501396823197e-01
1.682554577789494021e-01 5.190698233488771907e-01 3.126747188722653892e-01
1.682554409533935369e-01 5.190697714418636144e-01 3.126747876048347474e-01
1.682554241278410301e-01 5.190697195348605852e-01 3.126748563373903389e-01
1.682554073022918817e-01 5.190696676278678812e-01 3.126749250699322191e-01
1.682553904767460917e-01 5.190696157208855022e-01 3.126749938024603326e-01
1.682553736512036879e-01 5.190695638139135593e-01 3.126750625349746793e-01
1.682553568256646426e-01 5.190695119069519414e-01 3.126751312674753147e-01
1.682553400001289556e-01 5.190694600000007597e-01 3.126751999999621834e-01
