3.761801481791040014e-01 3.225887133732427414e-01 3.012311384298994033e-01
3.761801743113453167e-01 3.225887173644104711e-01 3.012311083064903583e-01
3.761802014435911001e-01 3.225887203555677929e-01 3.012310781830873085e-01
3.761802290758362033e-01 3.225887228467196888e-01 3.012310480596903095e-01
3.761802562080710510e-01 3.225887258378757894e-01 3.012310179362993612e-01
3.761802830902981065e-01 3.225887290790336870e-01 3.012309878129144081e-01
3.761803097225174808e-01 3.225887325701932151e-01 3.012309576895354502e-01
3.761803356047245805e-01 3.225887368113590226e-01 3.012309275661625430e-01
3.761803619869311111e-01 3.225887405525193485e-01 3.012308974427956865e-01
3.761803881191301269e-01 3.225887445436811940e-01 3.012308673194348252e-01
3.761804137513194424e-01 3.225887490348467446e-01 3.012308371960800146e-01
3.761804406335146345e-01 3.225887522760003678e-01 3.012308070727311993e-01
3.761804672657022564e-01 3.225887557671555106e-01 3.012307769493883791e-01
3.761804926478738431e-01 3.225887605083206933e-01 3.012307468260516652e-01
3.761805175300360626e-01 3.225887657494891925e-01 3.012307167027209465e-01
3.761805414121849322e-01 3.225887719906650464e-01 3.012306865793962229e-01
3.761805657943331771e-01 3.225887777318354743e-01 3.012306564560775501e-01
3.761805894264703687e-01 3.225887839730088857e-01 3.012306265827669471e-01
3.761806135586069355e-01 3.225887897141769822e-01 3.012305967094622838e-01
3.761806386907465827e-01 3.225887944553359477e-01 3.012305668361636157e-01
3.761806630728753431e-01 3.225887996964978965e-01 3.012305372128729064e-01
3.761806869549953469e-01 3.225888059376665895e-01 3.012305070895842096e-01
3.761807103371067051e-01 3.225888126788378774e-01 3.012304769663015636e-01
3.761807329692076762e-01 3.225888201700135571e-01 3.012304468430249127e-01
3.761807558513060035e-01 3.225888274111858300e-01 3.012304167197543125e-01
3.761807782333960182e-01 3.225888351523603648e-01 3.012303865964897076e-01
3.761807996154742928e-01 3.225888438935406999e-01 3.012303564732311534e-01
3.761808212475500346e-01 3.225888523847174616e-01 3.012303263499786499e-01
3.761808428796215020e-01 3.225888608758925580e-01 3.012302962267321416e-01
3.761808647616903811e-01 3.225888691170641365e-01 3.012302661034916285e-01
3.761808858937497058e-01 3.225888781082392742e-01 3.012302359802571661e-01
3.761809067758031255e-01 3.225888873494142661e-01 3.012302058570287544e-01
3.761809284078573845e-01 3.225888958405824791e-01 3.012301757338063379e-01
3.761809502899089996e-01 3.225889040817472297e-01 3.012301456105899722e-01
3.761809716719529129e-01 3.225889128229136871e-01 3.012301154873796016e-01
3.761809920539861962e-01 3.225889225640847235e-01 3.012300853641752263e-01
3.761810116860106468e-01 3.225889330552585976e-01 3.012300552409769572e-01
3.761810305680265420e-01 3.225889442964349763e-01 3.012300251177846278e-01
3.761810489500356236e-01 3.225889560376121734e-01 3.012299949945984046e-01
3.761810660820334995e-01 3.225889690287945255e-01 3.012299648714181211e-01
3.761810829640265252e-01 3.225889822699757326e-01 3.012299347482439438e-01
3.761810998460161093e-01 3.225889955111543306e-01 3.012299046250757617e-01
3.761811174780066436e-01 3.225890080023259832e-01 3.012298745019135748e-01
3.761811341099880468e-01 3.225890214935007161e-01 3.012298443787574387e-01
3.761811512419688253e-01 3.225890344846700231e-01 3.012298142556072977e-01
3.761811678739435116e-01 3.225890477258380740e-01 3.012297843824645605e-01
3.761811837559109195e-01 3.225890617170074637e-01 3.012297545093278184e-01
3.761811983878686205e-01 3.225890769581805650e-01 3.012297246361970160e-01
3.761812137698272163e-01 3.225890914493467210e-01 3.012296947630722088e-01
3.761812281517777357e-01 3.225891069405150691e-01 3.012296648899533413e-01
3.761812425337254240e-01 3.225891226816814950e-01 3.012296347668392271e-01
3.761812566656689838e-01 3.225891386728459986e-01 3.012296046437311636e-01
3.761812702976074507e-01 3.225891551640096000e-01 3.012295745206291508e-01
3.761812844295454039e-01 3.225891711551676089e-01 3.012295443975331333e-01
3.761812985614805815e-01 3.225891871463224536e-01 3.012295142744431109e-01
3.761813129434140035e-01 3.225892028874730033e-01 3.012294841513591392e-01
3.761813280753477651e-01 3.225892178786172182e-01 3.012294540282812183e-01
3.761813437072806243e-01 3.225892323697562292e-01 3.012294239052092926e-01
3.761813585892072598e-01 3.225892476108955242e-01 3.012293937821434175e-01
3.761813732211299333e-01 3.225892631020327306e-01 3.012293636590835377e-01
3.761813883530515934e-01 3.225892780931648995e-01 3.012293335360297086e-01
3.761814042349731491e-01 3.225892923342911778e-01 3.012293034129818747e-01
3.761814196168896118e-01 3.225893070754164982e-01 3.012292732899400360e-01
3.761814344988012038e-01 3.225893223165406942e-01 3.012292431669043036e-01
3.761814491307089448e-01 3.225893378076626905e-01 3.012292130438745663e-01
3.761814635126129458e-01 3.225893535487824315e-01 3.012291829208508243e-01
3.761814783945157115e-01 3.225893687898973572e-01 3.012291527978331329e-01
3.761814935264162774e-01 3.225893837810084874e-01 3.012291226748214368e-01
3.761815081583122500e-01 3.225893992721181047e-01 3.012290925518157914e-01
3.761815225402045937e-01 3.225894150132254112e-01 3.012290624288161967e-01
3.761815369220940508e-01 3.225894307543295536e-01 3.012290323058225971e-01
3.761815510539799345e-01 3.225894467454312742e-01 3.012290021828349929e-01
3.761815651858629872e-01 3.225894627365297196e-01 3.012289720598534393e-01
3.761815800677451582e-01 3.225894779776231069e-01 3.012289419368779364e-01
3.761815941996224932e-01 3.225894939687152796e-01 3.012289118139084287e-01
3.761816085814975730e-01 3.225895097098036568e-01 3.012288816909449718e-01
3.761816234633709732e-01 3.225895249508877738e-01 3.012288515679875101e-01
3.761816383452413204e-01 3.225895399419682619e-01 3.012288216950366193e-01
3.761816534771092457e-01 3.225895546830452321e-01 3.012287918220917238e-01
3.761816681089731884e-01 3.225895699241202452e-01 3.012287619491527679e-01
3.761816824908336687e-01 3.225895854151927256e-01 3.012287320762198073e-01
3.761816968726913180e-01 3.225896009062620418e-01 3.012287022032928419e-01
3.761817107545452621e-01 3.225896168973291234e-01 3.012286723303718161e-01
3.761817256363980122e-01 3.225896318883914593e-01 3.012286424574567856e-01
3.761817402682473555e-01 3.225896471294511514e-01 3.012286125845477502e-01
3.761817564000959346e-01 3.225896608705056678e-01 3.012285827116446546e-01
3.761817730319418907e-01 3.225896741115567568e-01 3.012285528387474987e-01
3.761817889137836768e-01 3.225896881026061314e-01 3.012285229658563934e-01
3.761818055456230825e-01 3.225897013436518912e-01 3.012284930929712279e-01
3.761818221774591575e-01 3.225897145846950420e-01 3.012284632200920576e-01
3.761818393092923318e-01 3.225897273257350428e-01 3.012284333472188269e-01
3.761818559411217455e-01 3.225897405667729201e-01 3.012284034743515915e-01
3.761818728229479603e-01 3.225897535578079456e-01 3.012283736014902957e-01
3.761818897047707888e-01 3.225897665488404176e-01 3.012283437286350507e-01
3.761819070865904946e-01 3.225897790398700171e-01 3.012283138557857454e-01
3.761819257184071952e-01 3.225897902808965712e-01 3.012282839829423797e-01
3.761819453502205368e-01 3.225898007719207317e-01 3.012282538601049331e-01
3.761819639820296879e-01 3.225898122629429765e-01 3.012282237372735372e-01
3.761819816138350925e-01 3.225898247539629726e-01 3.012281936144481365e-01
3.761820004956369368e-01 3.225898359949804783e-01 3.012281634916287865e-01
