3.397597328212075829e-01 5.013118383873037542e-01 1.589284287932642425e-01
3.397597002449150305e-01 5.013118868565948905e-01 1.589284129002656309e-01
3.397596666686193423e-01 5.013119363258861094e-01 1.589283970072701835e-01
3.397596328923284115e-01 5.013119859951692403e-01 1.589283811142779002e-01
3.397595991160442530e-01 5.013120356644424902e-01 1.589283652212888087e-01
3.397595653397668114e-01 5.013120853337057481e-01 1.589283493283028814e-01
3.397595319634998945e-01 5.013121346029554282e-01 1.589283334353201460e-01
3.397594991872451842e-01 5.013121832721897375e-01 1.589283175423406025e-01
3.397594666109988171e-01 5.013122317414123730e-01 1.589283016493641953e-01
3.397594346347643235e-01 5.013122796106200818e-01 1.589282857563910079e-01
3.397594028585380621e-01 5.013123272798164498e-01 1.589282698634209845e-01
3.397593704823128613e-01 5.013123755490084266e-01 1.589282539704541530e-01
3.397593379060923624e-01 5.013124240181925373e-01 1.589282380774904857e-01
3.397593049298749945e-01 5.013124728873704639e-01 1.589282221845299825e-01
3.397592719536641770e-01 5.013125217565385094e-01 1.589282062915726712e-01
3.397592391774616472e-01 5.013125704256952142e-01 1.589281903986185518e-01
3.397592062012640413e-01 5.013126192948438309e-01 1.589281745056675965e-01
3.397591732250729857e-01 5.013126681639825666e-01 1.589281586127198331e-01
3.397591402488885359e-01 5.013127170331116433e-01 1.589281427197752339e-01
3.397591070727090656e-01 5.013127661022324100e-01 1.589281268268338265e-01
3.397590738965362567e-01 5.013128149713419468e-01 1.589281111338971542e-01
3.397590411203732508e-01 5.013128636404400318e-01 1.589280952409620751e-01
3.397590081442151688e-01 5.013129125095300287e-01 1.589280793480301879e-01
3.397589757680682943e-01 5.013129607786056541e-01 1.589280634551014648e-01
3.397589439919324050e-01 5.013130084476670190e-01 1.589280475621759336e-01
3.397589126158058193e-01 5.013130557167160273e-01 1.589280316692535666e-01
3.397588816396884259e-01 5.013131025857525680e-01 1.589280157763343637e-01
3.397588522635887620e-01 5.013131478547682152e-01 1.589279998834183805e-01
3.397588212874835811e-01 5.013131947237862152e-01 1.589279839905055336e-01
3.397587903113845620e-01 5.013132415927947783e-01 1.589279680975958786e-01
3.397587589352890625e-01 5.013132888617968241e-01 1.589279522046894155e-01
3.397587277592011845e-01 5.013133359307880843e-01 1.589279363117861166e-01
3.397586959831154774e-01 5.013133835997738430e-01 1.589279204188860095e-01
3.397586644070375028e-01 5.013134308687474672e-01 1.589279047259904154e-01
3.397586342309749097e-01 5.013134769377038946e-01 1.589278888330966366e-01
3.397586036549158361e-01 5.013135234066535828e-01 1.589278729402060220e-01
3.397585722788578066e-01 5.013135706755991183e-01 1.589278570473186269e-01
3.397585409028060499e-01 5.013136179445351059e-01 1.589278411544343683e-01
3.397585097267617482e-01 5.013136650134604189e-01 1.589278252615533016e-01
3.397584787507249016e-01 5.013137118823751681e-01 1.589278093686754267e-01
3.397584477746942722e-01 5.013137587512804805e-01 1.589277934758007160e-01
3.397584155986628773e-01 5.013138068201833386e-01 1.589277775829291972e-01
3.397583834226379218e-01 5.013138548890766488e-01 1.589277616900608425e-01
3.397583508466171520e-01 5.013139033579625536e-01 1.589277457971956797e-01
3.397583180706018058e-01 5.013139520268399263e-01 1.589277299043336811e-01
3.397582856945951524e-01 5.013140002957053865e-01 1.589277140114748743e-01
3.397582547186023816e-01 5.013140471645537444e-01 1.589276981186192594e-01
3.397582239426168993e-01 5.013140938333916496e-01 1.589276822257667809e-01
3.397581937666406260e-01 5.013141399022172928e-01 1.589276663329175221e-01
3.397581635906704034e-01 5.013141859710337211e-01 1.589276504400714274e-01
3.397581346147120485e-01 5.013142308398349511e-01 1.589276345472284968e-01
3.397581064387633631e-01 5.013142749086233474e-01 1.589276186543887581e-01
3.397580790628240699e-01 5.013143181773992429e-01 1.589276027615522113e-01
3.397580504868846774e-01 5.013143626461720181e-01 1.589275868687188009e-01
3.397580209109465899e-01 5.013144081149404352e-01 1.589275709758886101e-01
3.397579909350125771e-01 5.013144539837014468e-01 1.589275550830615835e-01
3.397579623590906150e-01 5.013144984524473546e-01 1.589275391902377488e-01
3.397579325831693309e-01 5.013145439211884602e-01 1.589275234974179274e-01
3.397579024072523435e-01 5.013145899899229541e-01 1.589275076046003932e-01
3.397578734313461690e-01 5.013146348586434708e-01 1.589274917117860786e-01
3.397578438554434976e-01 5.013146801273564712e-01 1.589274760189757218e-01
3.397578136795444959e-01 5.013147259960628599e-01 1.589274603261684737e-01
3.397577829036492747e-01 5.013147724647621928e-01 1.589274446333643898e-01
3.397577521277602153e-01 5.013148189334521998e-01 1.589274289405634422e-01
3.397577229518828346e-01 5.013148640021279911e-01 1.589274130477649205e-01
3.397576943760133861e-01 5.013149084707928527e-01 1.589273971549695907e-01
3.397576664001516478e-01 5.013149523394467844e-01 1.589273812621774251e-01
3.397576372242916420e-01 5.013149974080957083e-01 1.589273653693884514e-01
3.397576056484300500e-01 5.013150448767431655e-01 1.589273494766026418e-01
3.397575744725759295e-01 5.013150919453798204e-01 1.589273335838200241e-01
3.397575424967257951e-01 5.013151396140088645e-01 1.589273178910411699e-01
3.397575103208814729e-01 5.013151876826295039e-01 1.589273019982648805e-01
3.397574775450419304e-01 5.013152361512416277e-01 1.589272863054922991e-01
3.397574455692110584e-01 5.013152838198419170e-01 1.589272706127228818e-01
3.397574151933905329e-01 5.013153300884292118e-01 1.589272547199560848e-01
3.397573852175770903e-01 5.013153755570053383e-01 1.589272392271934287e-01
3.397573538417664185e-01 5.013154228255765066e-01 1.589272233344329599e-01
3.397573222659615588e-01 5.013154700941382380e-01 1.589272076416761159e-01
3.397572908901634881e-01 5.013155173626905325e-01 1.589271917489219754e-01
3.397572589143704191e-01 5.013155652312345500e-01 1.589271758561709991e-01
3.397572267385834399e-01 5.013156132997693692e-01 1.589271599634232424e-01
3.397571943628024393e-01 5.013156613682945295e-01 1.589271442706789994e-01
3.397571637870310246e-01 5.013157076368071063e-01 1.589271285779378928e-01
3.397571334112660102e-01 5.013157539053102463e-01 1.589271126851996285e-01
3.397571026355065693e-01 5.013158005738049816e-01 1.589270967924645006e-01
3.397570706597515255e-01 5.013158484422919337e-01 1.589270808997325646e-01
3.397570378840018557e-01 5.013158971107704032e-01 1.589270650070038204e-01
3.397570059082596905e-01 5.013159449792381483e-01 1.589270491142782682e-01
3.397569745325245694e-01 5.013159922476956298e-01 1.589270332215558523e-01
3.397569435567961427e-01 5.013160391161433083e-01 1.589270173288366561e-01
3.397569123810737501e-01 5.013160861845817884e-01 1.589270014361206240e-01
3.397568822053583792e-01 5.013161322530099717e-01 1.589269855434077561e-01
3.397568506296480551e-01 5.013161797214299442e-01 1.589269696506980800e-01
3.397568188539439316e-01 5.013162271898404798e-01 1.589269539579916957e-01
3.397567876782464635e-01 5.013162742582413234e-01 1.589269380652883479e-01
3.397567575025556286e-01 5.013163203266323142e-01 1.589269221725881920e-01
3.397567283268710936e-01 5.013163653950137855e-01 1.589269062798912002e-01
3.397566987511924097e-01 5.013164108633864080e-01 1.589268903871974004e-01
3.397566693755195710e-01 5.013164561317497991e-01 1.589268744945067646e-01
3.397566399998526721e-01 5.013165014001041975e-01 1.589268586018193208e-01
