1.073034348046636305e-01 6.132293034684156430e-01 2.794672617259507663e-01
1.073034240742149897e-01 6.132292421448843900e-01 2.794673337799307156e-01
1.073034133437685000e-01 6.132291808213653495e-01 2.794674058338962319e-01
1.073034026133241475e-01 6.132291194978585214e-01 2.794674778878473709e-01
1.073033918828819461e-01 6.132290581743640168e-01 2.794675499417841325e-01
1.073033811524418957e-01 6.132289968508817246e-01 2.794676219957064056e-01
1.073033704220039825e-01 6.132289355274117559e-01 2.794676940496143569e-01
1.073033596915682203e-01 6.132288742039539997e-01 2.794677661035078198e-01
1.073033489611346092e-01 6.132288128805085670e-01 2.794678381573869053e-01
1.073033382307031353e-01 6.132287515570753467e-01 2.794679102112515579e-01
1.073033275002738124e-01 6.132286902336544498e-01 2.794679822651018331e-01
1.073033167698466406e-01 6.132286289102457655e-01 2.794680543189376754e-01
1.073033060394216059e-01 6.132285675868494046e-01 2.794681263727591403e-01
1.073032953089987224e-01 6.132285062634652562e-01 2.794681984265661168e-01
1.073032845785779760e-01 6.132284449400933202e-01 2.794682704803587714e-01
1.073032738481593806e-01 6.132283836167337077e-01 2.794683425341369376e-01
1.073032631177429364e-01 6.132283222933864186e-01 2.794684145879007264e-01
1.073032523873286292e-01 6.132282609700513420e-01 2.794684866416501379e-01
1.073032416569164871e-01 6.132281996467284779e-01 2.794685586953851164e-01
1.073032309265064682e-01 6.132281383234179373e-01 2.794686307491056620e-01
1.073032201960986143e-01 6.132280770001196091e-01 2.794687028028118303e-01
1.073032094656928975e-01 6.132280156768336044e-01 2.794687748565035657e-01
1.073031987352893180e-01 6.132279543535598121e-01 2.794688469101808681e-01
1.073031880048879033e-01 6.132278930302983433e-01 2.794689189638437932e-01
1.073031772744886120e-01 6.132278317070491980e-01 2.794689910174922853e-01
1.073031665440914856e-01 6.132277703838121541e-01 2.794690630711264001e-01
1.073031558136964964e-01 6.132277090605874337e-01 2.794691351247460820e-01
1.073031450833036582e-01 6.132276477373750367e-01 2.794692071783513310e-01
1.073031343529129711e-01 6.132275864141748523e-01 2.794692792319422026e-01
1.073031236225244212e-01 6.132275250909869913e-01 2.794693512855186412e-01
1.073031128921380223e-01 6.132274637678113427e-01 2.794694233390807026e-01
1.073031021617537606e-01 6.132274024446480176e-01 2.794694953926283310e-01
1.073030914313716500e-01 6.132273411214969050e-01 2.794695674461615820e-01
1.073030807009916904e-01 6.132272797983580048e-01 2.794696394996803446e-01
1.073030699706138680e-01 6.132272184752314281e-01 2.794697115531847853e-01
1.073030592402381966e-01 6.132271571521170639e-01 2.794697836066747376e-01
1.073030485098646764e-01 6.132270958290150231e-01 2.794698556601503125e-01
1.073030377794932932e-01 6.132270345059253058e-01 2.794699277136115101e-01
1.073030270491240612e-01 6.132269731828478010e-01 2.794699997670582747e-01
1.073030163187569663e-01 6.132269118597825086e-01 2.794700718204906065e-01
1.073030055883920364e-01 6.132268505367295397e-01 2.794701438739085053e-01
1.073029948580292298e-01 6.132267892136887832e-01 2.794702159273120268e-01
1.073029841276685881e-01 6.132267278906603503e-01 2.794702879807011708e-01
1.073029733973100835e-01 6.132266665676441297e-01 2.794703600340758820e-01
1.073029626669537301e-01 6.132266052446402327e-01 2.794704320874361603e-01
1.073029519365995138e-01 6.132265439216485481e-01 2.794705041407820056e-01
1.073029412062474486e-01 6.132264825986690759e-01 2.794705761941134736e-01
1.073029304758975344e-01 6.132264212757019273e-01 2.794706482474305642e-01
1.073029197455497574e-01 6.132263599527471021e-01 2.794707203007332219e-01
1.073029090152041315e-01 6.132262986298044893e-01 2.794707923540214467e-01
1.073028982848606566e-01 6.132262373068742001e-01 2.794708644072952386e-01
1.073028875545193189e-01 6.132261759839560122e-01 2.794709364605546531e-01
1.073028768241801323e-01 6.132261146610502589e-01 2.794710085137996902e-01
1.073028660938430967e-01 6.132260533381567180e-01 2.794710805670302944e-01
1.073028553635081983e-01 6.132259920152753896e-01 2.794711526202464658e-01
1.073028446331754510e-01 6.132259306924063846e-01 2.794712246734482597e-01
1.073028339028448408e-01 6.132258693695495921e-01 2.794712967266356207e-01
1.073028231725163817e-01 6.132258080467051231e-01 2.794713687798085489e-01
1.073028124421900736e-01 6.132257467238728665e-01 2.794714408329670996e-01
1.073028017118659028e-01 6.132256854010529334e-01 2.794715128861112174e-01
1.073027909815438830e-01 6.132256240782452128e-01 2.794715849392409579e-01
1.073027802512240142e-01 6.132255627554498156e-01 2.794716569923562655e-01
1.073027695209062826e-01 6.132255014326666309e-01 2.794717290454571401e-01
1.073027587905907021e-01 6.132254401098957697e-01 2.794718010985436374e-01
1.073027480602772726e-01 6.132253787871371209e-01 2.794718731516157018e-01
1.073027373299659804e-01 6.132253174643906846e-01 2.794719452046733887e-01
1.073027265996568391e-01 6.132252561416565717e-01 2.794720172577166428e-01
1.073027158693498351e-01 6.132251948189347823e-01 2.794720893107454640e-01
1.073027051390449960e-01 6.132251334962252054e-01 2.794721613637599078e-01
1.073026944087422802e-01 6.132250721735278409e-01 2.794722334167599187e-01
1.073026836784417293e-01 6.132250108508427999e-01 2.794723054697455522e-01
1.073026729481433156e-01 6.132249495281699714e-01 2.794723775227167528e-01
1.073026622178470529e-01 6.132248882055094663e-01 2.794724495756735205e-01
1.073026514875529275e-01 6.132248268828612847e-01 2.794725216286159108e-01
1.073026407572609531e-01 6.132247655602252046e-01 2.794725936815438683e-01
1.073026300269711297e-01 6.132247042376015589e-01 2.794726657344574483e-01
1.073026192966834436e-01 6.132246429149900147e-01 2.794727377873565954e-01
1.073026085663979085e-01 6.132245815923907939e-01 2.794728098402413097e-01
1.073025978361145105e-01 6.132245202698038966e-01 2.794728818931116465e-01
1.073025871058332775e-01 6.132244589472292118e-01 2.794729539459675505e-01
1.073025763755541678e-01 6.132243976246668504e-01 2.794730259988090770e-01
1.073025656452772231e-01 6.132243363021167015e-01 2.794730980516361707e-01
1.073025549150024155e-01 6.132242749795787651e-01 2.794731701044488315e-01
1.073025441847297590e-01 6.132242136570531521e-01 2.794732421572471148e-01
1.073025334544592396e-01 6.132241523345398626e-01 2.794733142100309653e-01
1.073025227241908713e-01 6.132240910120387856e-01 2.794733862628004384e-01
1.073025119939246541e-01 6.132240296895499210e-01 2.794734583155554786e-01
1.073025012636605741e-01 6.132239683670733799e-01 2.794735303682960859e-01
1.073024905333986451e-01 6.132239070446090512e-01 2.794736024210223158e-01
1.073024798031388671e-01 6.132238457221570460e-01 2.794736744737341683e-01
1.073024690728812264e-01 6.132237843997172533e-01 2.794737465264315324e-01
1.073024583426257367e-01 6.132237230772897840e-01 2.794738185791145191e-01
1.073024476123723842e-01 6.132236617548745272e-01 2.794738906317831284e-01
1.073024368821211827e-01 6.132236004324715939e-01 2.794739626844373048e-01
1.073024261518721323e-01 6.132235391100808730e-01 2.794740347370770484e-01
1.073024154216252329e-01 6.132234777877024756e-01 2.794741067897023590e-01
1.073024046913804708e-01 6.132234164653362907e-01 2.794741788423133477e-01
1.073023939611378458e-01 6.132233551429823182e-01 2.794742508949098481e-01
1.073023832308973857e-01 6.132232938206407802e-01 2.794743229474919710e-01
1.073023725006590628e-01 6.132232324983113436e-01 2.794743950000596611e-01
