1.063013798844116564e-01 6.378529647425137394e-01 2.558456553716407234e-01
1.063013867543409902e-01 6.378529034566167155e-01 2.558457097876084552e-01
1.063013936242689639e-01 6.378528421707319040e-01 2.558457642035652513e-01
1.063013979941715426e-01 6.378527808848594161e-01 2.558458211195352439e-01
1.063013998640495034e-01 6.378527195989991405e-01 2.558458805355176002e-01
1.063014017339271033e-01 6.378526583131510774e-01 2.558459399514880772e-01
1.063014036038043147e-01 6.378525970273153378e-01 2.558459993674466748e-01
1.063014029736581711e-01 6.378525357414918107e-01 2.558460612834163594e-01
1.063014023435121386e-01 6.378524744556806070e-01 2.558461231993736651e-01
1.063014042133887394e-01 6.378524156699041381e-01 2.558461801152736026e-01
1.063014060832649654e-01 6.378523568841393265e-01 2.558462370311621603e-01
1.063014104531627979e-01 6.378522980983862833e-01 2.558462914470173155e-01
1.063014123230380248e-01 6.378522393126450085e-01 2.558463483628833357e-01
1.063014141929128631e-01 6.378521805269155021e-01 2.558464052787379761e-01
1.063014160627873406e-01 6.378521217411977640e-01 2.558464621945812922e-01
1.063014179326614433e-01 6.378520629554917942e-01 2.558465191104131731e-01
1.063014198025351714e-01 6.378520041697975929e-01 2.558465760262336741e-01
1.063014191723880286e-01 6.378519453841150488e-01 2.558466354420632638e-01
1.063014160422207505e-01 6.378518840984241933e-01 2.558466998579215224e-01
1.063014129120541107e-01 6.378518228127454393e-01 2.558467642737668468e-01
1.063014097818880815e-01 6.378517615270791197e-01 2.558468286895992927e-01
1.063014041517031938e-01 6.378517002414249015e-01 2.558468956054383292e-01
1.063013985215194301e-01 6.378516389557830069e-01 2.558469625212639875e-01
1.063013928913367906e-01 6.378515776701534357e-01 2.558470294370763232e-01
1.063013872611552751e-01 6.378515163845360769e-01 2.558470963528752251e-01
1.063013841309933816e-01 6.378514550989309306e-01 2.558471607686422233e-01
1.063013810008321264e-01 6.378513938133381078e-01 2.558472251843963985e-01
1.063013803706894939e-01 6.378513325277574975e-01 2.558472871001196691e-01
1.063013797405469862e-01 6.378512712421890996e-01 2.558473490158305608e-01
1.063013791104046174e-01 6.378512099566330251e-01 2.558474109315290734e-01
1.063013784802623596e-01 6.378511486710892742e-01 2.558474728472152071e-01
1.063013778501202405e-01 6.378510873855576246e-01 2.558475347628889063e-01
1.063013772199782464e-01 6.378510261000382986e-01 2.558475966785502820e-01
1.063013740898198639e-01 6.378509648145312960e-01 2.558476610942157503e-01
1.063013734596783555e-01 6.378509035290365059e-01 2.558477230098520905e-01
1.063013728295369859e-01 6.378508422435539282e-01 2.558477849254760517e-01
1.063013721993957550e-01 6.378507809580836740e-01 2.558478468410876339e-01
1.063013715692546352e-01 6.378507196726256323e-01 2.558479087566868371e-01
1.063013709391136402e-01 6.378506583871798030e-01 2.558479706722736613e-01
1.063013678089577557e-01 6.378505971017462972e-01 2.558480350878630238e-01
1.063013621787877727e-01 6.378505358163251149e-01 2.558481020034543141e-01
1.063013565486188999e-01 6.378504745309160340e-01 2.558481689190322261e-01
1.063013509184511513e-01 6.378504132455193876e-01 2.558482358345967045e-01
1.063013452882845405e-01 6.378503519601348426e-01 2.558483027501478602e-01
1.063013396581190539e-01 6.378502906747626211e-01 2.558483696656855821e-01
1.063013340279546914e-01 6.378502293894026121e-01 2.558484365812099259e-01
1.063013258977781872e-01 6.378501656040416190e-01 2.558485084967474510e-01
1.063013177676033066e-01 6.378501018186933935e-01 2.558485804122705987e-01
1.063013096374300637e-01 6.378500380333579356e-01 2.558486523277793134e-01
1.063013015072584305e-01 6.378499742480352452e-01 2.558487242432736508e-01
1.063012908770761961e-01 6.378499104627252114e-01 2.558487986587658636e-01
1.063012802468960849e-01 6.378498466774280562e-01 2.558488730742431994e-01
1.063012696167180970e-01 6.378497828921435575e-01 2.558489474897056581e-01
1.063012589865422325e-01 6.378497191068718264e-01 2.558490219051532399e-01
1.063012483563685051e-01 6.378496553216128628e-01 2.558490963205858892e-01
1.063012377261968872e-01 6.378495915363666668e-01 2.558491707360036616e-01
1.063012270960274064e-01 6.378495277511332384e-01 2.558492451514066124e-01
1.063012164658600489e-01 6.378494639659125776e-01 2.558493195667946307e-01
1.063012058356948286e-01 6.378494001807046843e-01 2.558493939821677721e-01
1.063011952055317177e-01 6.378493363955095585e-01 2.558494683975260364e-01
1.063011845753707441e-01 6.378492726103270893e-01 2.558495428128694238e-01
1.063011739452118937e-01 6.378492088251574987e-01 2.558496172281979342e-01
1.063011633150551666e-01 6.378491450400005647e-01 2.558496916435115121e-01
1.063011526849005628e-01 6.378490812548565092e-01 2.558497660588102685e-01
1.063011420547480823e-01 6.378490174697251103e-01 2.558498404740940924e-01
1.063011314245977390e-01 6.378489536846064789e-01 2.558499148893630948e-01
1.063011207944495190e-01 6.378488898995006151e-01 2.558499893046171647e-01
1.063011101643034223e-01 6.378488261144075189e-01 2.558500637198563576e-01
1.063010995341594489e-01 6.378487623293271902e-01 2.558501381350806736e-01
1.063010889040176127e-01 6.378486985442596291e-01 2.558502125502901126e-01
1.063010782738778859e-01 6.378486347592047245e-01 2.558502869654846745e-01
1.063010676437402963e-01 6.378485709741626986e-01 2.558503613806643040e-01
1.063010570136048299e-01 6.378485071891333291e-01 2.558504357958291120e-01
1.063010463834715008e-01 6.378484434041168383e-01 2.558505102109789875e-01
1.063010357533402811e-01 6.378483796191130040e-01 2.558505846261140415e-01
1.063010251232111986e-01 6.378483158341219372e-01 2.558506590412341630e-01
1.063010144930842255e-01 6.378482520491436381e-01 2.558507334563394076e-01
1.063010038629593895e-01 6.378481882641781064e-01 2.558508078714297751e-01
1.063009932328366908e-01 6.378481244792253424e-01 2.558508822865052657e-01
1.063009826027161014e-01 6.378480606942853459e-01 2.558509567015658792e-01
1.063009719725976493e-01 6.378479969093581170e-01 2.558510311166115603e-01
1.063009613424813204e-01 6.378479331244435446e-01 2.558511055316424199e-01
1.063009507123671149e-01 6.378478693395418508e-01 2.558511799466583470e-01
1.063009400822550327e-01 6.378478055546528136e-01 2.558512543616594526e-01
1.063009294521450737e-01 6.378477417697766549e-01 2.558513287766456257e-01
1.063009188220372520e-01 6.378476779849131528e-01 2.558514031916169218e-01
1.063009081919315535e-01 6.378476142000624183e-01 2.558514776065733409e-01
1.063008975618279783e-01 6.378475504152244513e-01 2.558515520215148831e-01
1.063008869317265265e-01 6.378474866303992519e-01 2.558516264364415482e-01
1.063008763016271979e-01 6.378474228455868200e-01 2.558517008513532809e-01
1.063008656715300065e-01 6.378473590607871557e-01 2.558517752662501921e-01
1.063008550414349246e-01 6.378472952760001480e-01 2.558518496811321707e-01
1.063008444113419798e-01 6.378472314912260188e-01 2.558519240959993279e-01
1.063008337812511722e-01 6.378471677064645462e-01 2.558519985108515526e-01
1.063008231511624740e-01 6.378471039217159522e-01 2.558520729256889004e-01
1.063008125210758992e-01 6.378470401369800147e-01 2.558521473405113711e-01
1.063008018909914615e-01 6.378469763522568448e-01 2.558522217553189648e-01
1.063007912609091471e-01 6.378469125675464424e-01 2.558522961701116816e-01
1.063007806308289560e-01 6.378468487828488076e-01 2.558523705848895213e-01
1.063007700007509021e-01 6.378467849981639404e-01 2.558524449996524286e-01
