1.229225955060310460e-01 6.062218830220940102e-01 2.708555214704352343e-01
1.229226717859476098e-01 6.062218223993116606e-01 2.708555058133010895e-01
1.229227480658489358e-01 6.062217617765414124e-01 2.708554901561700534e-01
1.229228229171498432e-01 6.062217011537832656e-01 2.708554759276273205e-01
1.229228963398507624e-01 6.062216405310372203e-01 2.708554631276723912e-01
1.229229683339521650e-01 6.062215799083032763e-01 2.708554517563048769e-01
1.229230403280391626e-01 6.062215192855815449e-01 2.708554403849396386e-01
1.229231123221117689e-01 6.062214586628718038e-01 2.708554290135767317e-01
1.229231843161699839e-01 6.062213980401742752e-01 2.708554176422160453e-01
1.229232548816294873e-01 6.062213374174888481e-01 2.708554076994419413e-01
1.229233240184907372e-01 6.062212767948156333e-01 2.708553991852539755e-01
1.229233945839221659e-01 6.062212161721544090e-01 2.708553892424837017e-01
1.229234651493394809e-01 6.062211555495053972e-01 2.708553792997154264e-01
1.229235357147426821e-01 6.062210949268684868e-01 2.708553693569491494e-01
1.229236048515481988e-01 6.062210343042436778e-01 2.708553608427684001e-01
1.229236725597564611e-01 6.062209736816310812e-01 2.708553537571728453e-01
1.229237416965344581e-01 6.062209130590304751e-01 2.708553452429953712e-01
1.229238122618817736e-01 6.062208524364420814e-01 2.708553353002364772e-01
1.229238856843809791e-01 6.062207918138657892e-01 2.708553225003135223e-01
1.229239591068655019e-01 6.062207311913017094e-01 2.708553097003931209e-01
1.229240325293353281e-01 6.062206705687496200e-01 2.708552969004753286e-01
1.229241045232079138e-01 6.062206099462097431e-01 2.708552855291426198e-01
1.229241765170661083e-01 6.062205493236819676e-01 2.708552741578122425e-01
1.229242499394921778e-01 6.062204887011662935e-01 2.708552613579018331e-01
1.229243233619035508e-01 6.062204280786627208e-01 2.708552485579939773e-01
1.229243953557182523e-01 6.062203674561713607e-01 2.708552371866706499e-01
1.229244673495185625e-01 6.062203068336919909e-01 2.708552258153496539e-01
1.229245407718861788e-01 6.062202462112248336e-01 2.708552130154491810e-01
1.229246099084943949e-01 6.062201855887697777e-01 2.708552045012960208e-01
1.229246804736702087e-01 6.062201249663269342e-01 2.708551945585631060e-01
1.229247510388319226e-01 6.062200643438960812e-01 2.708551846158321896e-01
1.229248216039795089e-01 6.062200037214774406e-01 2.708551746731032717e-01
1.229248935976939988e-01 6.062199430990709015e-01 2.708551633017953209e-01
1.229249670199749345e-01 6.062198824766764638e-01 2.708551505019087813e-01
1.229250404422411735e-01 6.062198218542942385e-01 2.708551377020247952e-01
1.229251152930733171e-01 6.062197612319240037e-01 2.708551234735627755e-01
1.229251887153100520e-01 6.062197006095659813e-01 2.708551106736840630e-01
1.229252621375321042e-01 6.062196399872200603e-01 2.708550978738079040e-01
1.229253369883196167e-01 6.062195793648862407e-01 2.708550836453542110e-01
1.229254146962521638e-01 6.062195187425646337e-01 2.708550665597433404e-01
1.229254938327490193e-01 6.062194581202550170e-01 2.708550480455559906e-01
1.229255729692300542e-01 6.062193974979576128e-01 2.708550295313723599e-01
1.229256506771156943e-01 6.062193368756723100e-01 2.708550124457720365e-01
1.229257283849857774e-01 6.062192762533991086e-01 2.708549953601751548e-01
1.229258075214196139e-01 6.062192156311381197e-01 2.708549768460023488e-01
1.229258866578376297e-01 6.062191550088892322e-01 2.708549583318332621e-01
1.229259657942398110e-01 6.062190943866523352e-01 2.708549398176678946e-01
1.229260449306261715e-01 6.062190337644277616e-01 2.708549213035061909e-01
1.229261240669966976e-01 6.062189731422151784e-01 2.708549027893482064e-01
1.229262032033514029e-01 6.062189125200146966e-01 2.708548842751939412e-01
1.229262823396902737e-01 6.062188518978264273e-01 2.708548657610433397e-01
1.229263614760133239e-01 6.062187912756502595e-01 2.708548472468965129e-01
1.229264406123205394e-01 6.062187306534861930e-01 2.708548287327533499e-01
1.229265197486119343e-01 6.062186700313342280e-01 2.708548102186138506e-01
1.229265988848874946e-01 6.062186094091944755e-01 2.708547917044780706e-01
1.229266765925695198e-01 6.062185487870668243e-01 2.708547746189237659e-01
1.229267528716584401e-01 6.062184881649512747e-01 2.708547589619504370e-01
1.229268291507320948e-01 6.062184275428478264e-01 2.708547433049802167e-01
1.229269068583677682e-01 6.062183669207564796e-01 2.708547262194358485e-01
1.229269845659879123e-01 6.062183062986773452e-01 2.708547091338948665e-01
1.229270594164385139e-01 6.062182456766103122e-01 2.708546949055112840e-01
1.229271342668741412e-01 6.062181850545553807e-01 2.708546806771305882e-01
1.229272105458715236e-01 6.062181244325125506e-01 2.708546650201760220e-01
1.229272853962770778e-01 6.062180638104818220e-01 2.708546507918011548e-01
1.229273631038205056e-01 6.062180031884633058e-01 2.708546337062762710e-01
1.229274422399246752e-01 6.062179425664568910e-01 2.708546151921785161e-01
1.229275213760130381e-01 6.062178819444625777e-01 2.708545966780844805e-01
1.229275990835095450e-01 6.062178213224803658e-01 2.708545795925701438e-01
1.229276767909905227e-01 6.062177607005102553e-01 2.708545625070592489e-01
1.229277559270316872e-01 6.062177000785523573e-01 2.708545439929760379e-01
1.229278350630570033e-01 6.062176394566065607e-01 2.708545254788964907e-01
1.229279141990665125e-01 6.062175788346728655e-01 2.708545069648206627e-01
1.229279933350601872e-01 6.062175182127512718e-01 2.708544884507485540e-01
1.229280710424628803e-01 6.062174575908418905e-01 2.708544713652553115e-01
1.229281487498500441e-01 6.062173969689446107e-01 2.708544542797654553e-01
1.229282264572216510e-01 6.062173363470593213e-01 2.708544371942790407e-01
1.229283041645777286e-01 6.062172757251863553e-01 2.708544201087960679e-01
1.229283818719182492e-01 6.062172151033253797e-01 2.708544030233164812e-01
1.229284567220943897e-01 6.062171544814765056e-01 2.708543887949891316e-01
1.229285315722555560e-01 6.062170938596398440e-01 2.708543745666646130e-01
1.229286064224017622e-01 6.062170332378152837e-01 2.708543603383429810e-01
1.229286812725329942e-01 6.062169726160028249e-01 2.708543461100241245e-01
1.229287561226492520e-01 6.062169119942025786e-01 2.708543318817082102e-01
1.229288309727505357e-01 6.062168513724143226e-01 2.708543176533950714e-01
1.229289058228368592e-01 6.062167907506382791e-01 2.708543034250848192e-01
1.229289821014816347e-01 6.062167301288743371e-01 2.708542877682039718e-01
1.229290540943913101e-01 6.062166695071224964e-01 2.708542763970461231e-01
1.229291232301402831e-01 6.062166088853827572e-01 2.708542678830368478e-01
1.229291937944484298e-01 6.062165482636552305e-01 2.708542579404562556e-01
1.229292657873153338e-01 6.062164876419398052e-01 2.708542465693048462e-01
1.229293392087405512e-01 6.062164270202364813e-01 2.708542337695828972e-01
1.229294126301510720e-01 6.062163663985452589e-01 2.708542209698635572e-01
1.229294846229744831e-01 6.062163057768661378e-01 2.708542095987191978e-01
1.229295537586389264e-01 6.062162451551992293e-01 2.708542010847217463e-01
1.229296200371452624e-01 6.062161845335444221e-01 2.708541954278702035e-01
1.229296848870663206e-01 6.062161239119017164e-01 2.708541911995918094e-01
1.229297525941181468e-01 6.062160632902711122e-01 2.708541841141706152e-01
1.229298217297281337e-01 6.062160026686527203e-01 2.708541756001790479e-01
1.229298908653242983e-01 6.062159420470463189e-01 2.708541670861892570e-01
1.229299600009066268e-01 6.062158814254521300e-01 2.708541585722011313e-01
