3.087921570423974860e-01 3.763974963351343628e-01 3.148103466225197211e-01
3.087921261628791547e-01 3.763974586950158407e-01 3.148104151421565744e-01
3.087920952833669852e-01 3.763974210549048682e-01 3.148104836617797164e-01
3.087920644038610329e-01 3.763973834148013897e-01 3.148105521813890917e-01
3.087920335243612424e-01 3.763973457747054607e-01 3.148106207009848112e-01
3.087920026448676136e-01 3.763973081346170813e-01 3.148106892205668750e-01
3.087919717653801466e-01 3.763972704945361958e-01 3.148107577401351720e-01
3.087919408858988968e-01 3.763972328544628598e-01 3.148108262596897577e-01
3.087919100064238087e-01 3.763971952143970734e-01 3.148108947792306878e-01
3.087918791269548824e-01 3.763971575743387810e-01 3.148109632987578510e-01
3.087918482474921733e-01 3.763971199342880380e-01 3.148110318182713585e-01
3.087918173680355705e-01 3.763970822942447891e-01 3.148111003377711548e-01
3.087917864885851849e-01 3.763970446542090897e-01 3.148111688572572398e-01
3.087917556091409610e-01 3.763970070141809399e-01 3.148112373767296135e-01
3.087917247297029544e-01 3.763969693741602840e-01 3.148113058961882760e-01
3.087916938502711095e-01 3.763969317341471776e-01 3.148113744156332827e-01
3.087916629708454264e-01 3.763968940941416208e-01 3.148114429350645227e-01
3.087916320914259050e-01 3.763968564541435580e-01 3.148115114544821069e-01
3.087916012120125453e-01 3.763968188141530447e-01 3.148115799738859799e-01
3.087915703326054029e-01 3.763967811741700253e-01 3.148116484932761416e-01
3.087915394532044222e-01 3.763967435341945555e-01 3.148117170126525921e-01
3.087915085738096033e-01 3.763967058942265798e-01 3.148117855320153313e-01
3.087914776944210016e-01 3.763966682542661535e-01 3.148118540513643593e-01
3.087914468150385616e-01 3.763966306143132767e-01 3.148119225706997315e-01
3.087914159356622834e-01 3.763965929743679495e-01 3.148119910900213370e-01
3.087913850562921669e-01 3.763965553344301163e-01 3.148120596093292867e-01
3.087913541769282122e-01 3.763965176944997770e-01 3.148121281286235251e-01
3.087913232975704747e-01 3.763964800545770428e-01 3.148121966479040523e-01
3.087912924182188990e-01 3.763964424146617471e-01 3.148122651671708683e-01
3.087912615388735404e-01 3.763964047747540564e-01 3.148123336864239730e-01
3.087912306595342882e-01 3.763963671348538598e-01 3.148124022056634219e-01
3.087911997802012531e-01 3.763963294949612126e-01 3.148124707248891041e-01
3.087911689008743799e-01 3.763962918550760595e-01 3.148125392441011305e-01
3.087911380215536683e-01 3.763962542151984558e-01 3.148126077632993902e-01
3.087911071422391740e-01 3.763962165753283462e-01 3.148126762824839942e-01
3.087910762629308414e-01 3.763961789354657861e-01 3.148127448016548868e-01
3.087910453836286706e-01 3.763961412956107755e-01 3.148128133208121238e-01
3.087910145043326615e-01 3.763961036557633144e-01 3.148128818399555939e-01
3.087909836250428697e-01 3.763960660159233473e-01 3.148129503590853528e-01
3.087909527457592396e-01 3.763960283760908743e-01 3.148130188782014560e-01
3.087909218664817712e-01 3.763959907362659507e-01 3.148130873973038479e-01
3.087908909872104646e-01 3.763959530964485767e-01 3.148131559163924731e-01
3.087908601079453752e-01 3.763959154566387522e-01 3.148132244354674425e-01
3.087908292286864476e-01 3.763958778168364216e-01 3.148132929545287007e-01
3.087907983494336817e-01 3.763958401770415851e-01 3.148133614735763031e-01
3.087907674701870775e-01 3.763958025372542981e-01 3.148134299926101387e-01
3.087907365909466906e-01 3.763957648974745607e-01 3.148134985116302631e-01
3.087907057117124654e-01 3.763957272577023727e-01 3.148135670306367317e-01
3.087906748324844020e-01 3.763956896179376788e-01 3.148136355496294891e-01
3.087906439532625003e-01 3.763956519781805343e-01 3.148137040686085353e-01
3.087906130740468158e-01 3.763956143384308839e-01 3.148137725875738702e-01
3.087905821948372931e-01 3.763955766986887830e-01 3.148138411065254938e-01
3.087905513156339321e-01 3.763955390589541761e-01 3.148139096254634062e-01
3.087905204364367329e-01 3.763955014192271742e-01 3.148139781443876628e-01
3.087904895572457509e-01 3.763954637795076108e-01 3.148140466632981527e-01
3.087904586780609306e-01 3.763954261397956524e-01 3.148141151821949868e-01
3.087904277988822721e-01 3.763953885000911881e-01 3.148141837010781097e-01
3.087903969197098308e-01 3.763953508603942177e-01 3.148142522199475213e-01
3.087903660405434958e-01 3.763953132207048524e-01 3.148143207388032216e-01
3.087903351613833780e-01 3.763952755810229256e-01 3.148143892576452108e-01
3.087903042822294220e-01 3.763952379413486038e-01 3.148144577764734886e-01
3.087902734030816831e-01 3.763952003016817760e-01 3.148145262952881107e-01
3.087902425239401061e-01 3.763951626620224977e-01 3.148145948140889661e-01
3.087902116448046907e-01 3.763951250223707135e-01 3.148146633328761657e-01
3.087901807656754372e-01 3.763950873827264787e-01 3.148147318516496540e-01
3.087901498865523453e-01 3.763950497430897379e-01 3.148148003704094311e-01
3.087901190074354707e-01 3.763950121034605467e-01 3.148148688891554969e-01
3.087900881283247578e-01 3.763949744638389050e-01 3.148149374078879070e-01
3.087900572492202067e-01 3.763949368242247573e-01 3.148150059266065504e-01
3.087900263701218728e-01 3.763948991846181591e-01 3.148150744453115379e-01
3.087899954910296452e-01 3.763948615450191104e-01 3.148151429640027588e-01
3.087899646119436348e-01 3.763948239054275557e-01 3.148152114826803238e-01
3.087899337328638416e-01 3.763947862658435506e-01 3.148152800013441777e-01
3.087899028537901547e-01 3.763947486262670394e-01 3.148153485199943202e-01
3.087898719747226850e-01 3.763947109866980778e-01 3.148154170386307515e-01
3.087898410956613771e-01 3.763946733471366657e-01 3.148154855572535271e-01
3.087898102166062309e-01 3.763946357075827476e-01 3.148155540758625359e-01
3.087897793375573019e-01 3.763945980680363790e-01 3.148156225944578890e-01
3.087897484585145347e-01 3.763945604284975044e-01 3.148156911130395308e-01
3.087897175794779292e-01 3.763945227889661793e-01 3.148157596316074613e-01
3.087896867004474855e-01 3.763944851494424038e-01 3.148158281501616806e-01
3.087896558214232035e-01 3.763944475099261222e-01 3.148158966687021887e-01
3.087896249424051387e-01 3.763944098704173902e-01 3.148159651872289855e-01
3.087895940633932357e-01 3.763943722309162077e-01 3.148160337057421265e-01
3.087895631843875499e-01 3.763943345914225191e-01 3.148161022242415008e-01
3.087895323053879704e-01 3.763942969519363801e-01 3.148161707427272193e-01
3.087895014263946081e-01 3.763942593124577352e-01 3.148162392611992266e-01
3.087894705474074075e-01 3.763942216729866397e-01 3.148163077796575227e-01
3.087894396684263687e-01 3.763941840335230382e-01 3.148163762981021074e-01
3.087894087894515471e-01 3.763941463940670418e-01 3.148164448165329810e-01
3.087893779104828873e-01 3.763941087546184838e-01 3.148165133349501987e-01
3.087893470315203892e-01 3.763940711151775309e-01 3.148165818533536497e-01
3.087893161525640529e-01 3.763940334757440720e-01 3.148166503717434450e-01
3.087892852736139337e-01 3.763939958363181071e-01 3.148167188901195290e-01
3.087892543946699209e-01 3.763939581968997472e-01 3.148167874084819018e-01
3.087892235157321807e-01 3.763939205574888258e-01 3.148168559268305633e-01
3.087891926368005469e-01 3.763938829180855095e-01 3.148169244451655135e-01
3.087891617578750747e-01 3.763938452786896871e-01 3.148169929634867525e-01
3.087891308789558198e-01 3.763938076393014143e-01 3.148170614817943358e-01
3.087891000000427266e-01 3.763937699999206354e-01 3.148171300000881523e-01
