3.370500891302372071e-01 3.506856801227656861e-01 3.122642307557582098e-01
3.370500560915711818e-01 3.506856467205369809e-01 3.122642971966529402e-01
3.370500230529118180e-01 3.506856133183149926e-01 3.122643636375343479e-01
3.370499900142590044e-01 3.506855795827630851e-01 3.122644304117390135e-01
3.370499569756127967e-01 3.506855458472180054e-01 3.122644971859303564e-01
3.370499239369732503e-01 3.506855121116795870e-01 3.122645639601082657e-01
3.370498908983402542e-01 3.506854783761479410e-01 3.122646307342729077e-01
3.370498578597139194e-01 3.506854443072866534e-01 3.122646978417605301e-01
3.370498248210941350e-01 3.506854102384321936e-01 3.122647649492347743e-01
3.370497917824810119e-01 3.506853761695845062e-01 3.122648320566955848e-01
3.370497587438744391e-01 3.506853417674073992e-01 3.122648994974792647e-01
3.370497257052745277e-01 3.506853073652371755e-01 3.122649669382495108e-01
3.370496926666812221e-01 3.506852726297375877e-01 3.122650347123424597e-01
3.370496596280945223e-01 3.506852378942449389e-01 3.122651024864218638e-01
3.370496265895143728e-01 3.506852031587592289e-01 3.122651702604877233e-01
3.370495935509408847e-01 3.506851684232805133e-01 3.122652380345400380e-01
3.370495605123740024e-01 3.506851336878086811e-01 3.122653058085787525e-01
3.370495274738137259e-01 3.506850989523438433e-01 3.122653735826039778e-01
3.370494944352600553e-01 3.506850642168858889e-01 3.122654413566156029e-01
3.370494613967129904e-01 3.506850294814349289e-01 3.122655091306136832e-01
3.370494283581724759e-01 3.506849947459909078e-01 3.122655769045981633e-01
3.370493953196386228e-01 3.506849600105538811e-01 3.122656446785691542e-01
3.370493622811114309e-01 3.506849256084596522e-01 3.122657121191906859e-01
3.370493292425907894e-01 3.506848912063723067e-01 3.122657795597986730e-01
3.370492962040767537e-01 3.506848568042918446e-01 3.122658470003932263e-01
3.370492631655693239e-01 3.506848224022182658e-01 3.122659144409742349e-01
3.370492301270684998e-01 3.506847880001515705e-01 3.122659818815418098e-01
3.370491970885742816e-01 3.506847535980917585e-01 3.122660493220958955e-01
3.370491640500866692e-01 3.506847188627031375e-01 3.122661170959721288e-01
3.370491313449413551e-01 3.506846841273214554e-01 3.122661845364991806e-01
3.370490986398024802e-01 3.506846493919467123e-01 3.122662519770127987e-01
3.370490662680058480e-01 3.506846146565789080e-01 3.122663190841772352e-01
3.370490338962156551e-01 3.506845799212180426e-01 3.122663861913282934e-01
3.370490015244319015e-01 3.506845448525285902e-01 3.122664536318014439e-01
3.370489691526546427e-01 3.506845097838461878e-01 3.122665210722611606e-01
3.370489367808838788e-01 3.506844747151707797e-01 3.122665885127073326e-01
3.370489040757841392e-01 3.506844396465023661e-01 3.122666562864754858e-01
3.370488713706909500e-01 3.506844049111763617e-01 3.122667237268946794e-01
3.370488386656042556e-01 3.506843701758573517e-01 3.122667911673003838e-01
3.370488059605241671e-01 3.506843354405452806e-01 3.122668586076925434e-01
3.370487732554505733e-01 3.506843007052400929e-01 3.122669260480712694e-01
3.370487405503835299e-01 3.506842659699418996e-01 3.122669934884365062e-01
3.370487081786582850e-01 3.506842312346506452e-01 3.122670605954530054e-01
3.370486758069395350e-01 3.506841964993663852e-01 3.122671277024560710e-01
3.370486434352272243e-01 3.506841617640890085e-01 3.122671948094457584e-01
3.370486110635213528e-01 3.506841270288186263e-01 3.122672619164220120e-01
3.370485786918220317e-01 3.506840922935551830e-01 3.122673290233847765e-01
3.370485463201291498e-01 3.506840575582986230e-01 3.122673961303342183e-01
3.370485139484427073e-01 3.506840228230490575e-01 3.122674632372701709e-01
3.370484815767628151e-01 3.506839880878064863e-01 3.122675303441927452e-01
3.370484492050893066e-01 3.506839533525707986e-01 3.122675974511018304e-01
3.370484168334223485e-01 3.506839186173420497e-01 3.122676645579975374e-01
3.370483844617618296e-01 3.506838838821202953e-01 3.122677316648798662e-01
3.370483520901078056e-01 3.506838491469054797e-01 3.122677987717487058e-01
3.370483200517950806e-01 3.506838144116976030e-01 3.122678655452693075e-01
3.370482873468191309e-01 3.506837796764966653e-01 3.122679329854461949e-01
3.370482543085150384e-01 3.506837449413026664e-01 3.122680007589443418e-01
3.370482209368828030e-01 3.506837102061156064e-01 3.122680688657636372e-01
3.370481875652572290e-01 3.506836754709355408e-01 3.122681369725692768e-01
3.370481541936383163e-01 3.506836407357623586e-01 3.122682050793613162e-01
3.370481208220260649e-01 3.506836060005961708e-01 3.122682731861397554e-01
3.370480874504205304e-01 3.506835712654369219e-01 3.122683412929045388e-01
3.370480540788216572e-01 3.506835365302846119e-01 3.122684093996557220e-01
3.370480207072294454e-01 3.506835017951392408e-01 3.122684775063933049e-01
3.370479873356438949e-01 3.506834670600008641e-01 3.122685456131172321e-01
3.370479539640650612e-01 3.506834323248693708e-01 3.122686137198275591e-01
3.370479205924928889e-01 3.506833975897448719e-01 3.122686818265242303e-01
3.370478872209273780e-01 3.506833631879617275e-01 3.122687495998729967e-01
3.370478538493685283e-01 3.506833287861854109e-01 3.122688173732081074e-01
3.370478204778163955e-01 3.506832943844160333e-01 3.122688851465297288e-01
3.370477871062708686e-01 3.506832609826563973e-01 3.122689519198348362e-01
3.370477537347320585e-01 3.506832289142404746e-01 3.122690173597895691e-01
3.370477203631999652e-01 3.506831968458309912e-01 3.122690827997312013e-01
3.370476873250086713e-01 3.506831644440937534e-01 3.122691482396597329e-01
3.370476542868240388e-01 3.506831313756946233e-01 3.122692143462434955e-01
3.370476212486460121e-01 3.506830976406338229e-01 3.122692811194823226e-01
3.370475882104745913e-01 3.506830635722457123e-01 3.122693482260419096e-01
3.370475551723097762e-01 3.506830295038643741e-01 3.122694153325880628e-01
3.370475221341515670e-01 3.506829954354898637e-01 3.122694824391207824e-01
3.370474890959999636e-01 3.506829613671221257e-01 3.122695495456400683e-01
3.370474560578549106e-01 3.506829272987612711e-01 3.122696166521459760e-01
3.370474230197165189e-01 3.506828932304071889e-01 3.122696837586384500e-01
3.370473899815847885e-01 3.506828591620599345e-01 3.122697508651174902e-01
3.370473569434596084e-01 3.506828250937194524e-01 3.122698179715830968e-01
3.370473239053410341e-01 3.506827910253858538e-01 3.122698850780353252e-01
3.370472908672290657e-01 3.506827569570590275e-01 3.122699521844741199e-01
3.370472578291237031e-01 3.506827228887390291e-01 3.122700192908994810e-01
3.370472254576923898e-01 3.506826888204258030e-01 3.122700857306439093e-01
3.370471930862675713e-01 3.506826544187857664e-01 3.122701525037087644e-01
3.370471607148491922e-01 3.506826200171526131e-01 3.122702192767602969e-01
3.370471283434373078e-01 3.506825859488599262e-01 3.122702857164648127e-01
3.370470959720319182e-01 3.506825518805740671e-01 3.122703521561560613e-01
3.370470636006329679e-01 3.506825178122949804e-01 3.122704185958340428e-01
3.370470312292405124e-01 3.506824837440227771e-01 3.122704850354987016e-01
3.370469988578544962e-01 3.506824496757573462e-01 3.122705514751500377e-01
3.370469664864749748e-01 3.506824152741652711e-01 3.122706182481216342e-01
3.370469341151019482e-01 3.506823808725801350e-01 3.122706850210797969e-01
3.370469017437353609e-01 3.506823464710018268e-01 3.122707517940246924e-01
3.370468693723752684e-01 3.506823120694304019e-01 3.122708185669561542e-01
3.370468373343550317e-01 3.506822776678659159e-01 3.122708850065409880e-01
