2.252584613927914869e-01 4.707860647825421463e-01 3.039554738268175904e-01
2.252584762004238017e-01 4.707860177034742799e-01 3.039555060982531143e-01
2.252584910080531744e-01 4.707859706244158504e-01 3.039555383696821989e-01
2.252585038156603714e-01 4.707859235453668023e-01 3.039555726411239944e-01
2.252585166232650149e-01 4.707858764663271911e-01 3.039556069125589621e-01
2.252585300975399885e-01 4.707858293872970168e-01 3.039556405173141629e-01
2.252585449051580646e-01 4.707857823082762239e-01 3.039556727887168797e-01
2.252585603794459157e-01 4.707857352292648678e-01 3.039557043934403846e-01
2.252585758537306859e-01 4.707856881502629487e-01 3.039557359981575613e-01
2.252585939947030491e-01 4.707856410712704109e-01 3.039557649361777081e-01
2.252586108023265921e-01 4.707855939922873101e-01 3.039557952075372937e-01
2.252586269432742261e-01 4.707855469133135906e-01 3.039558261455633792e-01
2.252586424175461455e-01 4.707854998343493080e-01 3.039558577502557424e-01
2.252586565584701883e-01 4.707854527553944624e-01 3.039558906882865452e-01
2.252586706993914001e-01 4.707854056764489981e-01 3.039559236263107977e-01
2.252586848403097808e-01 4.707853585975129707e-01 3.039559565643284444e-01
2.252586989812253304e-01 4.707853115185863802e-01 3.039559895023394853e-01
2.252587124554659148e-01 4.707852644396691710e-01 3.039560231070160823e-01
2.252587259297037792e-01 4.707852173607613988e-01 3.039560567116860179e-01
2.252587387372670114e-01 4.707851702818630080e-01 3.039560909830211766e-01
2.252587535448434541e-01 4.707851232029740540e-01 3.039561232543336322e-01
2.252587670190731861e-01 4.707850761240945370e-01 3.039561568589834728e-01
2.252587804933002258e-01 4.707850290452244013e-01 3.039561904636265410e-01
2.252587933008528831e-01 4.707849819663637025e-01 3.039562247349346102e-01
2.252588067750745937e-01 4.707849348875124407e-01 3.039562583395641893e-01
2.252588202492936120e-01 4.707848878086705602e-01 3.039562919441869959e-01
2.252588310568238161e-01 4.707848407298381166e-01 3.039563282154892354e-01
2.252588405310089192e-01 4.707847936510150544e-01 3.039563658201271945e-01
2.252588500051921072e-01 4.707847465722014291e-01 3.039564034247576596e-01
2.252588601460447648e-01 4.707846994933972407e-01 3.039564403627091904e-01
2.252588722869091897e-01 4.707846524146024336e-01 3.039564753006395725e-01
2.252588824277575730e-01 4.707846053358170635e-01 3.039565122385765594e-01
2.252588919019327951e-01 4.707845582570410747e-01 3.039565498431772705e-01
2.252589007094350781e-01 4.707845111782745784e-01 3.039565881144415393e-01
2.252589081835935647e-01 4.707844640995174079e-01 3.039566277190401955e-01
2.252589136577377860e-01 4.707844170207697299e-01 3.039566693236436801e-01
2.252589197985517544e-01 4.707843699420314332e-01 3.039567102615680083e-01
2.252589259393645016e-01 4.707843228633025179e-01 3.039567511994841209e-01
2.252589334135174925e-01 4.707842757845830395e-01 3.039567908040506361e-01
2.252589402209983493e-01 4.707842287058729980e-01 3.039568310752798208e-01
2.252589490284896412e-01 4.707841816271723934e-01 3.039568693464891891e-01
2.252589565026380525e-01 4.707841345484811701e-01 3.039569089510319455e-01
2.252589659767963992e-01 4.707840874697993283e-01 3.039569465555554406e-01
2.252589754509528308e-01 4.707840403911269789e-01 3.039569841600713862e-01
2.252589862584480906e-01 4.707839933124640108e-01 3.039570204312391222e-01
2.252589963992708832e-01 4.707839462338104242e-01 3.039570573690698607e-01
2.252590058734214307e-01 4.707838991551662744e-01 3.039570949735634353e-01
2.252590140142298469e-01 4.707838520765315615e-01 3.039571339113897874e-01
2.252590241550468386e-01 4.707838049979062855e-01 3.039571708491980995e-01
2.252590342958617764e-01 4.707837579192903910e-01 3.039572077869990285e-01
2.252590457700145710e-01 4.707837108406838778e-01 3.039572433914527472e-01
2.252590565774952036e-01 4.707836637620868570e-01 3.039572796625691353e-01
2.252590687183132767e-01 4.707836173501689925e-01 3.039573139336688712e-01
2.252590795257894685e-01 4.707835709382604539e-01 3.039573495381012735e-01
2.252590903332634953e-01 4.707835245263611856e-01 3.039573851425265705e-01
2.252591004740657488e-01 4.707834781144711878e-01 3.039574214136143149e-01
2.252591099481964232e-01 4.707834317025905158e-01 3.039574583513643402e-01
2.252591194223252102e-01 4.707833852907191141e-01 3.039574952891069826e-01
2.252591288964520821e-01 4.707833388788569828e-01 3.039575322268422419e-01
2.252591377039077913e-01 4.707832924670041219e-01 3.039575698312394492e-01
2.252591465113616964e-01 4.707832453884912560e-01 3.039576081022983822e-01
2.252591539854754410e-01 4.707831983099878270e-01 3.039576477066880389e-01
2.252591627929259877e-01 4.707831512314937794e-01 3.039576859777315399e-01
2.252591722670437835e-01 4.707831041530091687e-01 3.039577235820983270e-01
2.252591804078217241e-01 4.707830570745339949e-01 3.039577625197956157e-01
2.252591885485980272e-01 4.707830099960682024e-01 3.039578014574850773e-01
2.252591960227038059e-01 4.707829629176118469e-01 3.039578410618356541e-01
2.252592041634769171e-01 4.707829158391649282e-01 3.039578799995094616e-01
2.252592123042484185e-01 4.707828687607273910e-01 3.039579189371754975e-01
2.252592191116809528e-01 4.707828216822992906e-01 3.039579592081710913e-01
2.252592272524493178e-01 4.707827746038805716e-01 3.039579981458214175e-01
2.252592347265474915e-01 4.707827275254712895e-01 3.039580377501325259e-01
2.252592442006495776e-01 4.707826804470714444e-01 3.039580753544303127e-01
2.252592543414181914e-01 4.707826333686809805e-01 3.039581122920521072e-01
2.252592638155164195e-01 4.707825862902999536e-01 3.039581498963349060e-01
2.252592712896079596e-01 4.707825392119283636e-01 3.039581895006149836e-01
2.252592780970298358e-01 4.707824921335661550e-01 3.039582297715553438e-01
2.252592849044503520e-01 4.707824450552133833e-01 3.039582700424875994e-01
2.252592917118695082e-01 4.707823979768699929e-01 3.039583103134118058e-01
2.252592985192872765e-01 4.707823508985360395e-01 3.039583505843280187e-01
2.252593053267037126e-01 4.707823038202115229e-01 3.039583908552361269e-01
2.252593121341187887e-01 4.707822567418963877e-01 3.039584311261361860e-01
2.252593189415324770e-01 4.707822096635906894e-01 3.039584713970281404e-01
2.252593264156125263e-01 4.707821625852943725e-01 3.039585110012443803e-01
2.252593325563557736e-01 4.707821155070074925e-01 3.039585519387880685e-01
2.252593380304301618e-01 4.707820684287300494e-01 3.039585935429911512e-01
2.252593435045034398e-01 4.707820213504619877e-01 3.039586351471858516e-01
2.252593483119081919e-01 4.707819742722033629e-01 3.039586774180397244e-01
2.252593544526467761e-01 4.707819271939541750e-01 3.039587183555503835e-01
2.252593619267188041e-01 4.707818801157143684e-01 3.039587579597181621e-01
2.252593687341220841e-01 4.707818330374839988e-01 3.039587982305452796e-01
2.252593748748567826e-01 4.707817859592630105e-01 3.039588391680315138e-01
2.252593790155888454e-01 4.707817388810514592e-01 3.039588821055110301e-01
2.252593831563201032e-01 4.707816918028493447e-01 3.039589250429818867e-01
2.252593846303825309e-01 4.707816447246566116e-01 3.039589706471121922e-01
2.252593861044446810e-01 4.707815976464733154e-01 3.039590162512333382e-01
2.252593849118390557e-01 4.707815505682994006e-01 3.039590645220128229e-01
2.252593823859000699e-01 4.707815034901349227e-01 3.039591141261163143e-01
2.252593791932948619e-01 4.707814564119798817e-01 3.039591643968765911e-01
2.252593760006902646e-01 4.707814093338342221e-01 3.039592146676268203e-01
