1.615929927742776051e-01 5.545380599317804027e-01 2.838689473014642806e-01
1.615929766148199720e-01 5.545381034784011565e-01 2.838689199143011321e-01
1.615929604553655585e-01 5.545381470250132505e-01 2.838688925271434793e-01
1.615929442959143925e-01 5.545381905716165738e-01 2.838688651399912666e-01
1.615929281364664460e-01 5.545382341182112373e-01 2.838688377528445494e-01
1.615929119770217193e-01 5.545382776647972412e-01 2.838688103657033279e-01
1.615928958175802399e-01 5.545383212113744742e-01 2.838687829785676020e-01
1.615928796581420079e-01 5.545383647579430475e-01 2.838687555914373162e-01
1.615928634987069956e-01 5.545384083045028500e-01 2.838687282043124704e-01
1.615928473392752029e-01 5.545384518510538818e-01 2.838687008171931758e-01
1.615928311798466577e-01 5.545384953975963649e-01 2.838686734300793213e-01
1.615928150204213321e-01 5.545385389441299662e-01 2.838686460429709624e-01
1.615927988609992261e-01 5.545385824906550187e-01 2.838686186558680435e-01
1.615927827015803953e-01 5.545386260371713005e-01 2.838685912687706203e-01
1.615927665421647563e-01 5.545386695836788116e-01 2.838685638816786927e-01
1.615927503827523648e-01 5.545387131301776629e-01 2.838685364945922052e-01
1.615927342233431929e-01 5.545387566766678544e-01 2.838685091075112688e-01
1.615927180639372684e-01 5.545388002231492752e-01 2.838684817204357169e-01
1.615927019045345636e-01 5.545388437696220363e-01 2.838684543333657162e-01
1.615926857451351062e-01 5.545388873160860266e-01 2.838684269463011556e-01
1.615926695857388684e-01 5.545389308625413571e-01 2.838683995592420906e-01
1.615926534263458780e-01 5.545389744089879169e-01 2.838683721721884656e-01
1.615926372669561073e-01 5.545390179554258170e-01 2.838683447851403363e-01
1.615926211075695562e-01 5.545390615018549463e-01 2.838683173980977026e-01
1.615926049481862525e-01 5.545391060482829371e-01 2.838682890110530987e-01
1.615925887888061963e-01 5.545391505947019350e-01 2.838682606240141015e-01
1.615925726294293319e-01 5.545391951411121623e-01 2.838682322369808220e-01
1.615925564700557426e-01 5.545392396875132857e-01 2.838682038499532045e-01
1.615925403106853453e-01 5.545392842339056383e-01 2.838681754629313048e-01
1.615925241513181954e-01 5.545393287802889981e-01 2.838681470759150116e-01
1.615925079919542928e-01 5.545393733266635872e-01 2.838681186889044361e-01
1.615924918325936099e-01 5.545394178730290724e-01 2.838680903018995227e-01
1.615924756732361467e-01 5.545394624193857869e-01 2.838680619149003270e-01
1.615924595138819309e-01 5.545395069657335085e-01 2.838680335279067934e-01
1.615924433545309624e-01 5.545395515120724594e-01 2.838680051409189220e-01
1.615924271951831859e-01 5.545395960584023065e-01 2.838679767539367127e-01
1.615924110358386845e-01 5.545396406047233828e-01 2.838679483669602210e-01
1.615923948764973750e-01 5.545396851510354663e-01 2.838679199799893915e-01
1.615923787171593129e-01 5.545397296973387791e-01 2.838678915930242241e-01
1.615923625578244982e-01 5.545397742436329880e-01 2.838678632060647189e-01
1.615923463984929032e-01 5.545398187899184261e-01 2.838678348191109313e-01
1.615923302391645278e-01 5.545398633361949825e-01 2.838678064321628058e-01
1.615923140798393998e-01 5.545399078824625461e-01 2.838677780452203425e-01
1.615922979205174914e-01 5.545399524287212278e-01 2.838677496582835968e-01
1.615922817611988305e-01 5.545399969749709168e-01 2.838677212713525133e-01
1.615922656018833892e-01 5.545400415212118350e-01 2.838676928844270919e-01
1.615922494425711953e-01 5.545400860674437604e-01 2.838676644975073327e-01
1.615922332832622210e-01 5.545401306136668040e-01 2.838676361105932910e-01
1.615922171239564942e-01 5.545401751598808548e-01 2.838676077236849116e-01
1.615922009646539592e-01 5.545402197060861349e-01 2.838675793367821942e-01
1.615921848053546994e-01 5.545402642522824221e-01 2.838675509498851390e-01
1.615921686460586593e-01 5.545403087984698276e-01 2.838675225629938015e-01
1.615921524867658388e-01 5.545403533446483513e-01 2.838674941761081261e-01
1.615921363274762657e-01 5.545403978908178821e-01 2.838674657892281128e-01
1.615921201681899122e-01 5.545404424369785312e-01 2.838674374023538172e-01
1.615921040089067784e-01 5.545404869831302985e-01 2.838674090154851837e-01
1.615920878496268920e-01 5.545405315292731840e-01 2.838673806286222123e-01
1.615920716903502530e-01 5.545405760754070768e-01 2.838673522417649031e-01
1.615920555310768336e-01 5.545406206215320877e-01 2.838673238549133115e-01
1.615920393718066339e-01 5.545406651676482168e-01 2.838672954680673821e-01
1.615920232125396816e-01 5.545407097137554642e-01 2.838672670812271148e-01
1.615920070532759489e-01 5.545407542598537187e-01 2.838672386943925097e-01
1.615919908940154637e-01 5.545407988059432025e-01 2.838672103075636222e-01
1.615919747347581981e-01 5.545408433520236935e-01 2.838671819207403968e-01
1.615919585755041521e-01 5.545408878980951917e-01 2.838671535339228891e-01
1.615919424162533535e-01 5.545409324441579191e-01 2.838671251471109880e-01
1.615919262570058024e-01 5.545409769902116537e-01 2.838670967603048045e-01
1.615919100977614709e-01 5.545410215362565065e-01 2.838670683735042832e-01
1.615918939385203590e-01 5.545410660822924775e-01 2.838670399867094796e-01
1.615918777792824945e-01 5.545411106283194558e-01 2.838670115999202825e-01
1.615918616200478497e-01 5.545411551743375522e-01 2.838669832131368032e-01
1.615918454608164523e-01 5.545411997203467669e-01 2.838669548263589859e-01
1.615918293015882745e-01 5.545412442663470998e-01 2.838669264395868863e-01
1.615918131423633164e-01 5.545412888123384398e-01 2.838668980528204489e-01
1.615917969831416057e-01 5.545413333583210092e-01 2.838668696660596735e-01
1.615917808239231146e-01 5.545413779042945857e-01 2.838668412793045603e-01
1.615917646647078709e-01 5.545414224502591694e-01 2.838668128925551648e-01
1.615917485054958469e-01 5.545414669962149823e-01 2.838667845058114314e-01
1.615917323462870703e-01 5.545415115421618024e-01 2.838667561190733601e-01
1.615917161870815133e-01 5.545415560880997408e-01 2.838667277323409510e-01
1.615917000278792037e-01 5.545416006340287973e-01 2.838666993456142595e-01
1.615916838686801138e-01 5.545416451799488611e-01 2.838666709588932302e-01
1.615916677094842435e-01 5.545416897258601541e-01 2.838666425721778630e-01
1.615916515502916206e-01 5.545417342717624543e-01 2.838666141854682134e-01
1.615916353911022452e-01 5.545417788176557616e-01 2.838665857987641705e-01
1.615916192319160616e-01 5.545418233635402983e-01 2.838665574120658452e-01
1.615916030727331532e-01 5.545418679094158421e-01 2.838665290253732376e-01
1.615915869135534366e-01 5.545419124552825041e-01 2.838665006386862366e-01
1.615915707543769675e-01 5.545419570011402843e-01 2.838664722520049533e-01
1.615915545952037458e-01 5.545420015469890718e-01 2.838664438653293876e-01
1.615915384360337437e-01 5.545420460928290884e-01 2.838664154786594285e-01
1.615915222768669612e-01 5.545420906386601123e-01 2.838663870919951870e-01
1.615915061177034262e-01 5.545421351844822544e-01 2.838663587053366077e-01
1.615914899585431108e-01 5.545421797302954037e-01 2.838663303186836906e-01
1.615914737993860428e-01 5.545422242760996712e-01 2.838663019320364356e-01
1.615914576402321945e-01 5.545422688218950569e-01 2.838662735453948982e-01
1.615914414810815936e-01 5.545423133676815608e-01 2.838662451587590230e-01
1.615914253219342123e-01 5.545423579134591829e-01 2.838662167721288654e-01
1.615914091627900506e-01 5.545424024592278123e-01 2.838661883855043144e-01
1.615913930036491364e-01 5.545424470049875598e-01 2.838661599988854811e-01
