5.016487288442323007e-03 9.935652039006523939e-01 1.418308791188400888e-03
5.016487411794803147e-03 9.935652037941308246e-01 1.418308774357356734e-03
5.016487535147258134e-03 9.935652036876094773e-01 1.418308757526316050e-03
5.016487658499688834e-03 9.935652035810880189e-01 1.418308740695278618e-03
5.016487781852094381e-03 9.935652034745666716e-01 1.418308723864244439e-03
5.016487905204475642e-03 9.935652033680452133e-01 1.418308707033213946e-03
5.016487903555669550e-03 9.935652033865250976e-01 1.418308690202186488e-03
5.016487901906863459e-03 9.935652034050049819e-01 1.418308673371162718e-03
5.016487775256921189e-03 9.935652035484858757e-01 1.418308656540141982e-03
5.016487648607004073e-03 9.935652038169678901e-01 1.418308514708000031e-03
5.016487521957112977e-03 9.935652040854499045e-01 1.418308372875886269e-03
5.016487520308345917e-03 9.935652042289306873e-01 1.418308231043800697e-03
5.016487643660666462e-03 9.935652042474104606e-01 1.418308089211743747e-03
5.016487767012962722e-03 9.935652042658902339e-01 1.418307947379714986e-03
5.016487765364172242e-03 9.935652044093709057e-01 1.418307805547714632e-03
5.016487763715381763e-03 9.935652045528515774e-01 1.418307663715742684e-03
5.016487762066591284e-03 9.935652046963322492e-01 1.418307521883799141e-03
5.016487760417800805e-03 9.935652048398129210e-01 1.418307380051884005e-03
5.016487883770024206e-03 9.935652048582925833e-01 1.418307238219997058e-03
5.016488007122222453e-03 9.935652048767722455e-01 1.418307096388138734e-03
5.016488255475383407e-03 9.935652047702508982e-01 1.418306954556308600e-03
5.016488628829470636e-03 9.935652044137277539e-01 1.418306937725481720e-03
5.016489002183482405e-03 9.935652040572044985e-01 1.418306920894658310e-03
5.016489375537419582e-03 9.935652038256824747e-01 1.418306779062888240e-03
5.016489873892219717e-03 9.935652034691594414e-01 1.418306637231146576e-03
5.016490497247845515e-03 9.935652029876355096e-01 1.418306495399433318e-03
5.016491120603347280e-03 9.935652025061115777e-01 1.418306353567748467e-03
5.016491743958723278e-03 9.935652020245878679e-01 1.418306211736092021e-03
5.016492367313975242e-03 9.935652015430641582e-01 1.418306069904463765e-03
5.016493115669976542e-03 9.935652009365398829e-01 1.418305928072863915e-03
5.016493864025828656e-03 9.935652003300156077e-01 1.418305786241292471e-03
5.016494612381530716e-03 9.935651997234915545e-01 1.418305644409749433e-03
5.016495360737082722e-03 9.935651991169676123e-01 1.418305502578234801e-03
5.016496109092485542e-03 9.935651985104437811e-01 1.418305360746748359e-03
5.016496732446926524e-03 9.935651980289207374e-01 1.418305218915290322e-03
5.016497480802043114e-03 9.935651974223971283e-01 1.418305077083860692e-03
5.016498104156222153e-03 9.935651969408743067e-01 1.418304935252459468e-03
5.016498727510277159e-03 9.935651963343509196e-01 1.418304918421861571e-03
5.016499225863444052e-03 9.935651958528283201e-01 1.418304901591266928e-03
5.016499849217262268e-03 9.935651952463051551e-01 1.418304884760675753e-03
5.016500722572429967e-03 9.935651942647799606e-01 1.418304992930825674e-03
5.016501595927423326e-03 9.935651932832548772e-01 1.418305101100953694e-03
5.016502469282241479e-03 9.935651923017300158e-01 1.418305209271060246e-03
5.016503467637585187e-03 9.935651911952045889e-01 1.418305317441145115e-03
5.016504465992729402e-03 9.935651900886793841e-01 1.418305425611208299e-03
5.016505464347673256e-03 9.935651888571536139e-01 1.418305658781924975e-03
5.016506087700431556e-03 9.935651878756295297e-01 1.418306016953257195e-03
5.016506711053064088e-03 9.935651868941057785e-01 1.418306375124518074e-03
5.016507459406209166e-03 9.935651857875814619e-01 1.418306733295706962e-03
5.016508082758580622e-03 9.935651848060579328e-01 1.418307091466824510e-03
5.016508831111438603e-03 9.935651836995340602e-01 1.418307449637870284e-03
5.016509579464147398e-03 9.935651825930104097e-01 1.418307807808844500e-03
5.016510327816707006e-03 9.935651816114875468e-01 1.418308040979159588e-03
5.016510951168541566e-03 9.935651807549653602e-01 1.418308274149428054e-03
5.016511824521376062e-03 9.935651796484423759e-01 1.418308507319649900e-03
5.016512822874586927e-03 9.935651784169189371e-01 1.418308740489825125e-03
5.016513696227059733e-03 9.935651774353968513e-01 1.418308848659416248e-03
5.016514569579358200e-03 9.935651763288745331e-01 1.418309081829510591e-03
5.016515567931994005e-03 9.935651750973517604e-01 1.418309314999558531e-03
5.016516566284430316e-03 9.935651739908297753e-01 1.418309423169059665e-03
5.016517439636179743e-03 9.935651731343090320e-01 1.418309406338051724e-03
5.016518312987754830e-03 9.935651722777883998e-01 1.418309389507047035e-03
5.016518936338230233e-03 9.935651716712690096e-01 1.418309372676045815e-03
5.016519559688580737e-03 9.935651710647497303e-01 1.418309355845047848e-03
5.016520058038369256e-03 9.935651704582305621e-01 1.418309464014490869e-03
5.016520556388058029e-03 9.935651698517115049e-01 1.418309572183912206e-03
5.016521054737647055e-03 9.935651692451925587e-01 1.418309680353312075e-03
5.016521553087136334e-03 9.935651686386738346e-01 1.418309788522690261e-03
5.016521926436139089e-03 9.935651681571553429e-01 1.418309896692046762e-03
5.016522424785441019e-03 9.935651675506368408e-01 1.418310004861381580e-03
5.016522798134281577e-03 9.935651670691186821e-01 1.418310113030694930e-03
5.016523171483047543e-03 9.935651665876005234e-01 1.418310221199986596e-03
5.016523419831400710e-03 9.935651662310829302e-01 1.418310329369256578e-03
5.016523418179054047e-03 9.935651661245660238e-01 1.418310437538504876e-03
5.016523416526708253e-03 9.935651660180491174e-01 1.418310545707731490e-03
5.016523289874062416e-03 9.935651660365325544e-01 1.418310653876936637e-03
5.016523038221154702e-03 9.935651661800162238e-01 1.418310762046120100e-03
5.016522786568298163e-03 9.935651664485002366e-01 1.418310745215006774e-03
5.016522534915491063e-03 9.935651667169841383e-01 1.418310728383896917e-03
5.016522283262734271e-03 9.935651669854679291e-01 1.418310711552790314e-03
5.016522031610027785e-03 9.935651672539517199e-01 1.418310694721687179e-03
5.016521779957372473e-03 9.935651673974351672e-01 1.418310802890812312e-03
5.016521528304766601e-03 9.935651676659188469e-01 1.418310786059703539e-03
5.016521401652411331e-03 9.935651678094022943e-01 1.418310769228597803e-03
5.016521275000082082e-03 9.935651679528856306e-01 1.418310752397495536e-03
5.016521148347777119e-03 9.935651679713688456e-01 1.418310860566571879e-03
5.016520896695335179e-03 9.935651681148521819e-01 1.418310968735626539e-03
5.016520770043094400e-03 9.935651681333353968e-01 1.418311076904659514e-03
5.016520643390877908e-03 9.935651681518187228e-01 1.418311185073670806e-03
5.016520516738687437e-03 9.935651681703019378e-01 1.418311293242660413e-03
5.016520390086522119e-03 9.935651681887851527e-01 1.418311401411628554e-03
5.016520263434381954e-03 9.935651682072683677e-01 1.418311509580575010e-03
5.016520011782180273e-03 9.935651683507515930e-01 1.418311617749499782e-03
5.016519760130028031e-03 9.935651684942348183e-01 1.418311725918403087e-03
5.016519508477926964e-03 9.935651686377179326e-01 1.418311834087284491e-03
5.016519256825875336e-03 9.935651689062011682e-01 1.418311817256094403e-03
5.016519005173874016e-03 9.935651691746842928e-01 1.418311800424907568e-03
5.016518753521923869e-03 9.935651694431674175e-01 1.418311783593723986e-03
5.016518501870023163e-03 9.935651698366505524e-01 1.418311641762531579e-03
5.016518125218173696e-03 9.935651703551334757e-01 1.418311499931367362e-03
