4.627382270177206602e-01 4.576665504445670551e-01 7.959522253574413675e-02
4.627381822889141683e-01 4.576665074047629456e-01 7.959531030435475218e-02
4.627381372873866638e-01 4.576664650013371749e-01 7.959539770930790237e-02
4.627380921040482598e-01 4.576664229615598489e-01 7.959548493242366018e-02
4.627380471934487427e-01 4.576663800126913317e-01 7.959557279189163892e-02
4.627380019192184335e-01 4.576663370638314743e-01 7.959566101498183333e-02
4.627379565540872264e-01 4.576662943877100043e-01 7.959574905623451047e-02
4.627379113707849601e-01 4.576662525297863771e-01 7.959583609746039012e-02
4.627378665511314715e-01 4.576662100355017304e-01 7.959592341139860860e-02
4.627378213678471908e-01 4.576661674503156862e-01 7.959601117986890573e-02
4.627377759118422862e-01 4.576661260469668258e-01 7.959609803922265692e-02
4.627377306376662669e-01 4.576660853709053622e-01 7.959618398946012585e-02
4.627376851816795145e-01 4.576660456039507996e-01 7.959626921240134378e-02
4.627376397257018659e-01 4.576660054733647787e-01 7.959635479896501331e-02
4.627375940879136507e-01 4.576659657973360384e-01 7.959644011278196873e-02
4.627375484501345948e-01 4.576659282122419459e-01 7.959652333565522819e-02
4.627375029941842022e-01 4.576658912635242493e-01 7.959660574032322022e-02
4.627374580837020357e-01 4.576658537693549800e-01 7.959668814497472544e-02
4.627374136277779826e-01 4.576658168206521049e-01 7.959676954960165363e-02
4.627373688082235259e-01 4.576657803265057334e-01 7.959685086330248183e-02
4.627373240795878417e-01 4.576657437414568541e-01 7.959693217698704526e-02
4.627372794418709301e-01 4.576657087927917256e-01 7.959701176336915485e-02
4.627372352587118542e-01 4.576656732986748022e-01 7.959709144064512631e-02
4.627371918937496775e-01 4.576656370772867466e-01 7.959717102699538638e-02
4.627371479833374823e-01 4.576656011286353021e-01 7.959725088605903998e-02
4.627371041638438376e-01 4.576655640890737731e-01 7.959733174511413045e-02
4.627370605261785230e-01 4.576655259586026592e-01 7.959741351325058667e-02
4.627370166157926401e-01 4.576654884645073862e-01 7.959749491773171481e-02
4.627369728872350874e-01 4.576654496067735778e-01 7.959757750402311760e-02
4.627369293405056982e-01 4.576654106581378167e-01 7.959765999938829550e-02
4.627368865210627069e-01 4.576653712549612063e-01 7.959774222200781402e-02
4.627368435198089824e-01 4.576653319427022026e-01 7.959782453552059767e-02
4.627368005185638622e-01 4.576652922668122403e-01 7.959790721265572189e-02
4.627367575173272907e-01 4.576652528636593331e-01 7.959798961704522835e-02
4.627367145160993789e-01 4.576652131877851915e-01 7.959807229414730956e-02
4.627366713330606784e-01 4.576651744210157857e-01 7.959815424395545735e-02
4.627366287863982075e-01 4.576651352906154768e-01 7.959823592101823719e-02
4.627365865124732358e-01 4.576650966147712829e-01 7.959831687078744444e-02
4.627365456931110121e-01 4.576650586662119324e-01 7.959839563870896306e-02
4.627365053283052365e-01 4.576650208994794689e-01 7.959847377024728554e-02
4.627364650544170122e-01 4.576649825872967647e-01 7.959855235631811687e-02
4.627364247805368924e-01 4.576649435478448158e-01 7.959863166965017167e-02
4.627363830521111776e-01 4.576649038720334017e-01 7.959871307388736994e-02
4.627363419600609151e-01 4.576648639235011418e-01 7.959879411446989239e-02
4.627363007771093106e-01 4.576648236113384782e-01 7.959887560958416042e-02
4.627362595032563086e-01 4.576647835719127033e-01 7.959895692286296509e-02
4.627362183203211909e-01 4.576647427143086810e-01 7.959903896340209117e-02
4.627361775919421327e-01 4.576647012203459153e-01 7.959912118574392903e-02
4.627361354999278698e-01 4.576646587263863974e-01 7.959920577171773759e-02
4.627360944079270677e-01 4.576646167778926078e-01 7.959928881221237096e-02
4.627360530432058083e-01 4.576645744657690251e-01 7.959937248905714358e-02
4.627360111330357517e-01 4.576645320627443225e-01 7.959945680225187503e-02
4.627359686774168979e-01 4.576644895688187220e-01 7.959954175179635716e-02
4.627359263127160394e-01 4.576644480749061938e-01 7.959962561040975770e-02
4.627358848571186400e-01 4.576644062173639282e-01 7.959970892354938099e-02
4.627358436742580183e-01 4.576643639961920917e-01 7.959979232758182532e-02
4.627358032186815739e-01 4.576643217750286374e-01 7.959987500432175178e-02
4.627357628540226808e-01 4.576642797356926251e-01 7.959995740831671274e-02
4.627357223984623902e-01 4.576642367872703621e-01 7.960004081229929418e-02
4.627356825792763306e-01 4.576641940206756520e-01 7.960012339808009152e-02
4.627356426691887625e-01 4.576641514359083840e-01 7.960020589293494153e-02
4.627356033045658124e-01 4.576641096693345179e-01 7.960028702413174395e-02
4.627355643035884203e-01 4.576640683573162116e-01 7.960036733712747004e-02
4.627355258480753686e-01 4.576640265907589988e-01 7.960044755919770676e-02
4.627354871198417485e-01 4.576639841878442638e-01 7.960052869034600631e-02
4.627354484825252912e-01 4.576639424213038709e-01 7.960060909420287045e-02
4.627354092997602586e-01 4.576639023820502361e-01 7.960068831622157948e-02
4.627353699351843264e-01 4.576638617064389125e-01 7.960076835640887694e-02
4.627353303887974389e-01 4.576638199399232776e-01 7.960084966931138539e-02
4.627352906605997629e-01 4.576637784461440872e-01 7.960093089128826571e-02
4.627352522051410011e-01 4.576637362250983165e-01 7.960101156779277043e-02
4.627352138405992910e-01 4.576636949131545062e-01 7.960109124427834637e-02
4.627351762942492064e-01 4.576636536012189671e-01 7.960117010256395620e-02
4.627351401115465390e-01 4.576636125620195950e-01 7.960124732446589857e-02
4.627351037470325279e-01 4.576635716137377741e-01 7.960132463726173058e-02
4.627350681098002516e-01 4.576635303927362730e-01 7.960140149549553568e-02
4.627350335634867196e-01 4.576634890808337075e-01 7.960147735371167488e-02
4.627349994717265269e-01 4.576634470416650058e-01 7.960155348464052760e-02
4.627349638345154004e-01 4.576634063661439433e-01 7.960162979737271660e-02
4.627349280154928191e-01 4.576633665088145619e-01 7.960170547372470706e-02
4.627348926510237992e-01 4.576633276514950333e-01 7.960177969551336663e-02
4.627348564683784193e-01 4.576632898850943043e-01 7.960185364455941992e-02
4.627348191948293943e-01 4.576632520277918448e-01 7.960192877541086287e-02
4.627347809212862817e-01 4.576632145341339442e-01 7.960200454261194547e-02
4.627347427386599987e-01 4.576631774950296605e-01 7.960207976434249821e-02
4.627347051014966128e-01 4.576631416377525685e-01 7.960215325878287895e-02
4.627346659188842914e-01 4.576631039622985342e-01 7.960223011684927630e-02
4.627346277362809901e-01 4.576630654686691391e-01 7.960230679308190338e-02
4.627345901900496439e-01 4.576630265205016146e-01 7.960238328748082959e-02
4.627345531892808617e-01 4.576629872996142434e-01 7.960245950913689972e-02
4.627345154612462208e-01 4.576629491696448393e-01 7.960253536714104183e-02
4.627344781877648083e-01 4.576629103124097431e-01 7.960261149785750889e-02
4.627344407324725517e-01 4.576628713642733048e-01 7.960268790128620375e-02
4.627344033680969582e-01 4.576628331434177688e-01 7.960276348651730560e-02
4.627343639128187469e-01 4.576627940134785355e-01 7.960284207173479176e-02
4.627343248211849280e-01 4.576627541562741097e-01 7.960292102057307806e-02
4.627342857295589362e-01 4.576627152990779823e-01 7.960299896939528053e-02
4.627342470015771703e-01 4.576626751691620920e-01 7.960307782729296455e-02
4.627342087281486327e-01 4.576626359483452200e-01 7.960315532153838802e-02
4.627341716365459545e-01 4.576625974548088616e-01 7.960323090667739687e-02
