1.554159386179145286e-01 5.494258993165852534e-01 2.951581620657868221e-01
1.554160230771483575e-01 5.494258443734568731e-01 2.951581325496813735e-01
1.554161075363653111e-01 5.494257894303394840e-01 2.951581030335818090e-01
1.554161919955653615e-01 5.494257344872330862e-01 2.951580735174881842e-01
1.554162764547485365e-01 5.494256795441376795e-01 2.951580440014003881e-01
1.554163609139148083e-01 5.494256246010532641e-01 2.951580144853185317e-01
1.554164453730641771e-01 5.494255696579798398e-01 2.951579849692426150e-01
1.554165298321966704e-01 5.494255147149174068e-01 2.951579554531725824e-01
1.554166142913122606e-01 5.494254597718659650e-01 2.951579259371084341e-01
1.554166987504109754e-01 5.494254048288255143e-01 2.951578964210501699e-01
1.554167832094927870e-01 5.494253498857960549e-01 2.951578669049978454e-01
1.554168676685576955e-01 5.494252949427775867e-01 2.951578373889514051e-01
1.554169521276057286e-01 5.494252399997699987e-01 2.951578078729109045e-01
1.554170365866368586e-01 5.494251850567735129e-01 2.951577783568762325e-01
1.554171210456511132e-01 5.494251301137880183e-01 2.951577488408475558e-01
1.554172055046484646e-01 5.494250751708135150e-01 2.951577193248247077e-01
1.554172899636289129e-01 5.494250202278498918e-01 2.951576898088077994e-01
1.554173744225924858e-01 5.494249652848973708e-01 2.951576602927967752e-01
1.554174588815391556e-01 5.494249103419558411e-01 2.951576307767916907e-01
1.554175433404689499e-01 5.494248553990251915e-01 2.951576012607924904e-01
1.554176277993818411e-01 5.494248004561056442e-01 2.951575717447991742e-01
1.554177122582778292e-01 5.494247455131970881e-01 2.951575422288117978e-01
1.554177967171569419e-01 5.494246905702994122e-01 2.951575127128302500e-01
1.554178811760191514e-01 5.494246356274128384e-01 2.951574831968546975e-01
1.554179656348644856e-01 5.494245806845371449e-01 2.951574536808849736e-01
1.554180500936929166e-01 5.494245257416725536e-01 2.951574241649211894e-01
1.554181345525044444e-01 5.494244707988188425e-01 2.951573946489633449e-01
1.554182190112990969e-01 5.494244158559762337e-01 2.951573651330113290e-01
1.554183034700768462e-01 5.494243609131445050e-01 2.951573356170652529e-01
1.554183879288377201e-01 5.494243059703238785e-01 2.951573061011251164e-01
1.554184723875816909e-01 5.494242510275141322e-01 2.951572765851908087e-01
1.554185568463087586e-01 5.494241960847153772e-01 2.951572470692624406e-01
1.554186413050189508e-01 5.494241411419277243e-01 2.951572175533400122e-01
1.554187257637122399e-01 5.494240861991509517e-01 2.951571880374234125e-01
1.554188102223886536e-01 5.494240312563851703e-01 2.951571585215127524e-01
1.554188946810481642e-01 5.494239763136304910e-01 2.951571290056080321e-01
1.554189791396907994e-01 5.494239213708866920e-01 2.951570994897091960e-01
1.554190635983165314e-01 5.494238664281538842e-01 2.951570699738162440e-01
1.554191480569253603e-01 5.494238114854320676e-01 2.951570404579291762e-01
1.554192325155173138e-01 5.494237565427212422e-01 2.951570109420480481e-01
1.554193169740923641e-01 5.494237016000215190e-01 2.951569814261728042e-01
1.554194014326505113e-01 5.494236466573326760e-01 2.951569519103034445e-01
1.554194858911917831e-01 5.494235917146548243e-01 2.951569223944400244e-01
1.554195703497161796e-01 5.494235367719879637e-01 2.951568928785824886e-01
1.554196548082236451e-01 5.494234818293320943e-01 2.951568633627308924e-01
1.554197392667142630e-01 5.494234268866872162e-01 2.951568338468851804e-01
1.554198237251879500e-01 5.494233719440533292e-01 2.951568043310453526e-01
1.554199081836447616e-01 5.494233170014304335e-01 2.951567748152114090e-01
1.554199926420846978e-01 5.494232620588185290e-01 2.951567452993834051e-01
1.554200771005077031e-01 5.494232071162176156e-01 2.951567157835612853e-01
1.554201615589138608e-01 5.494231521736276935e-01 2.951566862677451053e-01
1.554202460173030875e-01 5.494230972310487626e-01 2.951566567519348094e-01
1.554203304756754389e-01 5.494230422884808229e-01 2.951566272361303978e-01
1.554204149340309149e-01 5.494229873459238744e-01 2.951565977203319258e-01
1.554204993923694877e-01 5.494229324033778061e-01 2.951565682045392824e-01
1.554205838506911574e-01 5.494228774608428401e-01 2.951565386887526343e-01
1.554206683089959518e-01 5.494228225183188652e-01 2.951565091729718149e-01
1.554207527672838429e-01 5.494227675758058815e-01 2.951564796571969351e-01
1.554208372255548309e-01 5.494227126333037781e-01 2.951564501414279951e-01
1.554209216838089436e-01 5.494226576908127768e-01 2.951564206256648837e-01
1.554210061420461531e-01 5.494226027483327668e-01 2.951563911099077120e-01
1.554210906002664871e-01 5.494225478058637480e-01 2.951563615941564245e-01
1.554211750584699181e-01 5.494224928634056093e-01 2.951563320784110767e-01
1.554212595166564737e-01 5.494224379209585729e-01 2.951563025626716130e-01
1.554213439748261261e-01 5.494223829785224167e-01 2.951562730469380336e-01
1.554214284329788753e-01 5.494223280360973627e-01 2.951562435312103938e-01
1.554215128911147492e-01 5.494222730936832999e-01 2.951562140154886382e-01
1.554215973492337199e-01 5.494222181512801173e-01 2.951561844997727668e-01
1.554216818073358153e-01 5.494221632088880369e-01 2.951561549840628351e-01
1.554217662654210075e-01 5.494221082665068367e-01 2.951561254683587876e-01
1.554218507234893243e-01 5.494220533241366278e-01 2.951560959526606243e-01
1.554219351815407102e-01 5.494219983817775210e-01 2.951560664369684006e-01
1.554220196395752485e-01 5.494219434394292945e-01 2.951560369212820611e-01
1.554221040975928558e-01 5.494218884970921701e-01 2.951560074056016614e-01
1.554221885555936156e-01 5.494218335547659260e-01 2.951559778899270903e-01
1.554222730135774444e-01 5.494217786124506731e-01 2.951559483742585144e-01
1.554223574715443978e-01 5.494217236701465223e-01 2.951559188585957672e-01
1.554224419294944481e-01 5.494216687278532518e-01 2.951558893429389596e-01
1.554225263874276231e-01 5.494216137855709725e-01 2.951558598272880363e-01
1.554226108453438948e-01 5.494215588432996844e-01 2.951558303116429971e-01
1.554226953032432912e-01 5.494215039010394985e-01 2.951558007960038976e-01
1.554227797611257844e-01 5.494214489587901928e-01 2.951557712803706823e-01
1.554228642189913745e-01 5.494213940165518784e-01 2.951557417647434067e-01
1.554229486768400892e-01 5.494213390743245551e-01 2.951557122491219598e-01
1.554230331346719285e-01 5.494212841321082230e-01 2.951556827335065081e-01
1.554231175924868369e-01 5.494212291899028822e-01 2.951556532178968850e-01
1.554232020502848699e-01 5.494211742477085325e-01 2.951556237022932017e-01
1.554232865080660275e-01 5.494211193055251741e-01 2.951555941866954025e-01
1.554233709658302820e-01 5.494210643633528068e-01 2.951555646711035430e-01
1.554234554235776333e-01 5.494210094211914308e-01 2.951555351555175677e-01
1.554235398813081093e-01 5.494209544790410460e-01 2.951555056399374766e-01
1.554236243390216821e-01 5.494208995369016524e-01 2.951554761243632696e-01
1.554237087967183795e-01 5.494208445947732500e-01 2.951554466087950024e-01
1.554237932543981737e-01 5.494207896526558388e-01 2.951554170932326193e-01
1.554238777120610648e-01 5.494207347105494188e-01 2.951553875776761759e-01
1.554239621697070806e-01 5.494206797684539900e-01 2.951553580621256168e-01
1.554240466273361931e-01 5.494206248263694414e-01 2.951553285465809418e-01
1.554241310849484303e-01 5.494205698842959951e-01 2.951552990310422064e-01
1.554242155425437644e-01 5.494205149422335399e-01 2.951552695155093553e-01
1.554243000001222230e-01 5.494204600001820760e-01 2.951552399999823884e-01
