1.225121371565778827e-01 6.162906212737790934e-01 2.611972415678550652e-01
1.225121249052441158e-01 6.162906596450931085e-01 2.611972154478749419e-01
1.225121126539127775e-01 6.162906980163993520e-01 2.611971893279000367e-01
1.225121004025839094e-01 6.162907363876978240e-01 2.611971632079303496e-01
1.225120881512574700e-01 6.162907747589887464e-01 2.611971370879658805e-01
1.225120758999335008e-01 6.162908131302720083e-01 2.611971109680066849e-01
1.225120636486119741e-01 6.162908515015474986e-01 2.611970848480526519e-01
1.225120513972928898e-01 6.162908898728153284e-01 2.611970587281038370e-01
1.225120391459762620e-01 6.162909282440756087e-01 2.611970326081602956e-01
1.225120268946620905e-01 6.162909666153281174e-01 2.611970064882219722e-01
1.225120146433503615e-01 6.162910049865729656e-01 2.611969803682888669e-01
1.225120023920410889e-01 6.162910433578100422e-01 2.611969542483609241e-01
1.225119901407342587e-01 6.162910817290395693e-01 2.611969281284382549e-01
1.225119778894298850e-01 6.162911201002614359e-01 2.611969020085208593e-01
1.225119656381279676e-01 6.162911584714755309e-01 2.611968758886086261e-01
1.225119533868284927e-01 6.162911968426819653e-01 2.611968497687016111e-01
1.225119411355314603e-01 6.162912352138808503e-01 2.611968236487998696e-01
1.225119288842368842e-01 6.162912735850719637e-01 2.611967975289032906e-01
1.225119166329447645e-01 6.162913119562554165e-01 2.611967714090119852e-01
1.225119043816550873e-01 6.162913503274312088e-01 2.611967452891258978e-01
1.225118921303678665e-01 6.162913886985992296e-01 2.611967191692450285e-01
1.225118798790830882e-01 6.162914270697597008e-01 2.611966930493693217e-01
1.225118676278007662e-01 6.162914654409124005e-01 2.611966669294989440e-01
1.225118553765209006e-01 6.162915038120575506e-01 2.611966408096337289e-01
1.225118431252434775e-01 6.162915421831949292e-01 2.611966146897737318e-01
1.225118308739685108e-01 6.162915805543246472e-01 2.611965885699190082e-01
1.225118186226959865e-01 6.162916189254467048e-01 2.611965624500694472e-01
1.225118063714259187e-01 6.162916572965611017e-01 2.611965363302251597e-01
1.225117941201582933e-01 6.162916956676677271e-01 2.611965102103860348e-01
1.225117818688931243e-01 6.162917340387668030e-01 2.611964840905521834e-01
1.225117696176303977e-01 6.162917724098582184e-01 2.611964579707235501e-01
1.225117573663701276e-01 6.162918107809418622e-01 2.611964318509001348e-01
1.225117451151123138e-01 6.162918491520178454e-01 2.611964057310819376e-01
1.225117328638569425e-01 6.162918875230861682e-01 2.611963796112690139e-01
1.225117206126040137e-01 6.162919258941468303e-01 2.611963534914612528e-01
1.225117083613535551e-01 6.162919642651998320e-01 2.611963273716587652e-01
1.225116961101055252e-01 6.162920026362451731e-01 2.611963012518614402e-01
1.225116838588599655e-01 6.162920410072827426e-01 2.611962751320693887e-01
1.225116716076168483e-01 6.162920793783127626e-01 2.611962490122825553e-01
1.225116593563761735e-01 6.162921177493350111e-01 2.611962228925009399e-01
1.225116471051379552e-01 6.162921561203495990e-01 2.611961967727245426e-01
1.225116348539021932e-01 6.162921944913566374e-01 2.611961706529533633e-01
1.225116226026688737e-01 6.162922328623559043e-01 2.611961445331874021e-01
1.225116103514380106e-01 6.162922712333473996e-01 2.611961184134266589e-01
1.225115981002095900e-01 6.162923096043313453e-01 2.611960922936711893e-01
1.225115858489836257e-01 6.162923479753076306e-01 2.611960661739208822e-01
1.225115735977601039e-01 6.162923863462761442e-01 2.611960400541758487e-01
1.225115613465390385e-01 6.162924247172371084e-01 2.611960139344360332e-01
1.225115490953204295e-01 6.162924630881903010e-01 2.611959878147014358e-01
1.225115368441042629e-01 6.162925014591358330e-01 2.611959616949720564e-01
1.225115245928905389e-01 6.162925398300737045e-01 2.611959355752478951e-01
1.225115123416792712e-01 6.162925782010039155e-01 2.611959094555289518e-01
1.225115000904704599e-01 6.162926165719264660e-01 2.611958833358152265e-01
1.225114878392641049e-01 6.162926549428412448e-01 2.611958572161067749e-01
1.225114755880601786e-01 6.162926933137484742e-01 2.611958310964034857e-01
1.225114647654364369e-01 6.162927302560702314e-01 2.611958049767054701e-01
1.225114539428148602e-01 6.162927671983846611e-01 2.611957788570126726e-01
1.225114431201954485e-01 6.162928041406916524e-01 2.611957527373250376e-01
1.225114322975782016e-01 6.162928410829912051e-01 2.611957266176426762e-01
1.225114214749631197e-01 6.162928780252834304e-01 2.611957004979655328e-01
1.225114106523502028e-01 6.162929149675683282e-01 2.611956743782936630e-01
1.225113998297394508e-01 6.162929519098457876e-01 2.611956482586269557e-01
1.225113890071308637e-01 6.162929888521158084e-01 2.611956221389654664e-01
1.225113781845244276e-01 6.162930257943785017e-01 2.611955960193092507e-01
1.225113673619201704e-01 6.162930627366337566e-01 2.611955698996581976e-01
1.225113565393180781e-01 6.162930996788816840e-01 2.611955437800124180e-01
1.225113457167181369e-01 6.162931366211221729e-01 2.611955176603718565e-01
1.225113348941203745e-01 6.162931735633552233e-01 2.611954915407365130e-01
1.225113240715247770e-01 6.162932105055809462e-01 2.611954654211063875e-01
1.225113132489313306e-01 6.162932474477993416e-01 2.611954393014814801e-01
1.225113024263400630e-01 6.162932843900102986e-01 2.611954131818617908e-01
1.225112916037509464e-01 6.162933213322138171e-01 2.611953870622473195e-01
1.225112807811640087e-01 6.162933582744100081e-01 2.611953609426381218e-01
1.225112699585792220e-01 6.162933952165987606e-01 2.611953348230340866e-01
1.225112577074216058e-01 6.162934335873552216e-01 2.611953087034353249e-01
1.225112454562664321e-01 6.162934719581039111e-01 2.611952825838417813e-01
1.225112332051137010e-01 6.162935103288450511e-01 2.611952564642534558e-01
1.225112209539634262e-01 6.162935486995784196e-01 2.611952303446703483e-01
1.225112087028156077e-01 6.162935870703041275e-01 2.611952042250924588e-01
1.225111964516702318e-01 6.162936254410221748e-01 2.611951781055197874e-01
1.225111842005273122e-01 6.162936638117324506e-01 2.611951519859523341e-01
1.225111719493868351e-01 6.162937021824351769e-01 2.611951258663900988e-01
1.225111596982488144e-01 6.162937405531301316e-01 2.611950997468331370e-01
1.225111474471132500e-01 6.162937789238175368e-01 2.611950736272813933e-01
1.225111351959801281e-01 6.162938172944971704e-01 2.611950475077348122e-01
1.225111229448494488e-01 6.162938556651691435e-01 2.611950213881935046e-01
1.225111106937212396e-01 6.162938940358334561e-01 2.611949952686574150e-01
1.225110984425954591e-01 6.162939324064901081e-01 2.611949691491265435e-01
1.225110861914721488e-01 6.162939707771390996e-01 2.611949430296008900e-01
1.225110739403512672e-01 6.162940091477804305e-01 2.611949169100804546e-01
1.225110616892328558e-01 6.162940475184139899e-01 2.611948907905652928e-01
1.225110494381168869e-01 6.162940858890399998e-01 2.611948646710552935e-01
1.225110371870033604e-01 6.162941242596582381e-01 2.611948385515505677e-01
1.225110249358922904e-01 6.162941626302688158e-01 2.611948124320510045e-01
1.225110126847836767e-01 6.162942010008717331e-01 2.611947863125567149e-01
1.225110004336775055e-01 6.162942393714669898e-01 2.611947601930676433e-01
1.225109881825737906e-01 6.162942777420545859e-01 2.611947340735837897e-01
1.225109759314725183e-01 6.162943161126344105e-01 2.611947079541051542e-01
1.225109636803737023e-01 6.162943544832066856e-01 2.611946818346317367e-01
1.225109514292773288e-01 6.162943928537711891e-01 2.611946557151635373e-01
