4.846452352875924019e-01 2.836491352264097765e-01 2.317056294881702505e-01
4.846451890226154413e-01 2.836491078612280448e-01 2.317057031183288596e-01
4.846451429576497105e-01 2.836490804960518086e-01 2.317057765484708265e-01
4.846450970926950985e-01 2.836490531308810681e-01 2.317058497785961790e-01
4.846450513277505978e-01 2.836490257657157121e-01 2.317059229087059524e-01
4.846450055628152565e-01 2.836489984005559073e-01 2.317059960388010709e-01
4.846449596978881225e-01 2.836489710354015426e-01 2.317060692688825418e-01
4.846449140329719962e-01 2.836489436702526734e-01 2.317061422989474540e-01
4.846448681680631809e-01 2.836489163051092444e-01 2.317062155289996428e-01
4.846448221031618431e-01 2.836488888399704700e-01 2.317062890590398661e-01
4.846447761382705610e-01 2.836488613748371357e-01 2.317063624890645102e-01
4.846447299733867009e-01 2.836488341097110344e-01 2.317064359190744438e-01
4.846446841085146340e-01 2.836488069445913252e-01 2.317065089490661922e-01
4.846446383436526228e-01 2.836487797794770005e-01 2.317065818790425002e-01
4.846445925787997711e-01 2.836487526143681159e-01 2.317066548090042366e-01
4.846445467139552377e-01 2.836487255492655124e-01 2.317067277389513735e-01
4.846445005491173963e-01 2.836486984841682935e-01 2.317068009688864338e-01
4.846444543842887698e-01 2.836486713190757292e-01 2.317068742988076246e-01
4.846444086194726109e-01 2.836486441539885495e-01 2.317069472287109355e-01
4.846443629546664522e-01 2.836486168889060244e-01 2.317070201585996747e-01
4.846443173898701828e-01 2.836485897238297249e-01 2.317070928884721881e-01
4.846442717250822318e-01 2.836485625587588655e-01 2.317071657183309707e-01
4.846442261603042256e-01 2.836485351936918753e-01 2.317072386481759672e-01
4.846441804955345378e-01 2.836485078286303807e-01 2.317073116780071218e-01
4.846441346307724940e-01 2.836484804635743262e-01 2.317073849078251924e-01
4.846440887660196095e-01 2.836484529985230374e-01 2.317074582376293101e-01
4.846440427012744800e-01 2.836484255334772442e-01 2.317075317674202883e-01
4.846439965365378355e-01 2.836483980684369466e-01 2.317076053971972305e-01
4.846439503718104058e-01 2.836483707034028190e-01 2.317076789269587600e-01
4.846439043070929209e-01 2.836483434383749169e-01 2.317077522567041747e-01
4.846438583423853808e-01 2.836483162733531294e-01 2.317078253864335302e-01
4.846438122776863255e-01 2.836482892083374563e-01 2.317078985161482862e-01
4.846437661129958108e-01 2.836482622433278422e-01 2.317079716458483873e-01
4.846437199483145108e-01 2.836482350783223749e-01 2.317080449755351823e-01
4.846436736836417514e-01 2.836482079133222922e-01 2.317081184052079967e-01
4.846436275189789367e-01 2.836481807483276496e-01 2.317081917348654541e-01
4.846435813543253923e-01 2.836481534833377727e-01 2.317082651645088753e-01
4.846435351896810073e-01 2.836481263183540102e-01 2.317083384941369950e-01
4.846434890250458927e-01 2.836480992533763068e-01 2.317084117237498686e-01
4.846434428604199929e-01 2.836480720884033691e-01 2.317084850533486506e-01
4.846433966958033634e-01 2.836480449234359269e-01 2.317085583829327777e-01
4.846433505311959489e-01 2.836480176584732504e-01 2.317086318125028410e-01
4.846433042665971858e-01 2.836479904935166885e-01 2.317087052420581939e-01
4.846432578020065107e-01 2.836479632285649477e-01 2.317087789716005541e-01
4.846432113374251061e-01 2.836479358636180836e-01 2.317088528011287396e-01
4.846431647728525749e-01 2.836479084986767152e-01 2.317089267306426670e-01
4.846431181082887507e-01 2.836478811337407868e-01 2.317090007601423640e-01
4.846430712437332367e-01 2.836478538688109174e-01 2.317090748896277752e-01
4.846430243791871040e-01 2.836478267038869960e-01 2.317091489190978570e-01
4.846429773146493925e-01 2.836477995389685147e-01 2.317092231485541054e-01
4.846429301501205544e-01 2.836477723740554735e-01 2.317092974779960124e-01
4.846428829856012088e-01 2.836477450091468566e-01 2.317093720074240026e-01
4.846428358210912446e-01 2.836477177442441877e-01 2.317094464368366080e-01
4.846427885565902649e-01 2.836476904793470144e-01 2.317095209662347888e-01
4.846427412920987221e-01 2.836476632144552257e-01 2.317095954956180648e-01
4.846426940276166717e-01 2.836476358495684802e-01 2.317096701249868884e-01
4.846426467631440027e-01 2.836476083846868335e-01 2.317097448543412042e-01
4.846425994986808261e-01 2.836475808198101745e-01 2.317098196836810120e-01
4.846425522342271419e-01 2.836475532549391221e-01 2.317098945130058318e-01
4.846425047697819899e-01 2.836475256900735098e-01 2.317099695423164851e-01
4.846424572053459889e-01 2.836474981252134486e-01 2.317100446716125195e-01
4.846424095409191946e-01 2.836474706603592244e-01 2.317101198008935659e-01
4.846423620765025753e-01 2.836474431955105513e-01 2.317101947301588305e-01
4.846423146120955039e-01 2.836474160306684533e-01 2.317102693594080276e-01
4.846422672476982663e-01 2.836473887658314541e-01 2.317103439886423200e-01
4.846422198833104655e-01 2.836473615009998395e-01 2.317104186178616521e-01
4.846421725189321572e-01 2.836473342361737204e-01 2.317104932470660794e-01
4.846421250545630000e-01 2.836473070713533828e-01 2.317105678762556020e-01
4.846420775902033351e-01 2.836472798065381440e-01 2.317106426054304502e-01
4.846420301258531627e-01 2.836472526417286866e-01 2.317107172345900801e-01
4.846419826615124826e-01 2.836472254769246693e-01 2.317107918637348052e-01
4.846419350971810092e-01 2.836471984121263223e-01 2.317108664928645700e-01
4.846418876328593139e-01 2.836471713473333600e-01 2.317109410219791443e-01
4.846418401685471111e-01 2.836471443825461236e-01 2.317110154510785558e-01
4.846417926042441704e-01 2.836471173177639860e-01 2.317110900801635787e-01
4.846417450399507221e-01 2.836470902529872884e-01 2.317111647092336968e-01
4.846416975756669965e-01 2.836470631882159754e-01 2.317112392382886521e-01
4.846416499113924137e-01 2.836470360234499277e-01 2.317113140673293381e-01
4.846416021471271485e-01 2.836470088586892646e-01 2.317113889963552942e-01
4.846415543828714312e-01 2.836469816939340971e-01 2.317114639253662622e-01
4.846415064186248567e-01 2.836469546291844890e-01 2.317115389543624171e-01
4.846414583543876553e-01 2.836469276644404958e-01 2.317116139833435562e-01
4.846414101901599381e-01 2.836469005997016568e-01 2.317116892123100846e-01
4.846413620259417687e-01 2.836468736349684883e-01 2.317117643412613670e-01
4.846413138617333138e-01 2.836468467702408236e-01 2.317118393701974588e-01
4.846412656975344624e-01 2.836468197055182494e-01 2.317119145991188567e-01
4.846412175333452144e-01 2.836467927408011791e-01 2.317119897280250640e-01
4.846411693691656253e-01 2.836467656760894296e-01 2.317120649569163748e-01
4.846411212049956396e-01 2.836467386113830647e-01 2.317121401857926422e-01
4.846410730408353129e-01 2.836467115466821398e-01 2.317122154146538660e-01
4.846410248766846451e-01 2.836466845819867189e-01 2.317122905434999547e-01
4.846409768125436446e-01 2.836466579172969293e-01 2.317123652723306615e-01
4.846409287484123030e-01 2.836466316526127240e-01 2.317124396011461807e-01
4.846408806842905648e-01 2.836466054879338561e-01 2.317125138299467590e-01
4.846408326201784300e-01 2.836465792232601979e-01 2.317125881587325242e-01
4.846407846560759625e-01 2.836465528585917495e-01 2.317126624875034679e-01
4.846407366919830983e-01 2.836465263939285109e-01 2.317127369162595152e-01
4.846406886278998294e-01 2.836465000292706096e-01 2.317128113450006854e-01
4.846406405638261083e-01 2.836464735646179181e-01 2.317128858737270147e-01
4.846405925997620545e-01 2.836464470999705556e-01 2.317129603024384032e-01
