1.435389010351519612e-01 4.867566788911099063e-01 3.697044200736736563e-01
1.435388866811211916e-01 4.867566302149650137e-01 3.697044831038493462e-01
1.435388723270932809e-01 4.867565815388297801e-01 3.697045461340124350e-01
1.435388579730682568e-01 4.867565328627043719e-01 3.697046091641629229e-01
1.435388436190460915e-01 4.867564841865886782e-01 3.697046721943007541e-01
1.435388292650268127e-01 4.867564355104826990e-01 3.697047352244260399e-01
1.435388149110103928e-01 4.867563868343864342e-01 3.697047982545387246e-01
1.435388005569968317e-01 4.867563381582999393e-01 3.697048612846387527e-01
1.435387862029861572e-01 4.867562894822231589e-01 3.697049243147261799e-01
1.435387718489783693e-01 4.867562408061561485e-01 3.697049873448010615e-01
1.435387574949734124e-01 4.867561921300988526e-01 3.697050503748632866e-01
1.435387431409713699e-01 4.867561434540512710e-01 3.697051134049129106e-01
1.435387287869721584e-01 4.867560947780134595e-01 3.697051764349499337e-01
1.435387144329758335e-01 4.867560461019853624e-01 3.697052394649743556e-01
1.435387000789823952e-01 4.867559974259669797e-01 3.697053024949861211e-01
1.435386857249918158e-01 4.867559487499583670e-01 3.697053655249853410e-01
1.435386713710040951e-01 4.867559000739594688e-01 3.697054285549719599e-01
1.435386570170192611e-01 4.867558513979703405e-01 3.697054915849459222e-01
1.435386426630372858e-01 4.867558027219909267e-01 3.697055546149073391e-01
1.435386283090581971e-01 4.867557540460212273e-01 3.697056176448560993e-01
1.435386139550819673e-01 4.867557053700612979e-01 3.697056806747922586e-01
1.435385996011085963e-01 4.867556566941110829e-01 3.697057437047158168e-01
1.435385852471381118e-01 4.867556080181706379e-01 3.697058067346267740e-01
1.435385708931705140e-01 4.867555593422399074e-01 3.697058697645251302e-01
1.435385565392057472e-01 4.867555106663188913e-01 3.697059327944108853e-01
1.435385421852438947e-01 4.867554619904075897e-01 3.697059958242840394e-01
1.435385278312848734e-01 4.867554133145060580e-01 3.697060588541445925e-01
1.435385134773287663e-01 4.867553646386142963e-01 3.697061218839924890e-01
1.435384991233754903e-01 4.867553159627321935e-01 3.697061849138278400e-01
1.435384847694251009e-01 4.867552672868598607e-01 3.697062479436505344e-01
1.435384704154775704e-01 4.867552186109972978e-01 3.697063109734606279e-01
1.435384560615329264e-01 4.867551699351444494e-01 3.697063740032581758e-01
1.435384417075911689e-01 4.867551212593013155e-01 3.697064370330430672e-01
1.435384273536522426e-01 4.867550725834679515e-01 3.697065000628153575e-01
1.435384129997162028e-01 4.867550239076443019e-01 3.697065630925750468e-01
1.435383986457830496e-01 4.867549752318303669e-01 3.697066261223221351e-01
1.435383842918527553e-01 4.867549265560262017e-01 3.697066891520565668e-01
1.435383699379253197e-01 4.867548778802317511e-01 3.697067521817784530e-01
1.435383555840007708e-01 4.867548292044470148e-01 3.697068152114877382e-01
1.435383412300791084e-01 4.867547805286720486e-01 3.697068782411843668e-01
1.435383268761602771e-01 4.867547318529067968e-01 3.697069412708684499e-01
1.435383125222443323e-01 4.867546831771513149e-01 3.697070043005398765e-01
1.435382981683312742e-01 4.867546345014055476e-01 3.697070673301987020e-01
1.435382838144210749e-01 4.867545858256694946e-01 3.697071303598449266e-01
1.435382694605137621e-01 4.867545371499432116e-01 3.697071933894785500e-01
1.435382551066092804e-01 4.867544884742266431e-01 3.697072564190995725e-01
1.435382407527077131e-01 4.867544397985197890e-01 3.697073194487079939e-01
1.435382263988089768e-01 4.867543911228227049e-01 3.697073824783038143e-01
1.435382120449131549e-01 4.867543424471353353e-01 3.697074455078870336e-01
1.435381976910201640e-01 4.867542937714577356e-01 3.697075085374575965e-01
1.435381833371300597e-01 4.867542450957898503e-01 3.697075715670156137e-01
1.435381689832428420e-01 4.867541964201316795e-01 3.697076345965609745e-01
1.435381546293584831e-01 4.867541477444832787e-01 3.697076976260937897e-01
1.435381402754769831e-01 4.867540990688445923e-01 3.697077606556139484e-01
1.435381259215983696e-01 4.867540503932156759e-01 3.697078236851215061e-01
1.435381115677226149e-01 4.867540017175964184e-01 3.697078867146164627e-01
1.435380972138497468e-01 4.867539530419869864e-01 3.697079497440988183e-01
1.435380828599797376e-01 4.867539043663872134e-01 3.697080127735685728e-01
1.435380685061125872e-01 4.867538556907972103e-01 3.697080758030257264e-01
1.435380541522483233e-01 4.867538070152169216e-01 3.697081388324702789e-01
1.435380397983869183e-01 4.867537583396464029e-01 3.697082018619021748e-01
1.435380254445283998e-01 4.867537096640855987e-01 3.697082648913215253e-01
1.435380110906727402e-01 4.867536609885345644e-01 3.697083279207282192e-01
1.435379967368199672e-01 4.867536123129931891e-01 3.697083909501223675e-01
1.435379823829700530e-01 4.867535636374615837e-01 3.697084539795038594e-01
1.435379680291230253e-01 4.867535149619397483e-01 3.697085170088727502e-01
1.435379536752788565e-01 4.867534662864276274e-01 3.697085800382290399e-01
1.435379393214375465e-01 4.867534176109252209e-01 3.697086430675727287e-01
1.435379249675991231e-01 4.867533689354325843e-01 3.697087060969038164e-01
1.435379106137635585e-01 4.867533202599496622e-01 3.697087691262223030e-01
1.435378962599308805e-01 4.867532715844764546e-01 3.697088321555281887e-01
1.435378819061010613e-01 4.867532229090130169e-01 3.697088951848214733e-01
1.435378675522741010e-01 4.867531742335592937e-01 3.697089582141021014e-01
1.435378531984500272e-01 4.867531255581153404e-01 3.697090212433701839e-01
1.435378388446288400e-01 4.867530768826811016e-01 3.697090842726256099e-01
1.435378244908104839e-01 4.867530282072565773e-01 3.697091473018684349e-01
1.435378101369950421e-01 4.867529795318418229e-01 3.697092103310987143e-01
1.435377957831824314e-01 4.867529308564367829e-01 3.697092733603163373e-01
1.435377814293727072e-01 4.867528821810414574e-01 3.697093363895213591e-01
1.435377670755658697e-01 4.867528335056559019e-01 3.697093994187137800e-01
1.435377527217618909e-01 4.867527848302800608e-01 3.697094624478935998e-01
1.435377383679607710e-01 4.867527361549139342e-01 3.697095254770608186e-01
1.435377240141625377e-01 4.867526874795575775e-01 3.697095885062153808e-01
1.435377096603671632e-01 4.867526388042109908e-01 3.697096515353573976e-01
1.435376953065746752e-01 4.867525901288740631e-01 3.697097145644867577e-01
1.435376809527850461e-01 4.867525414535469053e-01 3.697097775936035724e-01
1.435376665989983036e-01 4.867524927782295174e-01 3.697098406227077305e-01
1.435376522452144199e-01 4.867524441029217885e-01 3.697099036517992876e-01
1.435376378914333950e-01 4.867523954276238296e-01 3.697099666808782992e-01
1.435376235376552567e-01 4.867523467523356406e-01 3.697100297099446542e-01
1.435376091838799772e-01 4.867522980770571661e-01 3.697100927389984082e-01
1.435375948301075844e-01 4.867522494017884060e-01 3.697101557680395612e-01
1.435375804763380503e-01 4.867522007265294159e-01 3.697102187970681131e-01
1.435375661225714028e-01 4.867521520512800848e-01 3.697102818260840085e-01
1.435375517688076141e-01 4.867521033760405791e-01 3.697103448550873583e-01
1.435375374150466843e-01 4.867520547008107878e-01 3.697104078840781072e-01
1.435375230612886410e-01 4.867520060255907111e-01 3.697104709130561995e-01
1.435375087075334566e-01 4.867519573503803487e-01 3.697105339420217462e-01
1.435374943537811587e-01 4.867519086751797563e-01 3.697105969709746365e-01
1.435374800000317197e-01 4.867518599999888784e-01 3.697106599999149257e-01
