5.030756301485087567e-01 2.925793198351968050e-01 2.043450500151708094e-01
5.030755814404683779e-01 2.925792924769967107e-01 2.043451260814112824e-01
5.030755325324358651e-01 2.925792649188001526e-01 2.043452025476403811e-01
5.030754837244140187e-01 2.925792374606100421e-01 2.043452788138522824e-01
5.030754350164029498e-01 2.925792099024245307e-01 2.043453550800489182e-01
5.030753863084015398e-01 2.925791824442454114e-01 2.043454312462293920e-01
5.030753376004098998e-01 2.925791550860727397e-01 2.043455073123936760e-01
5.030752887924271333e-01 2.925791277279055080e-01 2.043455834785436742e-01
5.030752399844540257e-01 2.925791002697428755e-01 2.043456597446793588e-01
5.030751911764906881e-01 2.925790729115866351e-01 2.043457359107988813e-01
5.030751425685390243e-01 2.925790453534340418e-01 2.043458120769031661e-01
5.030750939605970196e-01 2.925790177952869997e-01 2.043458882429922130e-01
5.030750454526655702e-01 2.925789902371454532e-01 2.043459643090651812e-01
5.030749970447447872e-01 2.925789626790094577e-01 2.043460402751220428e-01
5.030749487368343376e-01 2.925789349208772760e-01 2.043461163411645909e-01
5.030749004289336579e-01 2.925789070627497490e-01 2.043461925071927421e-01
5.030748520210418517e-01 2.925788795046302959e-01 2.043462684732040013e-01
5.030748036131598155e-01 2.925788518465155530e-01 2.043463445392009192e-01
5.030747552052873273e-01 2.925788241884063057e-01 2.043464206051825993e-01
5.030747068974252834e-01 2.925787966303034504e-01 2.043464964711474707e-01
5.030746585895728984e-01 2.925787691722068762e-01 2.043465722370963744e-01
5.030746102817302834e-01 2.925787417141157976e-01 2.043466480030301236e-01
5.030745621738987872e-01 2.925787143560309445e-01 2.043467234689464174e-01
5.030745140660769499e-01 2.925786866979492862e-01 2.043467992348499129e-01
5.030744657582632007e-01 2.925786590398731790e-01 2.043468752007397138e-01
5.030744173504584360e-01 2.925786313818025675e-01 2.043469512666150900e-01
5.030743688426625448e-01 2.925786037237375070e-01 2.043470274324759861e-01
5.030743203348764236e-01 2.925785760656779977e-01 2.043471035983216166e-01
5.030742716270986126e-01 2.925785484076239840e-01 2.043471799641534692e-01
5.030742229193304604e-01 2.925785208495762513e-01 2.043472562299693263e-01
5.030741742115720783e-01 2.925784931915332843e-01 2.043473325957706477e-01
5.030741256038241405e-01 2.925784655334958684e-01 2.043474088615560014e-01
5.030740770960865360e-01 2.925784378754640036e-01 2.043474850273254151e-01
5.030740285883587015e-01 2.925784101174370155e-01 2.043475612930802654e-01
5.030739800806405260e-01 2.925783825594168719e-01 2.043476373588185568e-01
5.030739318729340326e-01 2.925783552014035171e-01 2.043477129245384605e-01
5.030738836652370871e-01 2.925783279433962769e-01 2.043477883902425907e-01
5.030738354575498006e-01 2.925783006853944768e-01 2.043478638559316496e-01
5.030737870498709352e-01 2.925782734273981722e-01 2.043479395216068195e-01
5.030737390422042044e-01 2.925782460694066334e-01 2.043480148872650615e-01
5.030736911345476958e-01 2.925782186114200822e-01 2.043480902529082321e-01
5.030736431269001718e-01 2.925781912534395346e-01 2.043481656185363315e-01
5.030735948192603946e-01 2.925781638954644270e-01 2.043482412841510776e-01
5.030735464116299349e-01 2.925781365374948151e-01 2.043483170497512325e-01
5.030734980040090232e-01 2.925781091795306987e-01 2.043483928153362328e-01
5.030734492963961912e-01 2.925780817215715146e-01 2.043484689809082488e-01
5.030734006887936927e-01 2.925780541636172627e-01 2.043485451464650271e-01
5.030733522812018688e-01 2.925780266056685619e-01 2.043486211120055240e-01
5.030733039736202672e-01 2.925779990477253567e-01 2.043486969775303308e-01
5.030732557660487769e-01 2.925779716897886629e-01 2.043487725430384594e-01
5.030732075584869456e-01 2.925779445318584249e-01 2.043488479085305010e-01
5.030731592509343209e-01 2.925779174739340793e-01 2.043489232740074713e-01
5.030731106433898869e-01 2.925778905160156262e-01 2.043489988394703027e-01
5.030730619358547706e-01 2.925778630581002959e-01 2.043490750049207771e-01
5.030730132283294243e-01 2.925778358001913104e-01 2.043491509703551368e-01
5.030729647208146416e-01 2.925778085422878205e-01 2.043492267357734093e-01
5.030729165133108749e-01 2.925777813843902231e-01 2.043493021011748012e-01
5.030728683058166562e-01 2.925777542264980102e-01 2.043493774665611495e-01
5.030728199983317550e-01 2.925777268686103882e-01 2.043494531319336172e-01
5.030727714908557191e-01 2.925776995107282619e-01 2.043495289972917517e-01
5.030727231833901358e-01 2.925776721528516311e-01 2.043496046626339380e-01
5.030726748759342115e-01 2.925776445949797022e-01 2.043496805279617634e-01
5.030726265684879461e-01 2.925776171371136658e-01 2.043497562932740375e-01
5.030725781610511094e-01 2.925775894792523313e-01 2.043498323585722642e-01
5.030725298536241619e-01 2.925775620213972861e-01 2.043499081238542014e-01
5.030724817462075560e-01 2.925775345635477920e-01 2.043499836891203292e-01
5.030724334387999264e-01 2.925775070057033411e-01 2.043500595543722986e-01
5.030723849314013840e-01 2.925774792478638697e-01 2.043501358196103956e-01
5.030723363240121593e-01 2.925774514900298939e-01 2.043502121848335407e-01
5.030722877166327045e-01 2.925774237322014693e-01 2.043502885500414479e-01
5.030722391092630197e-01 2.925773960743788815e-01 2.043503648152337482e-01
5.030721906019033351e-01 2.925773682165612732e-01 2.043504411804110965e-01
5.030721421945535399e-01 2.925773402587489302e-01 2.043505175455731793e-01
5.030720935872129429e-01 2.925773126009429959e-01 2.043505938107197106e-01
5.030720447798815442e-01 2.925772850431428429e-01 2.043506701758512623e-01
5.030719960725601458e-01 2.925772572853477249e-01 2.043507466409677509e-01
5.030719473652485174e-01 2.925772294275579277e-01 2.043508232060691765e-01
5.030718984579461983e-01 2.925772014697734513e-01 2.043509000711559720e-01
5.030718495506537602e-01 2.925771734119944067e-01 2.043509770362275935e-01
5.030718007433711003e-01 2.925771453542209688e-01 2.043510539012836080e-01
5.030717520360984407e-01 2.925771175964536619e-01 2.043511303663235190e-01
5.030717033288355511e-01 2.925770895386914372e-01 2.043512071313486611e-01
5.030716546215824314e-01 2.925770614809347636e-01 2.043512838963584544e-01
5.030716058143388514e-01 2.925770334231837522e-01 2.043513607613530458e-01
5.030715571071051606e-01 2.925770053654383474e-01 2.043514375263321137e-01
5.030715083998812398e-01 2.925769773076985492e-01 2.043515142912958327e-01
5.030714596926670890e-01 2.925769492499643576e-01 2.043515910562442306e-01
5.030714108854624778e-01 2.925769212922358364e-01 2.043516678211772242e-01
5.030713618782675089e-01 2.925768934345130967e-01 2.043517446860950160e-01
5.030713128710824211e-01 2.925768655767958526e-01 2.043518215509974034e-01
5.030712638639069922e-01 2.925768376190841513e-01 2.043518985158845058e-01
5.030712146567413168e-01 2.925768099613782480e-01 2.043519753807561401e-01
5.030711655495854195e-01 2.925767824036779596e-01 2.043520520456122702e-01
5.030711164424394033e-01 2.925767548459831668e-01 2.043521287104530515e-01
5.030710671353031405e-01 2.925767271882938059e-01 2.043522056752786475e-01
5.030710178281766476e-01 2.925766994306100433e-01 2.043522827400889308e-01
5.030709686210600440e-01 2.925766719729318566e-01 2.043523594048836378e-01
5.030709194139534324e-01 2.925766449152592541e-01 2.043524356696629352e-01
5.030708702068564797e-01 2.925766178575920362e-01 2.043525119344269947e-01
5.030708209997695191e-01 2.925765904999302336e-01 2.043525884991758135e-01
