1.175177184257600593e-01 6.349055055667541803e-01 2.475767760101298676e-01
1.175177066738730541e-01 6.349055420765614688e-01 2.475767512522096259e-01
1.175176949219883943e-01 6.349055785863613188e-01 2.475767264942943524e-01
1.175176831701060798e-01 6.349056150961539524e-01 2.475767017363840194e-01
1.175176714182261106e-01 6.349056516059393696e-01 2.475766769784786547e-01
1.175176596663485146e-01 6.349056881157173482e-01 2.475766522205782305e-01
1.175176479144732500e-01 6.349057246254881104e-01 2.475766274626827745e-01
1.175176361626003446e-01 6.349057611352515451e-01 2.475766027047922313e-01
1.175176244107297846e-01 6.349057976450076524e-01 2.475765779469066841e-01
1.175176126588615699e-01 6.349058341547564321e-01 2.475765531890260496e-01
1.175176009069957145e-01 6.349058706644979955e-01 2.475765284311503833e-01
1.175175891551322044e-01 6.349059071742322313e-01 2.475765036732796853e-01
1.175175774032710535e-01 6.349059436839591397e-01 2.475764789154139278e-01
1.175175656514122480e-01 6.349059801936787206e-01 2.475764541575531108e-01
1.175175538995557878e-01 6.349060167033910851e-01 2.475764293996972620e-01
1.175175421477016868e-01 6.349060532130960111e-01 2.475764046418463538e-01
1.175175303958499312e-01 6.349060897227937206e-01 2.475763798840003860e-01
1.175175186440005209e-01 6.349061262324842136e-01 2.475763551261593864e-01
1.175175068921534699e-01 6.349061627421672682e-01 2.475763303683233274e-01
1.175174951403087642e-01 6.349061992518431063e-01 2.475763056104922366e-01
1.175174833884664177e-01 6.349062357615116170e-01 2.475762808526660863e-01
1.175174716366264166e-01 6.349062722711728002e-01 2.475762560948449043e-01
1.175174598847887608e-01 6.349063087808266559e-01 2.475762313370286627e-01
1.175174481329534504e-01 6.349063452904732952e-01 2.475762065792173616e-01
1.175174363811204992e-01 6.349063818001126069e-01 2.475761818214110288e-01
1.175174246292899072e-01 6.349064183097445913e-01 2.475761570636096365e-01
1.175174128774616467e-01 6.349064548193692481e-01 2.475761323058131846e-01
1.175174011256357454e-01 6.349064913289866885e-01 2.475761075480217011e-01
1.175173893738122033e-01 6.349065278385966904e-01 2.475760827902351580e-01
1.175173776219909927e-01 6.349065643481994758e-01 2.475760580324535831e-01
1.175173658701721552e-01 6.349066008577949338e-01 2.475760332746769488e-01
1.175173541183556492e-01 6.349066373673831754e-01 2.475760085169052827e-01
1.175173423665415023e-01 6.349066738769640894e-01 2.475759837591385570e-01
1.175173306147297009e-01 6.349067103865376760e-01 2.475759590013767719e-01
1.175173188629202586e-01 6.349067468961039351e-01 2.475759342436199550e-01
1.175173071111131617e-01 6.349067834056628667e-01 2.475759094858680787e-01
1.175172953593084102e-01 6.349068199152145819e-01 2.475758847281211428e-01
1.175172836075060040e-01 6.349068564247588586e-01 2.475758599703791751e-01
1.175172718557059570e-01 6.349068929342959189e-01 2.475758352126421480e-01
1.175172601039082693e-01 6.349069294438257627e-01 2.475758104549100891e-01
1.175172483521129269e-01 6.349069659533481680e-01 2.475757856971829707e-01
1.175172366003199298e-01 6.349070024628633568e-01 2.475757609394607928e-01
1.175172248485292781e-01 6.349070389723712182e-01 2.475757361817435831e-01
1.175172130967409856e-01 6.349070754818717521e-01 2.475757114240313417e-01
1.175172013449550384e-01 6.349071119913650696e-01 2.475756866663240130e-01
1.175171895931714505e-01 6.349071485008509486e-01 2.475756619086216526e-01
1.175171778413902079e-01 6.349071850103296111e-01 2.475756371509242604e-01
1.175171660896113107e-01 6.349072215198009461e-01 2.475756123932318087e-01
1.175171543378347727e-01 6.349072580292650647e-01 2.475755876355442975e-01
1.175171425860605801e-01 6.349072945387217448e-01 2.475755628778617545e-01
1.175171308342887327e-01 6.349073310481712085e-01 2.475755381201841521e-01
1.175171190825192447e-01 6.349073675576133446e-01 2.475755133625114901e-01
1.175171073307521019e-01 6.349074040670481534e-01 2.475754886048437964e-01
1.175170955789873045e-01 6.349074405764757456e-01 2.475754638471810432e-01
1.175170838272248663e-01 6.349074770858960104e-01 2.475754390895232582e-01
1.175170720754647735e-01 6.349075135953088367e-01 2.475754143318704137e-01
1.175170603237070399e-01 6.349075501047145575e-01 2.475753895742225374e-01
1.175170485719516517e-01 6.349075866141128399e-01 2.475753648165795739e-01
1.175170368201986087e-01 6.349076231235039058e-01 2.475753400589416064e-01
1.175170250684479112e-01 6.349076596328876443e-01 2.475753153013085517e-01
1.175170133166995728e-01 6.349076961422640553e-01 2.475752905436804652e-01
1.175170015649535937e-01 6.349077326516331388e-01 2.475752657860573469e-01
1.175169898132099461e-01 6.349077691609950058e-01 2.475752410284391691e-01
1.175169780614686715e-01 6.349078056703494344e-01 2.475752162708259319e-01
1.175169663097297285e-01 6.349078421796966465e-01 2.475751915132176628e-01
1.175169545579931446e-01 6.349078786890366422e-01 2.475751667556143343e-01
1.175169428062589061e-01 6.349079151983691993e-01 2.475751419980159462e-01
1.175169310545270129e-01 6.349079517076945400e-01 2.475751172404225264e-01
1.175169193027974790e-01 6.349079882170125533e-01 2.475750924828340471e-01
1.175169075510702904e-01 6.349080247263232391e-01 2.475750677252505361e-01
1.175168957993454610e-01 6.349080612356265974e-01 2.475750429676719655e-01
1.175168840476229770e-01 6.349080977449227392e-01 2.475750182100983354e-01
1.175168722959028383e-01 6.349081342542115536e-01 2.475749934525296736e-01
1.175168605441850589e-01 6.349081707634930405e-01 2.475749686949659523e-01
1.175168487924696248e-01 6.349082072727671999e-01 2.475749439374071992e-01
1.175168370407565360e-01 6.349082437820341429e-01 2.475749191798533866e-01
1.175168252890458065e-01 6.349082802912937584e-01 2.475748944223045422e-01
1.175168135373374223e-01 6.349083168005460465e-01 2.475748696647606106e-01
1.175168017856313973e-01 6.349083533097910070e-01 2.475748449072216750e-01
1.175167900339277177e-01 6.349083898190287512e-01 2.475748201496876522e-01
1.175167782822263834e-01 6.349084263282590568e-01 2.475747953921585975e-01
1.175167665305273945e-01 6.349084628374821460e-01 2.475747706346345112e-01
1.175167547788307648e-01 6.349084993466979077e-01 2.475747458771153375e-01
1.175167430271364943e-01 6.349085358559064529e-01 2.475747211196011599e-01
1.175167312754445553e-01 6.349085723651076707e-01 2.475746963620918950e-01
1.175167195237549755e-01 6.349086088743014500e-01 2.475746716045875984e-01
1.175167077720677411e-01 6.349086453834880128e-01 2.475746468470882700e-01
1.175166960203828659e-01 6.349086818926673592e-01 2.475746220895938543e-01
1.175166842687003360e-01 6.349087184018392671e-01 2.475745973321044346e-01
1.175166725170201654e-01 6.349087549110039586e-01 2.475745725746199277e-01
1.175166607653423262e-01 6.349087914201613225e-01 2.475745478171403890e-01
1.175166490136668601e-01 6.349088279293113590e-01 2.475745230596658186e-01
1.175166372619937255e-01 6.349088644384541791e-01 2.475744983021961609e-01
1.175166255103229501e-01 6.349089009475896717e-01 2.475744735447314715e-01
1.175166137586545201e-01 6.349089374567178368e-01 2.475744487872717503e-01
1.175166020069884493e-01 6.349089739658386744e-01 2.475744240298169696e-01
1.175165902553247238e-01 6.349090104749521846e-01 2.475743992723671294e-01
1.175165785036633437e-01 6.349090469840584783e-01 2.475743745149222574e-01
1.175165667520043228e-01 6.349090834931574445e-01 2.475743497574823260e-01
1.175165550003476472e-01 6.349091200022490833e-01 2.475743250000473628e-01
