3.071837561190233212e-01 4.289881319828348083e-01 2.638281118983789031e-01
3.071837254003466633e-01 4.289881890845811951e-01 2.638280855153091742e-01
3.071836946816761671e-01 4.289882461863161467e-01 2.638280591322446633e-01
3.071836639630117771e-01 4.289883032880397185e-01 2.638280327491854815e-01
3.071836332443535489e-01 4.289883603897518549e-01 2.638280063661315733e-01
3.071836025257014824e-01 4.289884174914525561e-01 2.638279799830829386e-01
3.071835718070555776e-01 4.289884745931418775e-01 2.638279536000395775e-01
3.071835410884157791e-01 4.289885316948197636e-01 2.638279272170014900e-01
3.071835103697821423e-01 4.289885887964862143e-01 2.638279008339686760e-01
3.071834796511546117e-01 4.289886458981412298e-01 2.638278744509411911e-01
3.071834489325332429e-01 4.289887029997848655e-01 2.638278480679189242e-01
3.071834182139180358e-01 4.289887601014170659e-01 2.638278216849019309e-01
3.071833874953089905e-01 4.289888172030378310e-01 2.638277953018902111e-01
3.071833567767060513e-01 4.289888743046471609e-01 2.638277689188838204e-01
3.071833260581092739e-01 4.289889314062451109e-01 2.638277425358826478e-01
3.071832953395186028e-01 4.289889885078316256e-01 2.638277161528868042e-01
3.071832646209340933e-01 4.289890456094067051e-01 2.638276897698961787e-01
3.071832339023557457e-01 4.289891027109704047e-01 2.638276633869108823e-01
3.071832031837835597e-01 4.289891598125226690e-01 2.638276370039308594e-01
3.071831724652174800e-01 4.289892169140634981e-01 2.638276106209560545e-01
3.071831417466575620e-01 4.289892740155928919e-01 2.638275842379865788e-01
3.071831110281037502e-01 4.289893311171108503e-01 2.638275578550223766e-01
3.071830803095561557e-01 4.289893882186174290e-01 2.638275314720634479e-01
3.071830495910146674e-01 4.289894453201125724e-01 2.638275050891097928e-01
3.071830188724792854e-01 4.289895024215963359e-01 2.638274787061614113e-01
3.071829881539501206e-01 4.289895595230686087e-01 2.638274523232183033e-01
3.071829574354270065e-01 4.289896166245295017e-01 2.638274259402804689e-01
3.071829267169101096e-01 4.289896737259790149e-01 2.638273995573479080e-01
3.071828959983993190e-01 4.289897308274170373e-01 2.638273731744206207e-01
3.071828652798946901e-01 4.289897879288436799e-01 2.638273467914986625e-01
3.071828345613962230e-01 4.289898450302588873e-01 2.638273204085819224e-01
3.071828038429038621e-01 4.289899021316626593e-01 2.638272940256704557e-01
3.071827731244176629e-01 4.289899592330549960e-01 2.638272676427643182e-01
3.071827424059376255e-01 4.289900163344359529e-01 2.638272412598633987e-01
3.071827116874637498e-01 4.289900734358054746e-01 2.638272148769678083e-01
3.071826809689959803e-01 4.289901305371636164e-01 2.638271884940774914e-01
3.071826502505343170e-01 4.289901876385102675e-01 2.638271621111923926e-01
3.071826195320788710e-01 4.289902447398455387e-01 2.638271357283126228e-01
3.071825888136295313e-01 4.289903018411693747e-01 2.638271093454381266e-01
3.071825580951862977e-01 4.289903589424818309e-01 2.638270829625689040e-01
3.071825273767492814e-01 4.289904160437827962e-01 2.638270565797048994e-01
3.071824966583183714e-01 4.289904731450723818e-01 2.638270301968462239e-01
3.071824659398936230e-01 4.289905302463505876e-01 2.638270038139928220e-01
3.071824352214749809e-01 4.289905873476173026e-01 2.638269774311446936e-01
3.071824045030625006e-01 4.289906444488726378e-01 2.638269510483018943e-01
3.071823737846561819e-01 4.289907015501165377e-01 2.638269246654643130e-01
3.071823430662560250e-01 4.289907586513490023e-01 2.638268982826320053e-01
3.071823123478619744e-01 4.289908157525700871e-01 2.638268718998049711e-01
3.071822816294740854e-01 4.289908728537797367e-01 2.638268455169832660e-01
3.071822509110923027e-01 4.289909299549779509e-01 2.638268191341667790e-01
3.071822201927166818e-01 4.289909870561647298e-01 2.638267927513555655e-01
3.071821894743472225e-01 4.289910441573401290e-01 2.638267663685496811e-01
3.071821587559839251e-01 4.289911012585040928e-01 2.638267399857490147e-01
3.071821280376267338e-01 4.289911583596566214e-01 2.638267136029536775e-01
3.071820973192757043e-01 4.289912154607977146e-01 2.638266872201636137e-01
3.071820666009307810e-01 4.289912725619274281e-01 2.638266608373787681e-01
3.071820358825920749e-01 4.289913296630457062e-01 2.638266344545992514e-01
3.071820051642594196e-01 4.289913867641525491e-01 2.638266080718250084e-01
3.071819744459329815e-01 4.289914438652480122e-01 2.638265816890560389e-01
3.071819437276126497e-01 4.289915009663320400e-01 2.638265553062923430e-01
3.071819130092984795e-01 4.289915580674046325e-01 2.638265289235339206e-01
3.071818822909904712e-01 4.289916151684657897e-01 2.638265025407807718e-01
3.071818515726885690e-01 4.289916722695155671e-01 2.638264761580328965e-01
3.071818208543928286e-01 4.289917293705539092e-01 2.638264497752902948e-01
3.071817901361032499e-01 4.289917864715808160e-01 2.638264233925529667e-01
3.071817594178197774e-01 4.289918435725962875e-01 2.638263970098209121e-01
3.071817286995424667e-01 4.289919006736003793e-01 2.638263706270941866e-01
3.071816979812713178e-01 4.289919577745930357e-01 2.638263442443726792e-01
3.071816672630062750e-01 4.289920148755742568e-01 2.638263178616565008e-01
3.071816365447473940e-01 4.289920719765440982e-01 2.638262914789455404e-01
3.071816058264946747e-01 4.289921290775025042e-01 2.638262650962399092e-01
3.071815751082480617e-01 4.289921861784494750e-01 2.638262387135394960e-01
3.071815443900076104e-01 4.289922432793850104e-01 2.638262123308444118e-01
3.071815136717733208e-01 4.289923003803091661e-01 2.638261859481545457e-01
3.071814829535451374e-01 4.289923574812218865e-01 2.638261595654700087e-01
3.071814522353231158e-01 4.289924145821231716e-01 2.638261331827907452e-01
3.071814215171072560e-01 4.289924716830130214e-01 2.638261068001167553e-01
3.071813907988975023e-01 4.289925287838914914e-01 2.638260804174480390e-01
3.071813600806939104e-01 4.289925858847585260e-01 2.638260540347845962e-01
3.071813293624964802e-01 4.289926429856141255e-01 2.638260276521264269e-01
3.071812986443051563e-01 4.289927000864583451e-01 2.638260012694735313e-01
3.071812679261199941e-01 4.289927571872910739e-01 2.638259748868259091e-01
3.071812372079409936e-01 4.289928142881124229e-01 2.638259485041835606e-01
3.071812064897681549e-01 4.289928713889223921e-01 2.638259221215464856e-01
3.071811757716014224e-01 4.289929284897208706e-01 2.638258957389147397e-01
3.071811450534408516e-01 4.289929855905079692e-01 2.638258693562882118e-01
3.071811143352863871e-01 4.289930426912836325e-01 2.638258429736669575e-01
3.071810836171380843e-01 4.289930997920479161e-01 2.638258165910510322e-01
3.071810528989959432e-01 4.289931568928007644e-01 2.638257902084403250e-01
3.071810221808599084e-01 4.289932139935421773e-01 2.638257638258349469e-01
3.071809914627300908e-01 4.289932710942721550e-01 2.638257374432347868e-01
3.071809607446063239e-01 4.289933281949906974e-01 2.638257110606399558e-01
3.071809300264887743e-01 4.289933852956978599e-01 2.638256846780503984e-01
3.071808993083773309e-01 4.289934423963935872e-01 2.638256582954660590e-01
3.071808685902720493e-01 4.289934994970779347e-01 2.638256319128870486e-01
3.071808378721729293e-01 4.289935565977507914e-01 2.638256055303133119e-01
3.071808071540799157e-01 4.289936136984122683e-01 2.638255791477448486e-01
3.071807764359930637e-01 4.289936707990623099e-01 2.638255527651816590e-01
3.071807457179123180e-01 4.289937278997009718e-01 2.638255263826237429e-01
3.071807149998377340e-01 4.289937850003281428e-01 2.638255000000711004e-01
