4.665111091596668147e-01 2.764564050183562216e-01 2.570324858254126044e-01
4.665111194086563051e-01 2.764564202728652109e-01 2.570324603219140691e-01
4.665111296576437971e-01 2.764564355273711471e-01 2.570324348184206409e-01
4.665111404066340506e-01 2.764564502818692704e-01 2.570324093149323197e-01
4.665111512556230910e-01 2.764564649363634441e-01 2.570323838114490500e-01
4.665111618046071107e-01 2.764564797908565241e-01 2.570323584079718948e-01
4.665111722535881245e-01 2.764564947453476695e-01 2.570323330044997912e-01
4.665111820025606426e-01 2.764565103998422035e-01 2.570323076010327945e-01
4.665111913515274655e-01 2.764565265543381667e-01 2.570322820975699529e-01
4.665112011004960979e-01 2.764565423088273244e-01 2.570322565941121629e-01
4.665112108494627874e-01 2.764565580633132624e-01 2.570322310906595353e-01
4.665112212984336981e-01 2.764565732177908242e-01 2.570322054872111184e-01
4.665112312473980727e-01 2.764565888722697040e-01 2.570321798837678640e-01
4.665112411963604488e-01 2.764566045267454752e-01 2.570321542803296611e-01
4.665112513453226195e-01 2.764566199812163450e-01 2.570321286768966207e-01
4.665112617942853146e-01 2.764566351356816387e-01 2.570321030734687429e-01
4.665112727432500495e-01 2.764566497901397857e-01 2.570320774700459165e-01
4.665112829922067883e-01 2.764566651446007106e-01 2.570320518666282528e-01
4.665112938411664079e-01 2.764566798990537033e-01 2.570320262632156960e-01
4.665113042901206653e-01 2.764566950535069512e-01 2.570320006598082463e-01
4.665113144390704014e-01 2.764567105079595022e-01 2.570319750564059591e-01
4.665113248880204955e-01 2.764567256624066438e-01 2.570319494530087234e-01
4.665113341369592770e-01 2.764567420168599909e-01 2.570319238496166503e-01
4.665113429858930849e-01 2.764567587713131491e-01 2.570318982462297397e-01
4.665113525348303924e-01 2.764567748257577007e-01 2.570318726428478806e-01
4.665113626837702476e-01 2.764567903801953275e-01 2.570318469394703986e-01
4.665113728327080489e-01 2.764568059346298456e-01 2.570318212360980792e-01
4.665113824816402577e-01 2.764568219890647938e-01 2.570317955327308668e-01
4.665113923305719834e-01 2.764568378434951734e-01 2.570317698293688724e-01
4.665114025795044639e-01 2.764568532979195803e-01 2.570317441260119296e-01
4.665114139284425310e-01 2.764568676523332935e-01 2.570317184226601492e-01
4.665114247773749501e-01 2.764568825067474922e-01 2.570316927193135315e-01
4.665114352263025066e-01 2.764568977611614464e-01 2.570316670159720762e-01
4.665114449752233439e-01 2.764569137155770129e-01 2.570316413126357280e-01
4.665114550241441504e-01 2.764569293699873920e-01 2.570316156093045423e-01
4.665114654730656008e-01 2.764569446243920758e-01 2.570315899059784637e-01
4.665114763219874172e-01 2.764569594787911755e-01 2.570315642026575476e-01
4.665114867709045932e-01 2.764569747331898086e-01 2.570315384993417385e-01
4.665114974198208975e-01 2.764569897875842064e-01 2.570315127960310919e-01
4.665115076687326168e-01 2.764570052419779156e-01 2.570314870927256079e-01
4.665115188176476302e-01 2.764570197963632792e-01 2.570314613894252309e-01
4.665115284665516948e-01 2.764570358507543735e-01 2.570314356861300165e-01
4.665115385154561256e-01 2.764570515051400501e-01 2.570314099828399645e-01
4.665115491643618828e-01 2.764570665595192378e-01 2.570313842795550197e-01
4.665115602132677286e-01 2.764570812138931744e-01 2.570313585762752373e-01
4.665115711621708461e-01 2.764570959682647322e-01 2.570313328730005620e-01
4.665115817110696006e-01 2.764571111226354350e-01 2.570313071697310492e-01
4.665115916599631429e-01 2.764571268770062429e-01 2.570312814664666989e-01
4.665116019088562660e-01 2.764571423313723630e-01 2.570312557632074557e-01
4.665116114577437800e-01 2.764571584857388742e-01 2.570312300599533750e-01
4.665116219066338665e-01 2.764571737400977613e-01 2.570312043567044014e-01
4.665116327555238196e-01 2.764571885944516749e-01 2.570311786534605902e-01
4.665116435044110443e-01 2.764572035488030988e-01 2.570311529502219416e-01
4.665116548532989293e-01 2.764572179031488108e-01 2.570311272469884001e-01
4.665116667021867447e-01 2.764572317574893190e-01 2.570311015437600211e-01
4.665116783510712684e-01 2.764572458118280118e-01 2.570310758405367491e-01
4.665116901999544208e-01 2.764572596661629689e-01 2.570310501373186396e-01
4.665117020488351307e-01 2.764572735204952059e-01 2.570310244341056927e-01
4.665117145977163982e-01 2.764572865748213815e-01 2.570309988308983051e-01
4.665117269465943184e-01 2.764572998291457417e-01 2.570309732276960246e-01
4.665117395954709867e-01 2.764573127834663024e-01 2.570309476244988511e-01
4.665117519443439664e-01 2.764573260377853892e-01 2.570309220213067847e-01
4.665117639932133686e-01 2.764573395921029464e-01 2.570308964181198808e-01
4.665117762420810110e-01 2.764573529464170454e-01 2.570308708149380839e-01
4.665117882909455838e-01 2.764573665007292180e-01 2.570308452117613940e-01
4.665118003398077695e-01 2.764573800550386706e-01 2.570308196085898667e-01
4.665118131886701325e-01 2.764573928093427280e-01 2.570307940054234463e-01
4.665118251375270364e-01 2.764574064636471928e-01 2.570307684022621331e-01
4.665118375863830935e-01 2.764574196179472865e-01 2.570307427991059268e-01
4.665118507352388200e-01 2.764574320722427148e-01 2.570307171959548276e-01
4.665118637840915961e-01 2.764574446265358754e-01 2.570306915928088909e-01
4.665118770329423348e-01 2.764574569808259663e-01 2.570306659896680612e-01
4.665118904817909251e-01 2.764574691351130986e-01 2.570306403865323386e-01
4.665119035306358186e-01 2.764574816893988207e-01 2.570306147834017785e-01
4.665119171794795960e-01 2.764574935436802661e-01 2.570305892802765002e-01
4.665119305283199069e-01 2.764575056979601264e-01 2.570305637771563845e-01
4.665119445771591655e-01 2.764575172522361068e-01 2.570305381740410899e-01
4.665119580259942667e-01 2.764575294065111377e-01 2.570305125709309579e-01
4.665119713748264174e-01 2.764575416607839564e-01 2.570304869678259885e-01
4.665119848236561895e-01 2.764575538150541023e-01 2.570304613647260705e-01
4.665119979724827171e-01 2.764575661693221553e-01 2.570304358616314899e-01
4.665120101213048320e-01 2.764575795235896249e-01 2.570304103585419608e-01
4.665120221701243297e-01 2.764575930778546686e-01 2.570303847554574195e-01
4.665120338189406857e-01 2.764576070321177470e-01 2.570303591523779851e-01
4.665120459677555842e-01 2.764576205863773506e-01 2.570303334493035385e-01
4.665120582165681040e-01 2.764576340406341148e-01 2.570303077462341990e-01
4.665120707653785947e-01 2.764576471948878011e-01 2.570302820431700219e-01
4.665120830141862296e-01 2.764576606491392363e-01 2.570302563401109519e-01
4.665120954629916050e-01 2.764576739033877129e-01 2.570302306370570444e-01
4.665121078117944187e-01 2.764576872576336997e-01 2.570302049340082995e-01
4.665121213605957773e-01 2.764576994118759234e-01 2.570301792309646616e-01
4.665121344093940969e-01 2.764577120661160792e-01 2.570301535279261862e-01
4.665121465581892335e-01 2.764577256203543665e-01 2.570301278248928178e-01
4.665121584069816807e-01 2.764577394745901251e-01 2.570301021218646120e-01
4.665121703557718047e-01 2.764577532288230444e-01 2.570300764188415688e-01
4.665121822045595334e-01 2.764577670830532519e-01 2.570300507158236325e-01
4.665121942533449473e-01 2.764577807372806673e-01 2.570300250128108588e-01
4.665122055021277414e-01 2.764577951915054843e-01 2.570299993098032476e-01
4.665122165509082430e-01 2.764578097457274231e-01 2.570299737068007517e-01
4.665122265996866080e-01 2.764578251999464387e-01 2.570299482038033712e-01
