4.597193763652178133e-01 3.035064774290137657e-01 2.367741462194924706e-01
4.597193381071909557e-01 3.035064643639522886e-01 2.367741975425808332e-01
4.597192995634546975e-01 3.035064514417519788e-01 2.367742490085174567e-01
4.597192608768675970e-01 3.035064383766957197e-01 2.367743007601607608e-01
4.597192226188637210e-01 3.035064253116420141e-01 2.367743520832182591e-01
4.597191840751505554e-01 3.035064132466003817e-01 2.367744026919730571e-01
4.597191453885866030e-01 3.035064008958441861e-01 2.367744537292931217e-01
4.597191072734642669e-01 3.035063878307981966e-01 2.367745049094614751e-01
4.597190687297741940e-01 3.035063754800470526e-01 2.367745558039026921e-01
4.597190306146671235e-01 3.035063634150151901e-01 2.367746059840416251e-01
4.597189926424261608e-01 3.035063523499946792e-01 2.367746550213031265e-01
4.597189546701927476e-01 3.035063414278347249e-01 2.367747039156964939e-01
4.597189164122501004e-01 3.035063317914025172e-01 2.367747518100713489e-01
4.597188781543151692e-01 3.035063232978391645e-01 2.367747985615696604e-01
4.597188401821045711e-01 3.035063148042774772e-01 2.367748450273418903e-01
4.597188019241849055e-01 3.035063067392925196e-01 2.367748913502465136e-01
4.597187638091311812e-01 3.035062998171758064e-01 2.367749363874169233e-01
4.597187254083685004e-01 3.035062924664855832e-01 2.367749821388698550e-01
4.597186874361883779e-01 3.035062851157967478e-01 2.367750274617387574e-01
4.597186496068741413e-01 3.035062783365425898e-01 2.367750720703071521e-01
4.597186113489926673e-01 3.035062718430063256e-01 2.367751168217248903e-01
4.597185732339770792e-01 3.035062664923374176e-01 2.367751602874093864e-01
4.597185354046856576e-01 3.035062609988112836e-01 2.367752036102269420e-01
4.597184977182600107e-01 3.035062552195698649e-01 2.367752470758940631e-01
4.597184604604164782e-01 3.035062501546206826e-01 2.367752893986868057e-01
4.597184232025803841e-01 3.035062452325306137e-01 2.367753315786128576e-01
4.597183860876099537e-01 3.035062408818743340e-01 2.367753730442395399e-01
4.597183489726469618e-01 3.035062369597934517e-01 2.367754140812834418e-01
4.597183118576914085e-01 3.035062336091459700e-01 2.367754545468865046e-01
4.597182750284595221e-01 3.035062302584991545e-01 2.367754947267651511e-01
4.597182379135187902e-01 3.035062263364204926e-01 2.367755357637845726e-01
4.597182007985854413e-01 3.035062225572007222e-01 2.367755766579376642e-01
4.597181635408014166e-01 3.035062183494074417e-01 2.367756181235149415e-01
4.597181264258828892e-01 3.035062137130407067e-01 2.367756598748001484e-01
4.597180890252556829e-01 3.035062097909652645e-01 2.367757011975027415e-01
4.597180520532101466e-01 3.035062054403164233e-01 2.367757425201970911e-01
4.597180147954559315e-01 3.035062013753845878e-01 2.367757838428831696e-01
4.597179776805671580e-01 3.035061974533115325e-01 2.367758248798449427e-01
4.597179402799697612e-01 3.035061932455232481e-01 2.367758664882305408e-01
4.597179025936639074e-01 3.035061894663098614e-01 2.367759079537498368e-01
4.597178653359395017e-01 3.035061851156652390e-01 2.367759495621188370e-01
4.597178277925066947e-01 3.035061814793112989e-01 2.367759907419055565e-01
4.597177903919392739e-01 3.035061784143899821e-01 2.367760312073942941e-01
4.597177531342372947e-01 3.035061753494693315e-01 2.367760715300170071e-01
4.597177158765426985e-01 3.035061715702595531e-01 2.367761125669212707e-01
4.597176790474293839e-01 3.035061677910506073e-01 2.367761531752435866e-01
4.597176425040392367e-01 3.035061647261318996e-01 2.367761927835524971e-01
4.597176063892300935e-01 3.035061606612085572e-01 2.367762329632850105e-01
4.597175708458596244e-01 3.035061557391388054e-01 2.367762734287252313e-01
4.597175354453540974e-01 3.035061509599278895e-01 2.367763136084416464e-01
4.597175004734292414e-01 3.035061468950071562e-01 2.367763526452873191e-01
4.597174656443692164e-01 3.035061421157981276e-01 2.367763922535564558e-01
4.597174303867426204e-01 3.035061374794478239e-01 2.367764321475333000e-01
4.597173957005543099e-01 3.035061335573874808e-01 2.367764707557819537e-01
4.597173608715151572e-01 3.035061299210434216e-01 2.367765092211651379e-01
4.597173253281941485e-01 3.035061268561312642e-01 2.367765478293983594e-01
4.597172897848801898e-01 3.035061242197929499e-01 2.367765860090506047e-01
4.597172543844311177e-01 3.035061222977439299e-01 2.367766233315487523e-01
4.597172184125581373e-01 3.035061206614106943e-01 2.367766609397548849e-01
4.597171827264078248e-01 3.035061191679354620e-01 2.367766981193803466e-01
4.597171467545492218e-01 3.035061175316028925e-01 2.367767357275714912e-01
4.597171102112670993e-01 3.035061157524129860e-01 2.367767740500435758e-01
4.597170738108500299e-01 3.035061139732234126e-01 2.367768122296502742e-01
4.597170371247248366e-01 3.035061124797494569e-01 2.367768504092493675e-01
4.597170002957493562e-01 3.035061108434182198e-01 2.367768888745561129e-01
4.597169638953541582e-01 3.035061094928025449e-01 2.367769266255670413e-01
4.597169277806815169e-01 3.035061075707566891e-01 2.367769646622855939e-01
4.597168918088735956e-01 3.035061052201383780e-01 2.367770029847117708e-01
4.597168559799304499e-01 3.035061031552357402e-01 2.367770408785574987e-01
4.597168195795642287e-01 3.035061018046213421e-01 2.367770786295381180e-01
4.597167828934902167e-01 3.035061010254375136e-01 2.367771160947960418e-01
4.597167462074234767e-01 3.035061006748264179e-01 2.367771531314738498e-01
4.597167093785065606e-01 3.035061008956455031e-01 2.367771897395716529e-01
4.597166724067394683e-01 3.035061015450370991e-01 2.367772260619471214e-01
4.597166355778373181e-01 3.035061023372860878e-01 2.367772620986003107e-01
4.597165986060849918e-01 3.035061045581097239e-01 2.367772968495289176e-01
4.597165622057700074e-01 3.035061070646479231e-01 2.367773307433057584e-01
4.597165259483197985e-01 3.035061105711878149e-01 2.367773634942161309e-01
4.597164904051639911e-01 3.035061137920120888e-01 2.367773958165476644e-01
4.597164545763003929e-01 3.035061172985505928e-01 2.367774281388727309e-01
4.597164187474439556e-01 3.035061213765180566e-01 2.367774598897617044e-01
4.597163836328817532e-01 3.035061263116290431e-01 2.367774900692128925e-01
4.597163485183266007e-01 3.035061308181669637e-01 2.367775206772301799e-01
4.597163139752078465e-01 3.035061351818465480e-01 2.367775508566692388e-01
4.597162804320976126e-01 3.035061388312385033e-01 2.367775807503875729e-01
4.597162468889940956e-01 3.035061427663444111e-01 2.367776103583852376e-01
4.597162134887545215e-01 3.035061469871641604e-01 2.367776395378050069e-01
4.597161798028070456e-01 3.035061517794123698e-01 2.367776684315043012e-01
4.597161469740100870e-01 3.035061561430877353e-01 2.367776968966259221e-01
4.597161144309342973e-01 3.035061602210476495e-01 2.367777253617418531e-01
4.597160818878650024e-01 3.035061641561494494e-01 2.367777539697093758e-01
4.597160490590876947e-01 3.035061686626794875e-01 2.367777822919566455e-01
4.597160159446024852e-01 3.035061740263521046e-01 2.367778100427692656e-01
4.597159826872666000e-01 3.035061801043097973e-01 2.367778372221474581e-01
4.597159491442230350e-01 3.035061854679801940e-01 2.367778654015206541e-01
4.597159153154717348e-01 3.035061914030783292e-01 2.367778932951738746e-01
4.597158809152984693e-01 3.035061981953183774e-01 2.367779209031071197e-01
4.597158463722748611e-01 3.035062049875570933e-01 2.367779486538920120e-01
4.597158119721153069e-01 3.035062122083658775e-01 2.367779758332427265e-01
4.597157775719626915e-01 3.035062192863160480e-01 2.367780031554451159e-01
