2.961267281509051275e-01 5.238575646896752591e-01 1.800157071507716144e-01
2.961267227881798081e-01 5.238575880541478380e-01 1.800156891490244659e-01
2.961267156754385232e-01 5.238576131686326631e-01 1.800156711472809534e-01
2.961267090627034415e-01 5.238576377831075659e-01 1.800156531455410214e-01
2.961267009499554681e-01 5.238576636475895665e-01 1.800156353938070497e-01
2.961266913371950471e-01 5.238576910120804619e-01 1.800156176420766307e-01
2.961266832244504599e-01 5.238577168765518044e-01 1.800155998903497645e-01
2.961266753617097791e-01 5.238577424910157987e-01 1.800155821386264787e-01
2.961266657489547427e-01 5.238577701054928371e-01 1.800155641369044490e-01
2.961266606362422116e-01 5.238577932199238729e-01 1.800155461351859998e-01
2.961266537735150473e-01 5.238578178343635816e-01 1.800155283834733999e-01
2.961266506608222771e-01 5.238578389487675846e-01 1.800155103817621394e-01
2.961266462981192449e-01 5.238578613131782413e-01 1.800154923800544871e-01
2.961266446854407541e-01 5.238578809275608039e-01 1.800154743783504430e-01
2.961266410727455556e-01 5.238579025419564106e-01 1.800154563766499793e-01
2.961266357100363900e-01 5.238579259063624871e-01 1.800154383749531239e-01
2.961266318473407821e-01 5.238579477707513421e-01 1.800154203732598768e-01
2.961266229846049036e-01 5.238579743851747850e-01 1.800154026215722847e-01
2.961266151218788778e-01 5.238579999995848224e-01 1.800153848698882175e-01
2.961266052591384756e-01 5.238580278640078136e-01 1.800153668682057118e-01
2.961265953964000164e-01 5.238580557284251427e-01 1.800153488665268142e-01
2.961265850336596284e-01 5.238580840928408477e-01 1.800153308648515249e-01
2.961265739209155701e-01 5.238581132072566149e-01 1.800153128631798161e-01
2.961265665582022422e-01 5.238581385716380989e-01 1.800152948615117154e-01
2.961265579454809838e-01 5.238581651860237942e-01 1.800152768598472230e-01
2.961265513327762111e-01 5.238581898003894510e-01 1.800152588581863389e-01
2.961265462200837750e-01 5.238582129147391075e-01 1.800152408565290352e-01
2.961265426074031204e-01 5.238582345290735409e-01 1.800152228548753397e-01
2.961265372447108302e-01 5.238582578934160017e-01 1.800152048532252247e-01
2.961265338820335824e-01 5.238582792577397562e-01 1.800151868515787457e-01
2.961265322693690250e-01 5.238582988720471567e-01 1.800151688499358471e-01
2.961265294066963705e-01 5.238583197363591015e-01 1.800151508482965568e-01
2.961265300440477088e-01 5.238583368506417592e-01 1.800151330966625052e-01
2.961265324314104608e-01 5.238583522149095062e-01 1.800151153450320340e-01
2.961265385687970597e-01 5.238583638291497424e-01 1.800150975934051156e-01
2.961265437061761374e-01 5.238583764433941692e-01 1.800150798417817499e-01
2.961265483435509549e-01 5.238583898076406564e-01 1.800150618401603342e-01
2.961265512309140258e-01 5.238584049218953931e-01 1.800150438385425544e-01
2.961265601183131202e-01 5.238584140361105534e-01 1.800150258369283551e-01
2.961265680057044158e-01 5.238584241503297934e-01 1.800150078353177641e-01
2.961265758930941572e-01 5.238584342645470349e-01 1.800149898337107812e-01
2.961265860304953534e-01 5.238584421287492132e-01 1.800149718321073788e-01
2.961266011679229981e-01 5.238584447429199820e-01 1.800149540805089932e-01
2.961266165553490537e-01 5.238584473570900846e-01 1.800149360789127795e-01
2.961266299427610660e-01 5.238584519712707888e-01 1.800149180773201740e-01
2.961266430801690608e-01 5.238584568354518467e-01 1.800149000757311490e-01
2.961266574675809893e-01 5.238584604496252517e-01 1.800148820741457323e-01
2.961266703549822465e-01 5.238584655638057752e-01 1.800148640725639237e-01
2.961266819923745741e-01 5.238584719279917312e-01 1.800148460709856957e-01
2.961267001297970269e-01 5.238584717921438427e-01 1.800148280694111036e-01
2.961267210172293662e-01 5.238584686562812731e-01 1.800148103178413062e-01
2.961267411546539274e-01 5.238584662704229844e-01 1.800147925662750614e-01
2.961267652920932525e-01 5.238584598845463791e-01 1.800147748147123694e-01
2.961267894295278036e-01 5.238584527486674913e-01 1.800147578131566783e-01
2.961268120669506843e-01 5.238584476127990941e-01 1.800147403116021116e-01
2.961268319543570171e-01 5.238584447269416522e-01 1.800147233100532762e-01
2.961268513417572024e-01 5.238584425910880471e-01 1.800147060585067793e-01
2.961268719791587678e-01 5.238584392052295646e-01 1.800146888069637241e-01
2.961268958665694839e-01 5.238584325693583787e-01 1.800146715554241106e-01
2.961269190039724220e-01 5.238584274334946445e-01 1.800146535538849624e-01
2.961269436413766498e-01 5.238584207976260121e-01 1.800146355523493946e-01
2.961269685287768461e-01 5.238584139117576921e-01 1.800146175508174351e-01
2.961269879161517182e-01 5.238584125259111435e-01 1.800145995492890838e-01
2.961270090535290112e-01 5.238584091400577680e-01 1.800145817977651941e-01
2.961270331909126030e-01 5.238584030041953943e-01 1.800145637962440315e-01
2.961270583282947233e-01 5.238583956183300305e-01 1.800145460447272749e-01
2.961270827156693985e-01 5.238583892324694125e-01 1.800145280432132733e-01
2.961271048530319527e-01 5.238583850966171962e-01 1.800145100417028521e-01
2.961271234903792293e-01 5.238583844607767048e-01 1.800144920401960669e-01
2.961271458777340881e-01 5.238583800749251340e-01 1.800144740386928344e-01
2.961271697650887380e-01 5.238583741890701084e-01 1.800144560371932378e-01
2.961271941524400986e-01 5.238583678032148194e-01 1.800144380356972218e-01
2.961272182897858318e-01 5.238583616673614385e-01 1.800144200342048140e-01
2.961272436771300032e-01 5.238583542815061778e-01 1.800144020327160144e-01
2.961272673144647594e-01 5.238583486456566130e-01 1.800143840312307952e-01
2.961272912017953729e-01 5.238583427598075826e-01 1.800143660297492121e-01
2.961273178391274907e-01 5.238583341239534397e-01 1.800143480282711816e-01
2.961273414764477585e-01 5.238583284881076496e-01 1.800143300267967872e-01
2.961273636137600751e-01 5.238583243522662025e-01 1.800143120253259732e-01
2.961273872510710170e-01 5.238583187164225219e-01 1.800142940238587674e-01
2.961274076383710319e-01 5.238583160805855288e-01 1.800142762723956347e-01
2.961274262756637965e-01 5.238583154447528090e-01 1.800142582709356176e-01
2.961274419129477642e-01 5.238583175589248686e-01 1.800142405194795903e-01
2.961274523002201953e-01 5.238583251731052659e-01 1.800142225180267341e-01
2.961274669374969193e-01 5.238583282872774083e-01 1.800142047665778677e-01
2.961274803247689880e-01 5.238583329014510070e-01 1.800141867651321725e-01
2.961274952120402926e-01 5.238583360156217061e-01 1.800141687636901133e-01
2.961275098493083013e-01 5.238583393797922039e-01 1.800141507622516346e-01
2.961275239865728826e-01 5.238583432439625209e-01 1.800141327608167363e-01
2.961275398738363873e-01 5.238583453581302507e-01 1.800141147593854740e-01
2.961275552610962425e-01 5.238583479722981329e-01 1.800140967579577922e-01
2.961275686483514358e-01 5.238583525864670687e-01 1.800140787565337186e-01
2.961275807856030839e-01 5.238583584506357749e-01 1.800140607551132532e-01
2.961275921728518390e-01 5.238583650648039880e-01 1.800140427536963683e-01
2.961276065600998431e-01 5.238583686789691773e-01 1.800140247522830916e-01
2.961276209473449050e-01 5.238583720431336799e-01 1.800140070008734994e-01
2.961276380845879186e-01 5.238583729072967543e-01 1.800139889994674114e-01
2.961276557218276984e-01 5.238583732714594543e-01 1.800139709980649039e-01
2.961276748590639940e-01 5.238583721356220302e-01 1.800139529966660046e-01
2.961276949962965421e-01 5.238583699997848564e-01 1.800139349952707135e-01
