4.764616170811735163e-01 2.894916023007017003e-01 2.340467806310175536e-01
4.764616427685969269e-01 2.894915996848491657e-01 2.340467575594467331e-01
4.764616684560151194e-01 2.894915970689971307e-01 2.340467344878805200e-01
4.764616941434282049e-01 2.894915944531456509e-01 2.340467114163189144e-01
4.764617198308361834e-01 2.894915918372946706e-01 2.340466883447619439e-01
4.764617447404539408e-01 2.894915899992293040e-01 2.340466652732095809e-01
4.764617688722816435e-01 2.894915889389493291e-01 2.340466422016618253e-01
4.764617932263287559e-01 2.894915878786695762e-01 2.340466189078944104e-01
4.764618170248104967e-01 2.894915873739505874e-01 2.340465956141316584e-01
4.764618408232874081e-01 2.894915868692317651e-01 2.340465723203735693e-01
4.764618646217596010e-01 2.894915863645129983e-01 2.340465490266201432e-01
4.764618879757786529e-01 2.894915863042427651e-01 2.340465257328713522e-01
4.764619112186809780e-01 2.894915863550845403e-01 2.340465024391272519e-01
4.764619339060182646e-01 2.894915869614866910e-01 2.340464791453877869e-01
4.764619568155751828e-01 2.894915873456646027e-01 2.340464558516529847e-01
4.764619796140154850e-01 2.894915878409545229e-01 2.340464325579228455e-01
4.764620024124511799e-01 2.894915883362442766e-01 2.340464092641973692e-01
4.764620247664342889e-01 2.894915892759820086e-01 2.340463859704765559e-01
4.764620477870849524e-01 2.894915895490475233e-01 2.340463626767603778e-01
4.764620708077310640e-01 2.894915898221129824e-01 2.340463393830488903e-01
4.764620938283725682e-01 2.894915900951783860e-01 2.340463160893420380e-01
4.764621167378974009e-01 2.894915904793557426e-01 2.340462927956398487e-01
4.764621394251937203e-01 2.894915910857569497e-01 2.340462695019423223e-01
4.764621626680453637e-01 2.894915912477101783e-01 2.340462460971375058e-01
4.764621862442281475e-01 2.894915910763275479e-01 2.340462226923373523e-01
4.764622104870778196e-01 2.894915902382733108e-01 2.340461992875418895e-01
4.764622349521465128e-01 2.894915891779954453e-01 2.340461758827511174e-01
4.764622596394341159e-01 2.894915878954939514e-01 2.340461524779650082e-01
4.764622839933810305e-01 2.894915869463284275e-01 2.340461290731835897e-01
4.764623085695468552e-01 2.894915857749393306e-01 2.340461056684068342e-01
4.764623328123722135e-01 2.894915849368860372e-01 2.340460822636347971e-01
4.764623563885214685e-01 2.894915847655041841e-01 2.340460588588673951e-01
4.764623797424422658e-01 2.894915848163460148e-01 2.340460354541047117e-01
4.764624033185821395e-01 2.894915846449642172e-01 2.340460120493466911e-01
4.764624272280527650e-01 2.894915841402468937e-01 2.340459886445933613e-01
4.764624509152949328e-01 2.894915838577533096e-01 2.340459652398446944e-01
4.764624744914205956e-01 2.894915836863716230e-01 2.340459418351007181e-01
4.764624980675415400e-01 2.894915835149899919e-01 2.340459184303614326e-01
4.764625208658752609e-01 2.894915841213909213e-01 2.340458950256268100e-01
4.764625435530925879e-01 2.894915848389034707e-01 2.340458716208968781e-01
4.764625657958583282e-01 2.894915860008629438e-01 2.340458482161716369e-01
4.764625871497256693e-01 2.894915880517162643e-01 2.340458248114510587e-01
4.764626090591473906e-01 2.894915895470104306e-01 2.340458014067351711e-01
4.764626311907881884e-01 2.894915908200808019e-01 2.340457780020239742e-01
4.764626535446480626e-01 2.894915918709274893e-01 2.340457545973174402e-01
4.764626755651682477e-01 2.894915932551090920e-01 2.340457311926155970e-01
4.764626973634606411e-01 2.894915948615138235e-01 2.340457077879184444e-01
4.764627189395253537e-01 2.894915966901416282e-01 2.340456843832259548e-01
4.764627406266974119e-01 2.894915984076573690e-01 2.340456609785381559e-01
4.764627627583117864e-01 2.894915996807261305e-01 2.340456375738550476e-01
4.764627845565866937e-01 2.894916012871295852e-01 2.340456141691766023e-01
4.764628064659690021e-01 2.894916027824210314e-01 2.340455907645028477e-01
4.764628287086817293e-01 2.894916039443773403e-01 2.340455673598337560e-01
4.764628491736041527e-01 2.894916068841193457e-01 2.340455439551693551e-01
4.764628696385224682e-01 2.894916098238607405e-01 2.340455205505096448e-01
4.764628896589902518e-01 2.894916132080479487e-01 2.340454971458545974e-01
4.764629096794540386e-01 2.894916164811229264e-01 2.340454738523158329e-01
4.764629291443560066e-01 2.894916203097551155e-01 2.340454505587817313e-01
4.764629484981424135e-01 2.894916242494981473e-01 2.340454272652522927e-01
4.764629682963711921e-01 2.894916277447941444e-01 2.340454039717275170e-01
4.764629873168152452e-01 2.894916320178702596e-01 2.340453806782073765e-01
4.764630061150323947e-01 2.894916365131686153e-01 2.340453573846918989e-01
4.764630252465803517e-01 2.894916405640199919e-01 2.340453342022926209e-01
4.764630446003474962e-01 2.894916445037589714e-01 2.340453109087864692e-01
4.764630641763337726e-01 2.894916482212742115e-01 2.340452876152849526e-01
4.764630835300931455e-01 2.894916521610116922e-01 2.340452643217880990e-01
4.764631028838486881e-01 2.894916561007483402e-01 2.340452410282959361e-01
4.764631224598232517e-01 2.894916599293727577e-01 2.340452176236969273e-01
4.764631423691282341e-01 2.894916634246620379e-01 2.340451942191026091e-01
4.764631618339835173e-01 2.894916673643964100e-01 2.340451708145129817e-01
4.764631816321692193e-01 2.894916709707957003e-01 2.340451474099280171e-01
4.764632009859052220e-01 2.894916750216399715e-01 2.340451240053477433e-01
4.764632196729688962e-01 2.894916797391518526e-01 2.340451006007721602e-01
4.764632370266920769e-01 2.894916857899996199e-01 2.340450771962012400e-01
4.764632532692978928e-01 2.894916929519600335e-01 2.340450537916350104e-01
4.764632695119004335e-01 2.894917001139190038e-01 2.340450303870734716e-01
4.764632856433883568e-01 2.894917073869879287e-01 2.340450069825165957e-01
4.764633012193162376e-01 2.894917152156122331e-01 2.340449835779644105e-01
4.764633171285750368e-01 2.894917227109009006e-01 2.340449601734168883e-01
4.764633322600513865e-01 2.894917309839674102e-01 2.340449367688740567e-01
4.764633472804133962e-01 2.894917393681435969e-01 2.340449133643359159e-01
4.764633630785515273e-01 2.894917469745388883e-01 2.340448899598024657e-01
4.764633794322429838e-01 2.894917539142648488e-01 2.340448666663849653e-01
4.764633958970425076e-01 2.894917607428781348e-01 2.340448433729721556e-01
4.764634116951710907e-01 2.894917682381577539e-01 2.340448200795639810e-01
4.764634283821866378e-01 2.894917748445458017e-01 2.340447967861604972e-01
4.764634452914213170e-01 2.894917812287099435e-01 2.340447734927616485e-01
4.764634622006526654e-01 2.894917876128728085e-01 2.340447501993674628e-01
4.764634788876581650e-01 2.894917942192569149e-01 2.340447269059779123e-01
4.764634955746603340e-01 2.894918008256396891e-01 2.340447036125930524e-01
4.764635117061030156e-01 2.894918079875771211e-01 2.340446803192128555e-01
4.764635272819865430e-01 2.894918157050692109e-01 2.340446570258372938e-01
4.764635438578675997e-01 2.894918223114478217e-01 2.340446338435775986e-01
4.764635607670789641e-01 2.894918284733803970e-01 2.340446107724337144e-01
4.764635770096198875e-01 2.894918353019787505e-01 2.340445877012944376e-01
4.764635934743798873e-01 2.894918419083534200e-01 2.340445646301597682e-01
4.764636106058035003e-01 2.894918478480599244e-01 2.340445415590297340e-01
4.764636271816679591e-01 2.894918543433208646e-01 2.340445184879043072e-01
4.764636434241957819e-01 2.894918611719138890e-01 2.340444954167834879e-01
4.764636600000535793e-01 2.894918676671722202e-01 2.340444723456672760e-01
