8.036830964586195655e-03 9.903747656908542529e-01 1.588403325300461865e-03
8.036830160895224243e-03 9.903747662533830542e-01 1.588403566462492748e-03
8.036829357204412425e-03 9.903747668159118556e-01 1.588403807624475493e-03
8.036828553513760201e-03 9.903747671784387530e-01 1.588404248788329856e-03
8.036827749823271042e-03 9.903747677409673322e-01 1.588404489950196157e-03
8.036826946132941477e-03 9.903747685034977044e-01 1.588404531110134028e-03
8.036826142442771506e-03 9.903747694660297585e-01 1.588404372268203751e-03
8.036825338752762865e-03 9.903747704285617015e-01 1.588404213426305132e-03
8.036824535062915553e-03 9.903747713910934225e-01 1.588404054584438389e-03
8.036823731373229571e-03 9.903747723536249215e-01 1.588403895742603305e-03
8.036822927683703183e-03 9.903747733161561984e-01 1.588403736900800096e-03
8.036822123994338124e-03 9.903747742786873642e-01 1.588403578059028546e-03
8.036821320305134395e-03 9.903747752412183081e-01 1.588403419217288871e-03
8.036820516616090260e-03 9.903747762037491409e-01 1.588403260375580855e-03
8.036819712927207454e-03 9.903747771662796406e-01 1.588403101533904715e-03
8.036818909238484243e-03 9.903747781288100294e-01 1.588402942692260233e-03
8.036818105549922361e-03 9.903747790913401960e-01 1.588402783850647627e-03
8.036817301861521809e-03 9.903747800538701407e-01 1.588402625009066680e-03
8.036816498173282586e-03 9.903747810163999743e-01 1.588402466167517608e-03
8.036815694485202957e-03 9.903747819789295859e-01 1.588402307326000195e-03
8.036814890797284658e-03 9.903747829414589754e-01 1.588402148484514657e-03
8.036814087109525953e-03 9.903747839039881429e-01 1.588401989643060779e-03
8.036813283421930312e-03 9.903747848665171993e-01 1.588401830801638775e-03
8.036812479734492531e-03 9.903747858290460337e-01 1.588401671960248430e-03
8.036811676047217815e-03 9.903747867915746461e-01 1.588401513118889961e-03
8.036810872360102692e-03 9.903747877541031475e-01 1.588401354277563368e-03
8.036810068673148899e-03 9.903747887166313157e-01 1.588401195436268216e-03
8.036809264986354701e-03 9.903747896791593730e-01 1.588401036595005157e-03
8.036808461299721831e-03 9.903747906416873192e-01 1.588400877753773756e-03
8.036807657613250291e-03 9.903747916042149324e-01 1.588400718912574014e-03
8.036806853926938346e-03 9.903747925667424346e-01 1.588400560071406148e-03
8.036806050240789465e-03 9.903747935292697147e-01 1.588400401230269940e-03
8.036805246554798443e-03 9.903747944917968837e-01 1.588400242389165608e-03
8.036804442868970486e-03 9.903747954543237197e-01 1.588400083548093152e-03
8.036803639183302123e-03 9.903747964168504447e-01 1.588399924707052137e-03
8.036802835497795089e-03 9.903747973793769477e-01 1.588399765866043215e-03
8.036802031812447650e-03 9.903747983419033396e-01 1.588399607025065951e-03
8.036801228127261540e-03 9.903747993044293985e-01 1.588399448184120346e-03
8.036800424442236759e-03 9.903748002669553463e-01 1.588399289343206617e-03
8.036799620757371573e-03 9.903748012294810721e-01 1.588399130502324546e-03
8.036798817072667717e-03 9.903748021920066869e-01 1.588398971661474351e-03
8.036798013388125189e-03 9.903748031545320796e-01 1.588398812820656031e-03
8.036797209703742256e-03 9.903748041170572503e-01 1.588398653979869370e-03
8.036796406019520653e-03 9.903748050795821989e-01 1.588398495139114368e-03
8.036795602335460378e-03 9.903748060421069255e-01 1.588398336298391242e-03
8.036794998652639632e-03 9.903748068046304143e-01 1.588398177457699990e-03
8.036794394969938582e-03 9.903748075671537920e-01 1.588398018617040398e-03
8.036793791287358962e-03 9.903748083296769478e-01 1.588397859776412464e-03
8.036793387605921726e-03 9.903748088921989767e-01 1.588397700935816406e-03
8.036792983924564288e-03 9.903748092547199899e-01 1.588397742096252143e-03
8.036792580243288381e-03 9.903748096172408921e-01 1.588397783256679640e-03
8.036792176562092271e-03 9.903748099797617943e-01 1.588397824417098897e-03
8.036791772880977694e-03 9.903748103422825855e-01 1.588397865577509914e-03
8.036791369199944648e-03 9.903748107048032656e-01 1.588397906737912908e-03
8.036790765518090143e-03 9.903748112673246284e-01 1.588397947898307445e-03
8.036790561838116215e-03 9.903748114298442928e-01 1.588397989058693742e-03
8.036790358158183920e-03 9.903748115923639572e-01 1.588398030219071800e-03
8.036790154478291523e-03 9.903748117548835106e-01 1.588398071379441834e-03
8.036789950798440760e-03 9.903748119174030640e-01 1.588398112539803411e-03
8.036789747118629895e-03 9.903748120799225063e-01 1.588398153700156966e-03
8.036789543438860664e-03 9.903748122424420597e-01 1.588398194860502063e-03
8.036789339759131331e-03 9.903748124049615020e-01 1.588398236020839138e-03
8.036788936078703705e-03 9.903748127674816271e-01 1.588398277181167755e-03
8.036788332397636764e-03 9.903748133300023238e-01 1.588398318341488350e-03
8.036787728716689519e-03 9.903748138925229094e-01 1.588398359501800488e-03
8.036787125035863705e-03 9.903748144550433841e-01 1.588398400662104602e-03
8.036786521355157586e-03 9.903748150175637477e-01 1.588398441822400477e-03
8.036785717673935320e-03 9.903748157800845719e-01 1.588398482982687895e-03
8.036784913992870913e-03 9.903748165426053962e-01 1.588398524142967290e-03
8.036784110311969570e-03 9.903748173051259984e-01 1.588398565303238445e-03
8.036783306631227822e-03 9.903748180676463786e-01 1.588398606463501360e-03
8.036782502950645668e-03 9.903748188301667588e-01 1.588398647623755818e-03
8.036781699270226578e-03 9.903748195926869169e-01 1.588398688784002253e-03
8.036780895589967083e-03 9.903748203552068530e-01 1.588398729944240449e-03
8.036780091909867182e-03 9.903748211177266780e-01 1.588398771104470404e-03
8.036779288229930346e-03 9.903748218802463921e-01 1.588398812264692119e-03
8.036778484550153104e-03 9.903748226427658841e-01 1.588398853424905595e-03
8.036777680870535456e-03 9.903748234052852650e-01 1.588398894585110830e-03
8.036776877191080873e-03 9.903748241678045350e-01 1.588398935745307826e-03
8.036776073511784149e-03 9.903748249303235829e-01 1.588398976905496798e-03
8.036775269832650490e-03 9.903748256928425198e-01 1.588399018065677314e-03
8.036774466153676424e-03 9.903748264553612346e-01 1.588399059225849589e-03
8.036773662474863689e-03 9.903748272178799494e-01 1.588399100386013625e-03
8.036772858796212282e-03 9.903748277803979816e-01 1.588399341546489546e-03
8.036772055117720470e-03 9.903748283429160137e-01 1.588399582706917328e-03
8.036771251439389988e-03 9.903748289054339349e-01 1.588399823867296754e-03
8.036770447761220834e-03 9.903748294679516340e-01 1.588400065027627825e-03
8.036769644083211275e-03 9.903748300304693331e-01 1.588400306187910758e-03
8.036768840405363046e-03 9.903748305929869211e-01 1.588400547348145552e-03
8.036768036727674411e-03 9.903748311555042871e-01 1.588400788508331990e-03
8.036767233050147105e-03 9.903748319180218918e-01 1.588400829668290245e-03
8.036766429372781129e-03 9.903748328805394019e-01 1.588400670828080379e-03
8.036765625695576482e-03 9.903748338430568010e-01 1.588400511987901956e-03
8.036764822018531429e-03 9.903748348055739781e-01 1.588400353147755408e-03
8.036764018341647706e-03 9.903748357680910441e-01 1.588400194307640735e-03
8.036763214664923577e-03 9.903748367306078881e-01 1.588400035467557722e-03
8.036762410988360777e-03 9.903748376931243991e-01 1.588399876627506584e-03
8.036761607311959307e-03 9.903748386556409100e-01 1.588399717787487104e-03
8.036760803635717432e-03 9.903748396181570879e-01 1.588399558947499500e-03
8.036759999959638620e-03 9.903748405806731547e-01 1.588399400107543555e-03
