4.742819525580647677e-01 4.545887661788459710e-01 7.112928126536041673e-02
4.742819532132092064e-01 4.545887725533651613e-01 7.112927423569673224e-02
4.742819576183899821e-01 4.545887750945126204e-01 7.112926728936860843e-02
4.742819624402405121e-01 4.545887771356546536e-01 7.112926042637598978e-02
4.742819672620900429e-01 4.545887792601304156e-01 7.112925348005062764e-02
4.742819723339410376e-01 4.545887812179376097e-01 7.112924645039253591e-02
4.742819775724591569e-01 4.545887830090761805e-01 7.112923942073584582e-02
4.742819835609831669e-01 4.545887838002051762e-01 7.112923264108285404e-02
4.742819898828423142e-01 4.545887844246658260e-01 7.112922569476305690e-02
4.742819965380365987e-01 4.545887847991240682e-01 7.112921866511055791e-02
4.742820026932250688e-01 4.545887856735866261e-01 7.112921163545946057e-02
4.742820066817265978e-01 4.545887885480667245e-01 7.112920477247790252e-02
4.742820096702186072e-01 4.545887925058889611e-01 7.112919782616365649e-02
4.742820146587272134e-01 4.545887942970251450e-01 7.112919104651889424e-02
4.742820196472348204e-01 4.545887960048268783e-01 7.112918435020954000e-02
4.742820243024052917e-01 4.545887978792964024e-01 7.112917782056958627e-02
4.742820277908984528e-01 4.545888005871057125e-01 7.112917162426704576e-02
4.742820311960569413e-01 4.545888040449206913e-01 7.112916476129360621e-02
4.742820332678706063e-01 4.545888088360791612e-01 7.112915789832152669e-02
4.742820350063478019e-01 4.545888140439066083e-01 7.112915095201684246e-02
4.742820352448128829e-01 4.545888207517448376e-01 7.112914400571354601e-02
4.742820366499536089e-01 4.545888262929059787e-01 7.112913705941162346e-02
4.742820350550709940e-01 4.545888349174230791e-01 7.112913002977713783e-02
4.742820337935245711e-01 4.545888430419346982e-01 7.112912316681196945e-02
4.742820336153198979e-01 4.545888502497710815e-01 7.112911613718025938e-02
4.742820335204491755e-01 4.545888573742720706e-01 7.112910910754996485e-02
4.742820295088832627e-01 4.545888684988008688e-01 7.112910199458712113e-02
4.742820271639967555e-01 4.545888779566487625e-01 7.112909488162572069e-02
4.742820223190929996e-01 4.545888899145125173e-01 7.112908776866572191e-02
4.742820180575276212e-01 4.545889012890365066e-01 7.112908065570715255e-02
4.742820162126464290e-01 4.545889102468748111e-01 7.112907354275001259e-02
4.742820146177672558e-01 4.545889189547097087e-01 7.112906642979428817e-02
4.742820145228985318e-01 4.545889261625327138e-01 7.112905931683999317e-02
4.742820154280363854e-01 4.545889323703477536e-01 7.112905220388711369e-02
4.742820166665095427e-01 4.545889382448260463e-01 7.112904509093566363e-02
4.742820168216421717e-01 4.545889451193095843e-01 7.112903806131949669e-02
4.742820178934472608e-01 4.545889510771193298e-01 7.112903103170473140e-02
4.742820194652552224e-01 4.545889565349246486e-01 7.112902400209138165e-02
4.742820200370568284e-01 4.545889629927351017e-01 7.112901697247944743e-02
4.742820209421935718e-01 4.545889692005427030e-01 7.112900985953506117e-02
4.742820230973375795e-01 4.545889741583417076e-01 7.112900274659211819e-02
4.742820252524810876e-01 4.545889788661382491e-01 7.112899588365202697e-02
4.742820301576398667e-01 4.545889808239182428e-01 7.112898902071330964e-02
4.742820350627977022e-01 4.545889828650315767e-01 7.112898207444218190e-02
4.742820373012732182e-01 4.545889875728258422e-01 7.112897512817244194e-02
4.742820399564171563e-01 4.545889920306178111e-01 7.112896801523652113e-02
4.742820456115764971e-01 4.545889934883929895e-01 7.112896090230201585e-02
4.742820498500606163e-01 4.545889963628419461e-01 7.112895378936893998e-02
4.742820534218738504e-01 4.545889999039603446e-01 7.112894667643729352e-02
4.742820575770225755e-01 4.545890027784080800e-01 7.112893964684080528e-02
4.742820613988356082e-01 4.545890059028563912e-01 7.112893270057947526e-02
4.742820652206478083e-01 4.545890090273040918e-01 7.112892575431953301e-02
4.742820711258023403e-01 4.545890100684080726e-01 7.112891880806097855e-02
4.742820777809592103e-01 4.545890104428421119e-01 7.112891177847009694e-02
4.742820843527810193e-01 4.545890108172760402e-01 7.112890483221433191e-02
4.742820910912689536e-01 4.545890110250425664e-01 7.112889788595995466e-02
4.742820974130869671e-01 4.545890113994763837e-01 7.112889118970804059e-02
4.742821030682343730e-01 4.545890126905807183e-01 7.112888424345642502e-02
4.742821105567213702e-01 4.545890121483438517e-01 7.112887729720618335e-02
4.742821195452129879e-01 4.545890101894347612e-01 7.112887026762367004e-02
4.742821289503710291e-01 4.545890077305241306e-01 7.112886332137623169e-02
4.742821375221906721e-01 4.545890060216168926e-01 7.112885645846381277e-02
4.742821472606795763e-01 4.545890031460389502e-01 7.112884959555276776e-02
4.742821554158275221e-01 4.545890020204679249e-01 7.112884256597583332e-02
4.742821619043013359e-01 4.545890024782359706e-01 7.112883561973394608e-02
4.742821688094419619e-01 4.545890026026694897e-01 7.112882859015981496e-02
4.742821775479205693e-01 4.545890008937635840e-01 7.112882156058708549e-02
4.742821832863877707e-01 4.545890022682013143e-01 7.112881444768216765e-02
4.742821896081890198e-01 4.545890030593035536e-01 7.112880733477867923e-02
4.742821961799897901e-01 4.545890036004048840e-01 7.112880022187660634e-02
4.742822008351169627e-01 4.545890060581783132e-01 7.112879310897596286e-02
4.742822047402411867e-01 4.545890091826197410e-01 7.112878607941029718e-02
4.742822100620350811e-01 4.545890108070565483e-01 7.112877913317960932e-02
4.742822137171568975e-01 4.545890141814975527e-01 7.112877210361674696e-02
4.742822204556190746e-01 4.545890145559303708e-01 7.112876499072176562e-02
4.742822273607468775e-01 4.545890146803626131e-01 7.112875796116172045e-02
4.742822342658732926e-01 4.545890148881283066e-01 7.112875084826957017e-02
4.742822411709983754e-01 4.545890150958939446e-01 7.112874373537883543e-02
4.742822467427859623e-01 4.545890165536621286e-01 7.112873670582303687e-02
4.742822552312450091e-01 4.545890151780910271e-01 7.112872959293513320e-02
4.742822649697046034e-01 4.545890125525178793e-01 7.112872248004865894e-02
4.742822749581627750e-01 4.545890096769448219e-01 7.112871536716361409e-02
4.742822822799477311e-01 4.545890094680434257e-01 7.112870825427998478e-02
4.742822890183969742e-01 4.545890098424764103e-01 7.112870114139778488e-02
4.742822962568456480e-01 4.545890096335750696e-01 7.112869411185045176e-02
4.742823035786262742e-01 4.545890091746734862e-01 7.112868724897143669e-02
4.742823095670704037e-01 4.545890102157739143e-01 7.112868021942690688e-02
4.742823150555127154e-01 4.545890118402081681e-01 7.112867310655034137e-02
4.742823214606215476e-01 4.545890125479744581e-01 7.112866599367520526e-02
4.742823281990628526e-01 4.545890129224068321e-01 7.112865888080149857e-02
4.742823345208356800e-01 4.545890137135062958e-01 7.112865176792920741e-02
4.742823409259406819e-01 4.545890144212721973e-01 7.112864465505834566e-02
4.742823479143781218e-01 4.545890145457042175e-01 7.112863754218889945e-02
4.742823559861480964e-01 4.545890134201354127e-01 7.112863059598764637e-02
4.742823654745839668e-01 4.545890109612327756e-01 7.112862356645441309e-02
4.742823733796839303e-01 4.545890100856647131e-01 7.112861653692258146e-02
4.742823810347822078e-01 4.545890094600968379e-01 7.112860950739215149e-02
4.742823901065459924e-01 4.545890073345288385e-01 7.112860256119647728e-02
4.742823992616411743e-01 4.545890049589612070e-01 7.112859578166887131e-02
4.742824070000679071e-01 4.545890040833940882e-01 7.112858891880928514e-02
