1.890351189447696811e-01 5.925829755762582751e-01 2.183819054788480318e-01
1.890351010410823429e-01 5.925829303175171869e-01 2.183819686412764860e-01
1.890350836374034005e-01 5.925828860587949443e-01 2.183820303036777266e-01
1.890350657337231677e-01 5.925828423000861767e-01 2.183820919660666715e-01
1.890350488300560072e-01 5.925827965413672516e-01 2.183821546284527848e-01
1.890350329264016416e-01 5.925827477826293155e-01 2.183822192908451698e-01
1.890350160227411425e-01 5.925826990239011494e-01 2.183822849532338906e-01
1.890349991190840295e-01 5.925826497651780489e-01 2.183823511156140762e-01
1.890349832154394061e-01 5.925825990064511606e-01 2.183824177779855880e-01
1.890349668117934367e-01 5.925825497477478221e-01 2.183824834403347570e-01
1.890349499081463158e-01 5.925825004890544756e-01 2.183825496026752522e-01
1.890349325044981543e-01 5.925824517303753813e-01 2.183826157650025079e-01
1.890349171008708917e-01 5.925824054717276912e-01 2.183826774272773774e-01
1.890349011972424220e-01 5.925823607131022186e-01 2.183827380895313475e-01
1.890348872936341296e-01 5.925823129544601775e-01 2.183827997517816810e-01
1.890348733900286127e-01 5.925822681958529126e-01 2.183828584139944906e-01
1.890348594864258713e-01 5.925822244372629388e-01 2.183829160761872334e-01
1.890348435828095031e-01 5.925821841787104471e-01 2.183829722383561212e-01
1.890348261791841844e-01 5.925821479201983655e-01 2.183830259004935492e-01
1.890348102755743387e-01 5.925821126617014656e-01 2.183830770626002671e-01
1.890347943719676849e-01 5.925820724031721776e-01 2.183831332247362089e-01
1.890347794683719940e-01 5.925820316446470670e-01 2.183831888868570381e-01
1.890347645647793007e-01 5.925819883861107584e-01 2.183832470489859845e-01
1.890347496611895772e-01 5.925819466275945580e-01 2.183833037110919362e-01
1.890347367576178383e-01 5.925819063690980215e-01 2.183833568731602670e-01
1.890347253540597683e-01 5.925818661106094787e-01 2.183834085352068799e-01
1.890347114504857262e-01 5.925818223521034378e-01 2.183834661972869351e-01
1.890346970469108934e-01 5.925817820936314373e-01 2.183835208593339072e-01
1.890346811433282759e-01 5.925817458351958500e-01 2.183835730213521953e-01
1.890346632397348348e-01 5.925817105767744453e-01 2.183836261833670134e-01
1.890346453361449741e-01 5.925816743183532909e-01 2.183836803453781117e-01
1.890346294325722931e-01 5.925816320598984444e-01 2.183837385074055559e-01
1.890346130289994320e-01 5.925815898014521466e-01 2.183837971694247426e-01
1.890345956254232684e-01 5.925815510430373356e-01 2.183838533314156893e-01
1.890345792218570686e-01 5.925815132846368183e-01 2.183839074933823787e-01
1.890345633182973495e-01 5.925814790262662335e-01 2.183839576553126827e-01
1.890345459147313723e-01 5.925814467679150210e-01 2.183840073172297891e-01
1.890345285111688645e-01 5.925814105095456030e-01 2.183840609791617426e-01
1.890345131076220375e-01 5.925813752511894794e-01 2.183841116410646932e-01
1.890344967040722968e-01 5.925813364928194105e-01 2.183841668029845029e-01
1.890344793005199475e-01 5.925812992344658969e-01 2.183842214648903379e-01
1.890344628969768681e-01 5.925812629761257888e-01 2.183842741267736365e-01
1.890344459934342192e-01 5.925812277177985310e-01 2.183843262886435710e-01
1.890344275898865611e-01 5.925811959594978751e-01 2.183843764504918572e-01
1.890344101863480619e-01 5.925811642012036584e-01 2.183844256123246008e-01
1.890343917828076481e-01 5.925811334429211819e-01 2.183844747741475190e-01
1.890343738792736039e-01 5.925811021846422166e-01 2.183845239359605839e-01
1.890343554757404898e-01 5.925810739263850380e-01 2.183845705977508489e-01
1.890343380722161737e-01 5.925810491681513525e-01 2.183846127595088227e-01
1.890343211686978664e-01 5.925810249099250360e-01 2.183846539212533633e-01
1.890343042651829175e-01 5.925810026517135398e-01 2.183846930829798361e-01
1.890342873616713548e-01 5.925809828935183488e-01 2.183847297446865066e-01
1.890342709581655234e-01 5.925809601353131395e-01 2.183847689063975750e-01
1.890342555546675463e-01 5.925809323770895309e-01 2.183848120681192162e-01
1.890342436511884272e-01 5.925809036188668388e-01 2.183848527298209996e-01
1.890342307477073103e-01 5.925808778606630467e-01 2.183848913915058254e-01
1.890342198442373500e-01 5.925808486024495281e-01 2.183849315531893875e-01
1.890342084407674594e-01 5.925808203442458622e-01 2.183849712148628330e-01
1.890341980373039799e-01 5.925807940860562395e-01 2.183850078765160185e-01
1.890341906338545430e-01 5.925807683278737636e-01 2.183850410381478757e-01
1.890341822304027197e-01 5.925807455697081894e-01 2.183850721997652733e-01
1.890341733269506608e-01 5.925807208115395630e-01 2.183851058613859863e-01
1.890341639234985327e-01 5.925806915533591290e-01 2.183851445230184374e-01
1.890341550200501097e-01 5.925806682952062809e-01 2.183851766846197640e-01
1.890341451165999387e-01 5.925806510370791313e-01 2.183852038461971956e-01
1.890341337131466459e-01 5.925806392789739752e-01 2.183852270077555890e-01
1.890341208096907033e-01 5.925806275208711504e-01 2.183852516693142454e-01
1.890341079062373419e-01 5.925806252628013082e-01 2.183852668308376155e-01
1.890340955027881020e-01 5.925806210047255274e-01 2.183852834923625530e-01
1.890340820993383353e-01 5.925806242466731266e-01 2.183852936538646650e-01
1.890340681958898039e-01 5.925806329886360579e-01 2.183852988153502650e-01
1.890340537924426467e-01 5.925806457306084241e-01 2.183853004768250283e-01
1.890340403890010679e-01 5.925806589725794993e-01 2.183853006382954487e-01
1.890340259855595728e-01 5.925806707145441221e-01 2.183853032997723209e-01
1.890340105821184669e-01 5.925806899565252417e-01 2.183852994612323906e-01
1.890339961786828282e-01 5.925807056984939702e-01 2.183852981226992451e-01
1.890339812752489246e-01 5.925807239404654592e-01 2.183852947841617709e-01
1.890339663718180185e-01 5.925807446824385982e-01 2.183852889456194546e-01
1.890339499683869329e-01 5.925807684244139839e-01 2.183852816070751546e-01
1.890339350649621331e-01 5.925807946663896875e-01 2.183852702685243063e-01
1.890339206615412604e-01 5.925808234083648207e-01 2.183852559299700735e-01
1.890339082581268537e-01 5.925808526503351104e-01 2.183852390914141350e-01
1.890338988547200227e-01 5.925808828923012639e-01 2.183852182528547847e-01
1.890338919513191163e-01 5.925809116342588556e-01 2.183851964142980162e-01
1.890338785479098171e-01 5.925809468762206489e-01 2.183851745757456053e-01
1.890338671445059848e-01 5.925809801181725067e-01 2.183851527371975798e-01
1.890338562411051082e-01 5.925810128601169957e-01 2.183851308986539119e-01
1.890338428377033864e-01 5.925810481020580278e-01 2.183851090601146294e-01
1.890338324343076581e-01 5.925810803439887087e-01 2.183850872215797045e-01
1.890338225309145248e-01 5.925811120859124648e-01 2.183850653830491373e-01
1.890338136275242498e-01 5.925811428278289217e-01 2.183850435445229554e-01
1.890338057241365832e-01 5.925811725697384125e-01 2.183850217060011312e-01
1.890337988207511921e-01 5.925812013116412702e-01 2.183849998674836645e-01
1.890337949173689636e-01 5.925812270535365522e-01 2.183849780289705833e-01
1.890337940139890094e-01 5.925812497954252578e-01 2.183849561904618597e-01
1.890337946106098455e-01 5.925812710373087322e-01 2.183849343519574937e-01
1.890337942072302657e-01 5.925812932791882925e-01 2.183849125134575131e-01
1.890337953038510599e-01 5.925813140210631769e-01 2.183848906749618901e-01
1.890337979004718116e-01 5.925813332629337182e-01 2.183848688364706248e-01
1.890337994970920366e-01 5.925813535048003455e-01 2.183848469979837448e-01
