1.573550928188514331e-01 5.672743050203647996e-01 2.753706021675180193e-01
1.573551190835995595e-01 5.672743062929468394e-01 2.753705746301879365e-01
1.573551473483618124e-01 5.672743055655090627e-01 2.753705470928633492e-01
1.573551726130895945e-01 5.672743078381004000e-01 2.753705195555443130e-01
1.573551968778028332e-01 5.672743111107005909e-01 2.753704920182307170e-01
1.573552211425112424e-01 5.672743143833002266e-01 2.753704644809226720e-01
1.573552474072333895e-01 5.672743156558806010e-01 2.753704369436201227e-01
1.573552736719502632e-01 5.672743169284607534e-01 2.753704094063231245e-01
1.573552979366436844e-01 5.672743202010588348e-01 2.753703818690315663e-01
1.573553222013322761e-01 5.672743234736562501e-01 2.753703543317455593e-01
1.573553464660160106e-01 5.672743267462529992e-01 2.753703267944650479e-01
1.573553717307036859e-01 5.672743290188402288e-01 2.753702992571900321e-01
1.573553959953775949e-01 5.672743322914357567e-01 2.753702717199205119e-01
1.573554202600466745e-01 5.672743355640307295e-01 2.753702441826565428e-01
1.573554435247023764e-01 5.672743398366334455e-01 2.753702166453980693e-01
1.573554667893534431e-01 5.672743441092353844e-01 2.753701891081450914e-01
1.573554880539832779e-01 5.672743503818530320e-01 2.753701615708976091e-01
1.573555103186170256e-01 5.672743556544612709e-01 2.753701340336556225e-01
1.573555305832301521e-01 5.672743629270845522e-01 2.753701064964191869e-01
1.573555528478551846e-01 5.672743681996904597e-01 2.753700789591882470e-01
1.573555781124994779e-01 5.672743704722715830e-01 2.753700514219628026e-01
1.573556063771621438e-01 5.672743697448288103e-01 2.753700238847428539e-01
1.573556386418499264e-01 5.672743650173553975e-01 2.753699963475284562e-01
1.573556679065084840e-01 5.672743632899057697e-01 2.753699688103194987e-01
1.573556971711611574e-01 5.672743615624564750e-01 2.753699412731160923e-01
1.573557264358080021e-01 5.672743598350075134e-01 2.753699137359182370e-01
1.573557547004416912e-01 5.672743591075661840e-01 2.753698861987258217e-01
1.573557819650625023e-01 5.672743593801322648e-01 2.753698586615389576e-01
1.573558102296849781e-01 5.672743586526911574e-01 2.753698311243575336e-01
1.573558404943158073e-01 5.672743559252361178e-01 2.753698035871816607e-01
1.573558697589336752e-01 5.672743541977885995e-01 2.753697760500113390e-01
1.573558980235389149e-01 5.672743534703482693e-01 2.753697485128464573e-01
1.573559262881384646e-01 5.672743527429079391e-01 2.753697209756871267e-01
1.573559525527191694e-01 5.672743540154810971e-01 2.753696934385332362e-01
1.573559788172946283e-01 5.672743552880539220e-01 2.753696659013849524e-01
1.573560030818520472e-01 5.672743585606393468e-01 2.753696383642421086e-01
1.573560273464045811e-01 5.672743618332241056e-01 2.753696108271047605e-01
1.573560476109275019e-01 5.672743691058329540e-01 2.753695832899729634e-01
1.573560698754585541e-01 5.672743743784282033e-01 2.753695557528466620e-01
1.573560961400091440e-01 5.672743756509983637e-01 2.753695282157258561e-01
1.573561224045544882e-01 5.672743769235684130e-01 2.753695006786105459e-01
1.573561476690887584e-01 5.672743791961438742e-01 2.753694731415007868e-01
1.573561739336236942e-01 5.672743804687131464e-01 2.753694456043965233e-01
1.573562001981533842e-01 5.672743817412823075e-01 2.753694180672977554e-01
1.573562284626888186e-01 5.672743810138400899e-01 2.753693905302044831e-01
1.573562557272131790e-01 5.672743812864033952e-01 2.753693629931167064e-01
1.573562839917374001e-01 5.672743805589613997e-01 2.753693354560344808e-01
1.573563102562455795e-01 5.672743818315300057e-01 2.753693079189577508e-01
1.573563395207638049e-01 5.672743801040829315e-01 2.753692803818865165e-01
1.573563707852861648e-01 5.672743763766263658e-01 2.753692528448207777e-01
1.573564040498120764e-01 5.672743706491606419e-01 2.753692253077605900e-01
1.573564383143361556e-01 5.672743639216912825e-01 2.753691977707058425e-01
1.573564715788486612e-01 5.672743581942278901e-01 2.753691702336566460e-01
1.573565058433591124e-01 5.672743514667611953e-01 2.753691426966129452e-01
1.573565411078672316e-01 5.672743437392913091e-01 2.753691151595747955e-01
1.573565743723594756e-01 5.672743380118316914e-01 2.753690876225420858e-01
1.573566076368450584e-01 5.672743322843731839e-01 2.753690600855149273e-01
1.573566399013198169e-01 5.672743275569200883e-01 2.753690325484932644e-01
1.573566731657922158e-01 5.672743218294638012e-01 2.753690050114770971e-01
1.573567054302539570e-01 5.672743171020127040e-01 2.753689774744664809e-01
1.573567386947131441e-01 5.672743113745586374e-01 2.753689499374613048e-01
1.573567709591618680e-01 5.672743066471095386e-01 2.753689224004616798e-01
1.573567992235893331e-01 5.672743059196760917e-01 2.753688948634675504e-01
1.573568284880147716e-01 5.672743041922392315e-01 2.753688673264789166e-01
1.573568597524413470e-01 5.672743004647957665e-01 2.753688397894958340e-01
1.573568930168684765e-01 5.672742947373462519e-01 2.753688122525182469e-01
1.573569282812955494e-01 5.672742870098913537e-01 2.753687847155461554e-01
1.573569665457251743e-01 5.672742762824283247e-01 2.753687571785795596e-01
1.573570028101409224e-01 5.672742675549736768e-01 2.753687296416184593e-01
1.573570380745464292e-01 5.672742598275237746e-01 2.753687021046628547e-01
1.573570763389535998e-01 5.672742491000666298e-01 2.753686745677128012e-01
1.573571156033559126e-01 5.672742373726089582e-01 2.753686470307682432e-01
1.573571538677476789e-01 5.672742266451562543e-01 2.753686194938291809e-01
1.573571931321343653e-01 5.672742149177030235e-01 2.753685919568956697e-01
1.573572313965107272e-01 5.672742041902547605e-01 2.753685644199675986e-01
1.573572686608770144e-01 5.672741944628110211e-01 2.753685368830450786e-01
1.573573039252312566e-01 5.672741867353737755e-01 2.753685093461280542e-01
1.573573411895828611e-01 5.672741770079336998e-01 2.753684818092165254e-01
1.573573784539269993e-01 5.672741672804955115e-01 2.753684542723105477e-01
1.573574157182636990e-01 5.672741575530593217e-01 2.753684267354100657e-01
1.573574509825891310e-01 5.672741498256288484e-01 2.753683991985150237e-01
1.573574892469128961e-01 5.672741390981945742e-01 2.753683716616255328e-01
1.573575265112273358e-01 5.672741293707641574e-01 2.753683441247415931e-01
1.573575637755343093e-01 5.672741196433356281e-01 2.753683165878630934e-01
1.573576010398338165e-01 5.672741099159089861e-01 2.753682890509901449e-01
1.573576373041244980e-01 5.672741011884858686e-01 2.753682615141226919e-01
1.573576735684079075e-01 5.672740924610644164e-01 2.753682339772607346e-01
1.573577118326864588e-01 5.672740817336423547e-01 2.753682064404042729e-01
1.573577490969562676e-01 5.672740720062233732e-01 2.753681789035533622e-01
1.573577873612196365e-01 5.672740612788055303e-01 2.753681513667079472e-01
1.573578236254735419e-01 5.672740525513915166e-01 2.753681238298680278e-01
1.573578628897225884e-01 5.672740408239769216e-01 2.753680962930336040e-01
1.573579021539638079e-01 5.672740290965646581e-01 2.753680687562046758e-01
1.573579414181971448e-01 5.672740173691547261e-01 2.753680412193812987e-01
1.573579806824226268e-01 5.672740056417471255e-01 2.753680136825634173e-01
1.573580179466394779e-01 5.672739959143426880e-01 2.753679861457510314e-01
1.573580572108494724e-01 5.672739841869395283e-01 2.753679586089441411e-01
1.573580954750513905e-01 5.672739734595390049e-01 2.753679310721428020e-01
1.573581367392459796e-01 5.672739597321402316e-01 2.753679035353469029e-01
1.573581780034323252e-01 5.672739460047442339e-01 2.753678759985565550e-01
