1.113554044198365733e-01 6.358022584474405381e-01 2.528423371380497109e-01
1.113553992842458151e-01 6.358022888675128881e-01 2.528423118535682024e-01
1.113553941486560700e-01 6.358023192875791318e-01 2.528422865690918009e-01
1.113553890130673657e-01 6.358023497076392694e-01 2.528422612846203954e-01
1.113553838774796745e-01 6.358023801276933007e-01 2.528422360001540414e-01
1.113553807419118274e-01 6.358024085477224085e-01 2.528422107156927945e-01
1.113553776063445910e-01 6.358024369677458543e-01 2.528421854312365435e-01
1.113553744707779930e-01 6.358024653877636378e-01 2.528421601467853996e-01
1.113553713352120195e-01 6.358024938077756483e-01 2.528421348623393072e-01
1.113553681996466704e-01 6.358025222277821076e-01 2.528421095778982663e-01
1.113553630640641556e-01 6.358025526478006118e-01 2.528420842934622770e-01
1.113553579284826539e-01 6.358025830678131207e-01 2.528420590090313391e-01
1.113553527929021930e-01 6.358026134878195235e-01 2.528420337246054528e-01
1.113553476573227591e-01 6.358026439078198200e-01 2.528420084401846735e-01
1.113553405217273390e-01 6.358026763278309401e-01 2.528419831557688902e-01
1.113553333861333483e-01 6.358027087478357320e-01 2.528419578713581584e-01
1.113553262505407870e-01 6.358027411678338625e-01 2.528419325869525336e-01
1.113553191149496552e-01 6.358027735878256648e-01 2.528419073025519603e-01
1.113553119793599527e-01 6.358028060078108057e-01 2.528418820181563831e-01
1.113553088438036798e-01 6.358028344277576460e-01 2.528418567337659129e-01
1.113553097082796289e-01 6.358028588476670739e-01 2.528418314493804941e-01
1.113553045727086049e-01 6.358028892676185206e-01 2.528418061650001269e-01
1.113552994371386079e-01 6.358029196875638611e-01 2.528417808806248668e-01
1.113552943015696517e-01 6.358029501075030954e-01 2.528417555962546026e-01
1.113552911660167094e-01 6.358029785274212919e-01 2.528417303118893900e-01
1.113552880304643916e-01 6.358030069473337154e-01 2.528417050275292843e-01
1.113552848949127122e-01 6.358030353672404766e-01 2.528416797431741747e-01
1.113552797593472532e-01 6.358030657871559521e-01 2.528416544588241721e-01
1.113552746237828212e-01 6.358030962070654324e-01 2.528416291744792210e-01
1.113552694882194161e-01 6.358031266269688064e-01 2.528416038901392660e-01
1.113552643526570379e-01 6.358031570468660743e-01 2.528415786058044179e-01
1.113552592170956868e-01 6.358031874667572358e-01 2.528415533214746214e-01
1.113552540815353625e-01 6.358032178866424022e-01 2.528415280371499319e-01
1.113552489459760653e-01 6.358032483065213514e-01 2.528415027528302383e-01
1.113552438104177950e-01 6.358032787263943053e-01 2.528414774685155963e-01
1.113552366748477435e-01 6.358033111462739750e-01 2.528414521842060614e-01
1.113552295392791214e-01 6.358033435661470945e-01 2.528414268999015224e-01
1.113552224037119287e-01 6.358033759860136636e-01 2.528414016156020905e-01
1.113552152681461654e-01 6.358034084058739044e-01 2.528413763313076545e-01
1.113552081325818316e-01 6.358034408257274839e-01 2.528413510470183256e-01
1.113552009970189272e-01 6.358034732455747351e-01 2.528413257627340482e-01
1.113551958614690390e-01 6.358035036654038352e-01 2.528413004784548224e-01
1.113551907259201917e-01 6.358035340852269401e-01 2.528412751941806480e-01
1.113551855903723714e-01 6.358035645050439388e-01 2.528412499099115807e-01
1.113551824548365682e-01 6.358035929248437856e-01 2.528412246256475093e-01
1.113551793193014033e-01 6.358036213446379703e-01 2.528411993413884895e-01
1.113551761837668630e-01 6.358036497644263818e-01 2.528411740571345767e-01
1.113551730482329472e-01 6.358036781842092422e-01 2.528411487728856599e-01
1.113551699126996558e-01 6.358037066039863294e-01 2.528411234886418502e-01
1.113551667771669890e-01 6.358037350237577545e-01 2.528410982044030919e-01
1.113551636416349605e-01 6.358037634435235175e-01 2.528410729201693852e-01
1.113551605061035427e-01 6.358037918632836183e-01 2.528410476359407300e-01
1.113551573705727632e-01 6.358038202830379459e-01 2.528410223517171262e-01
1.113551542350426221e-01 6.358038487027866115e-01 2.528409970674985741e-01
1.113551510995130917e-01 6.358038771225296149e-01 2.528409717832850734e-01
1.113551479639841857e-01 6.358039055422669561e-01 2.528409464990766797e-01
1.113551448284559181e-01 6.358039339619986352e-01 2.528409212148732821e-01
1.113551416929282750e-01 6.358039623817245412e-01 2.528408959306749915e-01
1.113551385574012564e-01 6.358039908014448960e-01 2.528408706464816968e-01
1.113551354218748624e-01 6.358040192211594777e-01 2.528408453622935093e-01
1.113551322863491067e-01 6.358040476408683972e-01 2.528408200781103732e-01
1.113551291508239616e-01 6.358040760605715436e-01 2.528407947939322886e-01
1.113551260152994549e-01 6.358041044802691388e-01 2.528407695097592556e-01
1.113551228797755727e-01 6.358041328999609609e-01 2.528407442255912740e-01
1.113551217442593222e-01 6.358041593196401831e-01 2.528407189414283440e-01
1.113551186087364947e-01 6.358041877393209029e-01 2.528406936572705210e-01
1.113551154732142917e-01 6.358042161589958496e-01 2.528406683731176940e-01
1.113551123376927271e-01 6.358042445786652452e-01 2.528406430889699186e-01
1.113551092021717731e-01 6.358042729983288677e-01 2.528406178048272501e-01
1.113551060666514575e-01 6.358043014179868280e-01 2.528405925206896332e-01
1.113551029311317664e-01 6.358043298376390151e-01 2.528405672365570678e-01
1.113551017956183053e-01 6.358043562572800456e-01 2.528405419524295539e-01
1.113551026601104638e-01 6.358043806769103634e-01 2.528405166683070915e-01
1.113551015245972525e-01 6.358044070965410688e-01 2.528404913841896806e-01
1.113551003890842772e-01 6.358044335161664451e-01 2.528404661000773213e-01
1.113550992535715239e-01 6.358044599357864923e-01 2.528404408159700134e-01
1.113550981180589927e-01 6.358044863554013215e-01 2.528404155318677571e-01
1.113550969825466974e-01 6.358045127750108216e-01 2.528403902477706078e-01
1.113550958470346242e-01 6.358045391946151037e-01 2.528403649636785100e-01
1.113550967115267687e-01 6.358045636142100054e-01 2.528403396795914082e-01
1.113550975760187606e-01 6.358045880338000222e-01 2.528403143955094134e-01
1.113550964405069649e-01 6.358046144533888722e-01 2.528402891114324702e-01
1.113550953049954051e-01 6.358046408729722820e-01 2.528402638273605785e-01
1.113550921694808626e-01 6.358046692925537480e-01 2.528402385432937383e-01
1.113550890339669447e-01 6.358046977121294407e-01 2.528402132592319496e-01
1.113550838984508629e-01 6.358047281317023014e-01 2.528401879751752124e-01
1.113550787629357941e-01 6.358047585512690558e-01 2.528401626911235822e-01
1.113550756274241660e-01 6.358047869708273181e-01 2.528401374070769481e-01
1.113550724919131624e-01 6.358048153903798072e-01 2.528401121230354209e-01
1.113550693564027833e-01 6.358048438099267452e-01 2.528400868389988898e-01
1.113550662208930286e-01 6.358048722294679100e-01 2.528400615549674657e-01
1.113550630853839124e-01 6.358049006490034127e-01 2.528400362709410931e-01
1.113550599498754207e-01 6.358049290685332533e-01 2.528400109869197721e-01
1.113550568143675534e-01 6.358049574880573207e-01 2.528399857029035025e-01
1.113550536788603107e-01 6.358049859075758370e-01 2.528399604188922845e-01
1.113550525433544963e-01 6.358050123270878595e-01 2.528399351348861179e-01
1.113550534078495136e-01 6.358050367465939434e-01 2.528399098508850029e-01
1.113550542723443504e-01 6.358050611660951423e-01 2.528398845668889949e-01
1.113550551368390207e-01 6.358050855855914563e-01 2.528398592828979830e-01
1.113550560013335244e-01 6.358051100050828852e-01 2.528398339989120780e-01
