Using complement trick: generating 89-regular graph
Using complement trick: generating 88-regular graph
Using complement trick: generating 87-regular graph
Using complement trick: generating 86-regular graph
Using complement trick: generating 85-regular graph
Using complement trick: generating 84-regular graph
Using complement trick: generating 83-regular graph
Using complement trick: generating 82-regular graph
Using complement trick: generating 81-regular graph
Using complement trick: generating 80-regular graph
Using complement trick: generating 79-regular graph
Using complement trick: generating 78-regular graph
Using complement trick: generating 77-regular graph
Using complement trick: generating 76-regular graph
Using complement trick: generating 75-regular graph
Using complement trick: generating 74-regular graph
Using complement trick: generating 73-regular graph
Using complement trick: generating 72-regular graph
Using complement trick: generating 71-regular graph
Using complement trick: generating 70-regular graph
Using complement trick: generating 69-regular graph
Using complement trick: generating 68-regular graph
Using complement trick: generating 67-regular graph
Using complement trick: generating 66-regular graph
Using complement trick: generating 65-regular graph
Using complement trick: generating 64-regular graph
Using complement trick: generating 63-regular graph
Using complement trick: generating 62-regular graph
Using complement trick: generating 61-regular graph
Using complement trick: generating 60-regular graph
Using complement trick: generating 59-regular graph
Using complement trick: generating 58-regular graph
Using complement trick: generating 57-regular graph
Using complement trick: generating 56-regular graph
Using complement trick: generating 55-regular graph
Using complement trick: generating 54-regular graph
Using complement trick: generating 53-regular graph
Using complement trick: generating 52-regular graph
Using complement trick: generating 51-regular graph
Using complement trick: generating 50-regular graph
Using complement trick: generating 49-regular graph
Using complement trick: generating 48-regular graph
Using complement trick: generating 47-regular graph
Using complement trick: generating 46-regular graph
Using complement trick: generating 45-regular graph
Using complement trick: generating 44-regular graph
Using complement trick: generating 43-regular graph
Using complement trick: generating 42-regular graph
Using complement trick: generating 41-regular graph
Using complement trick: generating 40-regular graph
Using complement trick: generating 39-regular graph
Using complement trick: generating 38-regular graph
Using complement trick: generating 37-regular graph
Using complement trick: generating 36-regular graph
Using complement trick: generating 35-regular graph
Using complement trick: generating 34-regular graph
Using complement trick: generating 33-regular graph
Using complement trick: generating 32-regular graph
Using complement trick: generating 31-regular graph
Using complement trick: generating 30-regular graph
Using complement trick: generating 29-regular graph
Using complement trick: generating 28-regular graph
Using complement trick: generating 27-regular graph
Using complement trick: generating 26-regular graph
Using complement trick: generating 25-regular graph
Using complement trick: generating 24-regular graph
Using complement trick: generating 23-regular graph
Using complement trick: generating 22-regular graph
Using complement trick: generating 21-regular graph
Using complement trick: generating 20-regular graph
Using complement trick: generating 19-regular graph
Using complement trick: generating 18-regular graph
Using complement trick: generating 17-regular graph
Using complement trick: generating 16-regular graph
Using complement trick: generating 15-regular graph
Using complement trick: generating 14-regular graph
Using complement trick: generating 13-regular graph
Using complement trick: generating 12-regular graph
Using complement trick: generating 11-regular graph
Using complement trick: generating 10-regular graph
Using complement trick: generating 9-regular graph
Using complement trick: generating 8-regular graph
Using complement trick: generating 7-regular graph
Using complement trick: generating 6-regular graph
Using complement trick: generating 5-regular graph
Using complement trick: generating 4-regular graph
Using complement trick: generating 3-regular graph
Using complement trick: generating 2-regular graph
[[2.00000000e+00 2.94875598e-01 4.35049275e-01 2.70075127e-01
  7.21451940e-01]
 [3.00000000e+00 3.53998215e-01 6.06511303e-01 3.94904824e-02
  9.49002174e-01]
 [4.00000000e+00 3.75420003e-01 5.98194847e-01 2.63851502e-02
  9.61533461e-01]
 [5.00000000e+00 3.70943896e-01 6.05856516e-01 2.31995878e-02
  9.63699026e-01]
 [6.00000000e+00 3.69531281e-01 6.05608682e-01 2.48600363e-02
  9.60241548e-01]
 [7.00000000e+00 3.65972698e-01 6.05082457e-01 2.89448452e-02
  9.54243045e-01]
 [8.00000000e+00 3.49071810e-01 6.17589089e-01 3.33391008e-02
  9.48280603e-01]
 [9.00000000e+00 3.35787933e-01 6.24012944e-01 4.01991229e-02
  9.39965224e-01]
 [1.00000000e+01 3.27015946e-01 6.27103314e-01 4.58807402e-02
  9.32844192e-01]
 [1.10000000e+01 3.15711326e-01 6.33433528e-01 5.08551454e-02
  9.26966072e-01]
 [1.20000000e+01 3.00446926e-01 6.42361608e-01 5.71914668e-02
  9.20367940e-01]
 [1.30000000e+01 2.98912337e-01 6.37127614e-01 6.39600493e-02
  9.12424231e-01]
 [1.40000000e+01 2.94339469e-01 6.36639785e-01 6.90207458e-02
  9.06675904e-01]
 [1.50000000e+01 2.81425036e-01 6.44657833e-01 7.39171312e-02
  9.01852826e-01]
 [1.60000000e+01 2.81171802e-01 6.36257442e-01 8.25707558e-02
  8.91591120e-01]
 [1.70000000e+01 2.75637332e-01 6.34560580e-01 8.98020886e-02
  8.83859266e-01]
 [1.80000000e+01 2.73507709e-01 6.35618240e-01 9.08740512e-02
  8.81835555e-01]
 [1.90000000e+01 2.69756347e-01 6.31562643e-01 9.86810099e-02
  8.73494019e-01]
 [2.00000000e+01 2.65913556e-01 6.30045792e-01 1.04040652e-01
  8.67590222e-01]
 [2.10000000e+01 2.66604868e-01 6.19420215e-01 1.13974917e-01
  8.56326466e-01]
 [2.20000000e+01 2.57847570e-01 6.30469390e-01 1.11683040e-01
  8.59664996e-01]
 [2.30000000e+01 2.61081938e-01 6.19038719e-01 1.19879342e-01
  8.50328857e-01]
 [2.40000000e+01 2.58377945e-01 6.16481929e-01 1.25140125e-01
  8.44094918e-01]
 [2.50000000e+01 2.58234538e-01 6.11377234e-01 1.30388228e-01
  8.38173118e-01]
 [2.60000000e+01 2.53092210e-01 6.14869702e-01 1.32038088e-01
  8.36600881e-01]
 [2.70000000e+01 2.52626494e-01 6.11462338e-01 1.35911168e-01
  8.32129600e-01]
 [2.80000000e+01 2.51846343e-01 6.09608552e-01 1.38545105e-01
  8.29281243e-01]
 [2.90000000e+01 2.51446129e-01 6.14106414e-01 1.34447457e-01
  8.33853935e-01]
 [3.00000000e+01 2.50368300e-01 5.97807487e-01 1.51824213e-01
  8.14637089e-01]
 [3.10000000e+01 2.49385726e-01 5.98083024e-01 1.52531249e-01
  8.13658538e-01]
 [3.20000000e+01 2.49676718e-01 6.01325562e-01 1.48997719e-01
  8.17465269e-01]
 [3.30000000e+01 2.48952894e-01 5.91896995e-01 1.59150110e-01
  8.05824513e-01]
 [3.40000000e+01 2.49279674e-01 5.85564385e-01 1.65155941e-01
  7.99649021e-01]
 [3.50000000e+01 2.41561619e-01 5.93944280e-01 1.64494101e-01
  8.00614276e-01]
 [3.60000000e+01 2.46320481e-01 5.91103988e-01 1.62575531e-01
  8.01926105e-01]
 [3.70000000e+01 2.45896714e-01 5.84807606e-01 1.69295680e-01
  7.94836887e-01]
 [3.80000000e+01 2.51303392e-01 5.73639838e-01 1.75056770e-01
  7.87541359e-01]
 [3.90000000e+01 2.45771198e-01 5.77937170e-01 1.76291632e-01
  7.86770111e-01]
 [4.00000000e+01 2.49188161e-01 5.71010370e-01 1.79801469e-01
  7.82124668e-01]
 [4.10000000e+01 2.48417721e-01 5.69507199e-01 1.82075079e-01
  7.79694708e-01]
 [4.20000000e+01 2.48319915e-01 5.68518601e-01 1.83161484e-01
  7.78459377e-01]
 [4.30000000e+01 2.47396763e-01 5.62252748e-01 1.90350489e-01
  7.70955139e-01]
 [4.40000000e+01 2.49357540e-01 5.63340089e-01 1.87302371e-01
  7.73169677e-01]
 [4.50000000e+01 2.48759810e-01 5.60387139e-01 1.90853051e-01
  7.69209473e-01]
 [4.60000000e+01 2.46327551e-01 5.60803848e-01 1.92868601e-01
  7.67395406e-01]
 [4.70000000e+01 2.50463068e-01 5.45953008e-01 2.03583923e-01
  7.54841399e-01]
 [4.80000000e+01 2.47560621e-01 5.59154865e-01 1.93284514e-01
  7.66180652e-01]
 [4.90000000e+01 2.45601274e-01 5.53447205e-01 2.00951520e-01
  7.58010663e-01]
 [5.00000000e+01 2.45833781e-01 5.45239312e-01 2.08926908e-01
  7.49410525e-01]
 [5.10000000e+01 2.47605341e-01 5.40094058e-01 2.12300602e-01
  7.45924872e-01]
 [5.20000000e+01 2.48293398e-01 5.36846823e-01 2.14859779e-01
  7.43065249e-01]
 [5.30000000e+01 2.48044828e-01 5.38523326e-01 2.13431847e-01
  7.44234341e-01]
 [5.40000000e+01 2.48720818e-01 5.39491551e-01 2.11787630e-01
  7.45598248e-01]
 [5.50000000e+01 2.45497315e-01 5.34384548e-01 2.20118136e-01
  7.36930586e-01]
 [5.60000000e+01 2.50695061e-01 5.24730713e-01 2.24574226e-01
  7.31419048e-01]
 [5.70000000e+01 2.48897287e-01 5.27865150e-01 2.23237563e-01
  7.32727716e-01]
 [5.80000000e+01 2.50882481e-01 5.22966222e-01 2.26151297e-01
  7.29618128e-01]
 [5.90000000e+01 2.48092224e-01 5.30771714e-01 2.21136062e-01
  7.35429325e-01]
 [6.00000000e+01 2.47830253e-01 5.18987236e-01 2.33182511e-01
  7.21893855e-01]
 [6.10000000e+01 2.50567325e-01 5.20777315e-01 2.28655361e-01
  7.26176256e-01]
 [6.20000000e+01 2.51016071e-01 5.18772346e-01 2.30211584e-01
  7.24241807e-01]
 [6.30000000e+01 2.47701243e-01 5.16728456e-01 2.35570301e-01
  7.18871937e-01]
 [6.40000000e+01 2.53066685e-01 5.11521439e-01 2.35411877e-01
  7.18328062e-01]
 [6.50000000e+01 2.54746396e-01 5.14132314e-01 2.31121289e-01
  7.22726928e-01]
 [6.60000000e+01 2.50097828e-01 5.10842478e-01 2.39059694e-01
  7.13937569e-01]
 [6.70000000e+01 2.49099774e-01 5.07155068e-01 2.43745158e-01
  7.09665577e-01]
 [6.80000000e+01 2.47452325e-01 5.05354887e-01 2.47192788e-01
  7.05804269e-01]
 [6.90000000e+01 2.48303775e-01 5.07771717e-01 2.43924508e-01
  7.08655756e-01]
 [7.00000000e+01 2.53852071e-01 5.07335499e-01 2.38812430e-01
  7.13268526e-01]
 [7.10000000e+01 2.52246391e-01 5.11373773e-01 2.36379837e-01
  7.16336950e-01]
 [7.20000000e+01 2.50955755e-01 5.05308133e-01 2.43736112e-01
  7.08329619e-01]
 [7.30000000e+01 2.54410655e-01 4.93798191e-01 2.51791155e-01
  6.98966974e-01]
 [7.40000000e+01 2.51068581e-01 5.04589164e-01 2.44342255e-01
  7.07341245e-01]
 [7.50000000e+01 2.49548819e-01 4.92888737e-01 2.57562444e-01
  6.93421951e-01]
 [7.60000000e+01 2.52103855e-01 4.97007503e-01 2.50888642e-01
  6.99953347e-01]
 [7.70000000e+01 2.50592146e-01 4.89074396e-01 2.60333458e-01
  6.89985124e-01]
 [7.80000000e+01 2.53312293e-01 4.89737664e-01 2.56950043e-01
  6.92634386e-01]
 [7.90000000e+01 2.52436036e-01 4.93241858e-01 2.54322106e-01
  6.95562914e-01]
 [8.00000000e+01 2.53653953e-01 4.88684340e-01 2.57661707e-01
  6.91920299e-01]
 [8.10000000e+01 2.53515022e-01 4.84276962e-01 2.62208016e-01
  6.87150235e-01]
 [8.20000000e+01 2.52412912e-01 4.92887967e-01 2.54699121e-01
  6.94863675e-01]
 [8.30000000e+01 2.53480404e-01 4.81163202e-01 2.65356394e-01
  6.83321647e-01]
 [8.40000000e+01 2.53804220e-01 4.83445573e-01 2.62750207e-01
  6.86325214e-01]
 [8.50000000e+01 2.56380255e-01 4.81161677e-01 2.62458068e-01
  6.85294342e-01]
 [8.60000000e+01 2.51160347e-01 4.82741150e-01 2.66098503e-01
  6.82376722e-01]
 [8.70000000e+01 2.53531591e-01 4.77164142e-01 2.69304267e-01
  6.78992106e-01]
 [8.80000000e+01 2.54116084e-01 4.79984042e-01 2.65899874e-01
  6.81940581e-01]
 [8.90000000e+01 2.52010651e-01 4.80131380e-01 2.67857968e-01
  6.79775933e-01]
 [9.00000000e+01 2.57643091e-01 4.76360873e-01 2.65996037e-01
  6.80951645e-01]
 [9.10000000e+01 2.49297352e-01 4.72554460e-01 2.78148188e-01
  6.69589757e-01]
 [9.20000000e+01 2.56527554e-01 4.77048781e-01 2.66423666e-01
  6.80730487e-01]
 [9.30000000e+01 2.52180743e-01 4.72819970e-01 2.74999287e-01
  6.71766186e-01]
 [9.40000000e+01 2.54507308e-01 4.74576267e-01 2.70916425e-01
  6.76158713e-01]
 [9.50000000e+01 2.53571421e-01 4.69029885e-01 2.77398694e-01
  6.69115702e-01]
 [9.60000000e+01 2.53014879e-01 4.68830667e-01 2.78154453e-01
  6.68025828e-01]
 [9.70000000e+01 2.51389946e-01 4.71194155e-01 2.77415899e-01
  6.68868829e-01]
 [9.80000000e+01 2.54336979e-01 4.58306352e-01 2.87356669e-01
  6.58379649e-01]
 [9.90000000e+01 2.53862041e-01 4.69098436e-01 2.77039523e-01
  6.69016858e-01]
 [1.00000000e+02 2.57742899e-01 4.66564150e-01 2.75692950e-01
  6.69807603e-01]
 [1.01000000e+02 2.55339643e-01 4.66787262e-01 2.77873095e-01
  6.67373221e-01]
 [1.02000000e+02 2.53644504e-01 4.64756207e-01 2.81599289e-01
  6.63686612e-01]
 [1.03000000e+02 2.58284403e-01 4.58865046e-01 2.82850551e-01
  6.61478662e-01]
 [1.04000000e+02 2.52060650e-01 4.60381624e-01 2.87557727e-01
  6.57969443e-01]
 [1.05000000e+02 2.54587339e-01 4.62708232e-01 2.82704428e-01
  6.61785150e-01]
 [1.06000000e+02 2.55092479e-01 4.61832210e-01 2.83075310e-01
  6.62019472e-01]
 [1.07000000e+02 2.54933360e-01 4.55075347e-01 2.89991293e-01
  6.53543749e-01]
 [1.08000000e+02 2.57262604e-01 4.51236164e-01 2.91501232e-01
  6.52077810e-01]
 [1.09000000e+02 2.56661164e-01 4.56998001e-01 2.86340835e-01
  6.57363384e-01]
 [1.10000000e+02 2.55790191e-01 4.58788794e-01 2.85421016e-01
  6.58460690e-01]
 [1.11000000e+02 2.55113877e-01 4.52050828e-01 2.92835295e-01
  6.51340461e-01]
 [1.12000000e+02 2.53515184e-01 4.53438686e-01 2.93046129e-01
  6.50100262e-01]
 [1.13000000e+02 2.52153991e-01 4.51269599e-01 2.96576410e-01
  6.45997742e-01]
 [1.14000000e+02 2.54339660e-01 4.53138286e-01 2.92522054e-01
  6.50824646e-01]
 [1.15000000e+02 2.54253436e-01 4.54623630e-01 2.91122933e-01
  6.51860826e-01]
 [1.16000000e+02 2.56284403e-01 4.51603193e-01 2.92112404e-01
  6.51308059e-01]
 [1.17000000e+02 2.53705958e-01 4.55828053e-01 2.90465989e-01
  6.52325718e-01]
 [1.18000000e+02 2.53853047e-01 4.52194712e-01 2.93952241e-01
  6.48653127e-01]
 [1.19000000e+02 2.55468778e-01 4.53678636e-01 2.90852586e-01
  6.51914730e-01]
 [1.20000000e+02 2.51635991e-01 4.45413718e-01 3.02950291e-01
  6.39533933e-01]
 [1.21000000e+02 2.56326365e-01 4.51325420e-01 2.92348215e-01
  6.49675163e-01]
 [1.22000000e+02 2.57945364e-01 4.46898761e-01 2.95155875e-01
  6.46854233e-01]
 [1.23000000e+02 2.56444818e-01 4.48219345e-01 2.95335837e-01
  6.46585568e-01]
 [1.24000000e+02 2.55544252e-01 4.49373884e-01 2.95081864e-01
  6.46763870e-01]
 [1.25000000e+02 2.57850265e-01 4.48029541e-01 2.94120194e-01
  6.47791160e-01]
 [1.26000000e+02 2.55412831e-01 4.47507590e-01 2.97079579e-01
  6.45028593e-01]
 [1.27000000e+02 2.59591893e-01 4.46945726e-01 2.93462381e-01
  6.47210773e-01]
 [1.28000000e+02 2.57632027e-01 4.47508579e-01 2.94859394e-01
  6.46199187e-01]
 [1.29000000e+02 2.57421657e-01 4.47498685e-01 2.95079658e-01
  6.45432592e-01]
 [1.30000000e+02 2.54844712e-01 4.47051832e-01 2.98103455e-01
  6.43209175e-01]
 [1.31000000e+02 2.56009135e-01 4.45624834e-01 2.98366031e-01
  6.42014278e-01]
 [1.32000000e+02 2.57056418e-01 4.38510677e-01 3.04432905e-01
  6.35453238e-01]
 [1.33000000e+02 2.57023938e-01 4.39463810e-01 3.03512252e-01
  6.36377240e-01]
 [1.34000000e+02 2.54953538e-01 4.41084815e-01 3.03961647e-01
  6.36820642e-01]
 [1.35000000e+02 2.52620956e-01 4.40250167e-01 3.07128877e-01
  6.32761438e-01]
 [1.36000000e+02 2.52227574e-01 4.37337615e-01 3.10434812e-01
  6.29834142e-01]
 [1.37000000e+02 2.57735922e-01 4.37491984e-01 3.04772094e-01
  6.34752758e-01]
 [1.38000000e+02 2.55803968e-01 4.39605279e-01 3.04590753e-01
  6.34717984e-01]
 [1.39000000e+02 2.55345121e-01 4.49538529e-01 2.95116351e-01
  6.44889660e-01]
 [1.40000000e+02 2.55481525e-01 4.35115885e-01 3.09402591e-01
  6.30352530e-01]
 [1.41000000e+02 2.57382346e-01 4.40937337e-01 3.01680317e-01
  6.37619883e-01]
 [1.42000000e+02 2.53519242e-01 4.31036338e-01 3.15444420e-01
  6.23058783e-01]
 [1.43000000e+02 2.55035838e-01 4.42832363e-01 3.02131799e-01
  6.37330376e-01]
 [1.44000000e+02 2.58620373e-01 4.41491706e-01 2.99887920e-01
  6.39196405e-01]
 [1.45000000e+02 2.55479133e-01 4.31664341e-01 3.12856527e-01
  6.25199158e-01]
 [1.46000000e+02 2.56287899e-01 4.37667081e-01 3.06045019e-01
  6.32409307e-01]
 [1.47000000e+02 2.56332414e-01 4.43867699e-01 2.99799888e-01
  6.39615127e-01]
 [1.48000000e+02 2.56970082e-01 4.30648617e-01 3.12381301e-01
  6.25004068e-01]
 [1.49000000e+02 2.56478643e-01 4.38364507e-01 3.05156850e-01
  6.32704016e-01]
 [1.50000000e+02 2.53965452e-01 4.31548833e-01 3.14485715e-01
  6.23755797e-01]
 [1.51000000e+02 2.53404718e-01 4.34557492e-01 3.12037790e-01
  6.26851104e-01]
 [1.52000000e+02 2.57147579e-01 4.33889148e-01 3.08963273e-01
  6.29033763e-01]
 [1.53000000e+02 2.52911480e-01 4.29465251e-01 3.17623269e-01
  6.19736291e-01]
 [1.54000000e+02 2.56191346e-01 4.30831543e-01 3.12977111e-01
  6.24254049e-01]
 [1.55000000e+02 2.61247630e-01 4.37255230e-01 3.01497141e-01
  6.36484694e-01]
 [1.56000000e+02 2.52179967e-01 4.30669923e-01 3.17150110e-01
  6.20855648e-01]
 [1.57000000e+02 2.56547399e-01 4.35272839e-01 3.08179762e-01
  6.29378958e-01]
 [1.58000000e+02 2.53154128e-01 4.31993685e-01 3.14852187e-01
  6.22737746e-01]
 [1.59000000e+02 2.57414328e-01 4.28373078e-01 3.14212594e-01
  6.23032598e-01]
 [1.60000000e+02 2.53671120e-01 4.35051480e-01 3.11277400e-01
  6.25871004e-01]
 [1.61000000e+02 2.55864284e-01 4.28088357e-01 3.16047359e-01
  6.21281750e-01]
 [1.62000000e+02 2.55789292e-01 4.30883643e-01 3.13327065e-01
  6.23303186e-01]
 [1.63000000e+02 2.53555644e-01 4.20656567e-01 3.25787789e-01
  6.10674248e-01]
 [1.64000000e+02 2.54435489e-01 4.30183036e-01 3.15381475e-01
  6.21482661e-01]
 [1.65000000e+02 2.53566812e-01 4.25912348e-01 3.20520840e-01
  6.16078862e-01]
 [1.66000000e+02 2.56633412e-01 4.29394170e-01 3.13972418e-01
  6.22154543e-01]
 [1.67000000e+02 2.54586318e-01 4.34337366e-01 3.11076316e-01
  6.26314313e-01]
 [1.68000000e+02 2.57533646e-01 4.33084388e-01 3.09381966e-01
  6.27216963e-01]
 [1.69000000e+02 2.55595048e-01 4.30556726e-01 3.13848225e-01
  6.22977885e-01]
 [1.70000000e+02 2.56858516e-01 4.36517283e-01 3.06624201e-01
  6.29742019e-01]
 [1.71000000e+02 2.60176454e-01 4.32255379e-01 3.07568168e-01
  6.27769490e-01]
 [1.72000000e+02 2.60185153e-01 4.30045184e-01 3.09769663e-01
  6.25779943e-01]
 [1.73000000e+02 2.55390537e-01 4.33188464e-01 3.11420999e-01
  6.24808506e-01]
 [1.74000000e+02 2.51282485e-01 4.36594428e-01 3.12123086e-01
  6.23990336e-01]
 [1.75000000e+02 2.54651734e-01 4.30404470e-01 3.14943796e-01
  6.20550049e-01]
 [1.76000000e+02 2.56679534e-01 4.27898864e-01 3.15421602e-01
  6.20006239e-01]
 [1.77000000e+02 2.60262847e-01 4.31267652e-01 3.08469501e-01
  6.26643747e-01]
 [1.78000000e+02 2.57212659e-01 4.24231694e-01 3.18555647e-01
  6.16146781e-01]
 [1.79000000e+02 2.55345817e-01 4.22651098e-01 3.22003085e-01
  6.12622103e-01]]
Runtime: 182874.431656 seconds
