3.739174531149982439e-01 4.800554547153682572e-01 1.460270921714852399e-01
3.739174665567179812e-01 4.800554557098325459e-01 1.460270777353012139e-01
3.739174793317618928e-01 4.800554572043014834e-01 1.460270634657883648e-01
3.739174944401589817e-01 4.800554566987508820e-01 1.460270488629418495e-01
3.739175105485625927e-01 4.800554551931908720e-01 1.460270342600982207e-01
3.739175271569676329e-01 4.800554530209582560e-01 1.460270198239257688e-01
3.739175477654065882e-01 4.800554470153570730e-01 1.460270052210879965e-01
3.739175688738460290e-01 4.800554405097525734e-01 1.460269906182531108e-01
3.739175894822766577e-01 4.800554345041538329e-01 1.460269760154211671e-01
3.739176052573263687e-01 4.800554333319332345e-01 1.460269614125921378e-01
3.739176200323640065e-01 4.800554331597217117e-01 1.460269468097660228e-01
3.739176293073502855e-01 4.800554383208904263e-01 1.460269323736109737e-01
3.739176410823564778e-01 4.800554409820364521e-01 1.460269179374588389e-01
3.739176546907093668e-01 4.800554418098327836e-01 1.460269035013095629e-01
3.739176654657021537e-01 4.800554454709863861e-01 1.460268890651631735e-01
3.739176775740373215e-01 4.800554477987946655e-01 1.460268746290196706e-01
3.739176908490464135e-01 4.800554489599261343e-01 1.460268601928790544e-01
3.739177009573602106e-01 4.800554531210820541e-01 1.460268459234093652e-01
3.739177108990039966e-01 4.800554577822411240e-01 1.460268313206064816e-01
3.739177171739497263e-01 4.800554661100953080e-01 1.460268167178065402e-01
3.739177271155898485e-01 4.800554707712521574e-01 1.460268021150095130e-01
3.739177345572085032e-01 4.800554779324275878e-01 1.460267875122154002e-01
3.739177429988334023e-01 4.800554840935939427e-01 1.460267729094242017e-01
3.739177491071055681e-01 4.800554924214421870e-01 1.460267584733038748e-01
3.739177567153877391e-01 4.800554994159453859e-01 1.460267438705185050e-01
3.739177601569708131e-01 4.800555105771447395e-01 1.460267292677360496e-01
3.739177634318854304e-01 4.800555219050097189e-01 1.460267146649565084e-01
3.739177710401638821e-01 4.800555288995078662e-01 1.460267000621799094e-01
3.739177766484265697e-01 4.800555378940188911e-01 1.460266854594062247e-01
3.739177837566986518e-01 4.800555453885175239e-01 1.460266708566354543e-01
3.739177915316406198e-01 4.800555520496756490e-01 1.460266564205354445e-01
3.739177988065776059e-01 4.800555593775036045e-01 1.460266418177705028e-01
3.739178069148520467e-01 4.800555658719911634e-01 1.460266272150084754e-01
3.739178136897827742e-01 4.800555735331518137e-01 1.460266127789171531e-01
3.739178199647088530e-01 4.800555816943141707e-01 1.460265983428287173e-01
3.739178254062949791e-01 4.800555905221458586e-01 1.460265840734108755e-01
3.739178305145445802e-01 4.800555993499757146e-01 1.460265701373313352e-01
3.739178372894702562e-01 4.800556065111268866e-01 1.460265562012545981e-01
3.739178447310652631e-01 4.800556136722765599e-01 1.460265415985098902e-01
3.739178503393144060e-01 4.800556226667692106e-01 1.460265269957681245e-01
3.739178504475300091e-01 4.800556371612924589e-01 1.460265123930292452e-01
3.739178512224161643e-01 4.800556509891422685e-01 1.460264977902933081e-01
3.739178478306117159e-01 4.800556689836797397e-01 1.460264831875603131e-01
3.739178437721375481e-01 4.800556876448840438e-01 1.460264685848302046e-01
3.739178397136642129e-01 4.800557063060846286e-01 1.460264539821030383e-01
3.739178356551916549e-01 4.800557249672814386e-01 1.460264393793787863e-01
3.739178294300417593e-01 4.800557457951526996e-01 1.460264247766574486e-01
3.739178212048827055e-01 4.800557684563626637e-01 1.460264103406065661e-01
3.739178089797048354e-01 4.800557951175885019e-01 1.460263959045585980e-01
3.739177955878570381e-01 4.800558231121489494e-01 1.460263813018459755e-01
3.739177768626523735e-01 4.800558562733957535e-01 1.460263668658037806e-01
3.739177584707863988e-01 4.800558892679684941e-01 1.460263522630970145e-01
3.739177402455916011e-01 4.800559220958671713e-01 1.460263376603931629e-01
3.739177233537398504e-01 4.800559535904198594e-01 1.460263230576922255e-01
3.739177051285522135e-01 4.800559864183056025e-01 1.460263084549942025e-01
3.739176869033681849e-01 4.800560192461847397e-01 1.460262938522990939e-01
3.739176666781792169e-01 4.800560540740658744e-01 1.460262792496069273e-01
3.739176487863373755e-01 4.800560864019296492e-01 1.460262648135850494e-01
3.739176293944930229e-01 4.800561203964603951e-01 1.460262502108986837e-01
3.739176095026504609e-01 4.800561548909863530e-01 1.460262356082152602e-01
3.739175882774734005e-01 4.800561907188438671e-01 1.460262210055347509e-01
3.739175650522930106e-01 4.800562285467018797e-01 1.460262064028571560e-01
3.739175421604518101e-01 4.800562660412178162e-01 1.460261918001824755e-01
3.739175181019442906e-01 4.800563047023970187e-01 1.460261771975107370e-01
3.739174940434416006e-01 4.800563433635684496e-01 1.460261625948419129e-01
3.739174696516092689e-01 4.800563823580667466e-01 1.460261479921760031e-01
3.739174422597719150e-01 4.800564241858998882e-01 1.460261335561802154e-01
3.739174153679416523e-01 4.800564655137230519e-01 1.460261191201873421e-01
3.739173909761244752e-01 4.800565043415301880e-01 1.460261046841973553e-01
3.739173637509703441e-01 4.800565460026713915e-01 1.460260902482102552e-01
3.739173373591574423e-01 4.800565869971356592e-01 1.460260756455588615e-01
3.739173123006868660e-01 4.800566264915875347e-01 1.460260612095775623e-01
3.739172867422199675e-01 4.800566664860328459e-01 1.460260467735991219e-01
3.739172633504304621e-01 4.800567043137978773e-01 1.460260323376235958e-01
3.739172396253114816e-01 4.800567423082224838e-01 1.460260180683180253e-01
3.739172157335302060e-01 4.800567806359735679e-01 1.460260036323482447e-01
3.739171928417559521e-01 4.800568179637146882e-01 1.460259891963813506e-01
3.739171674499808251e-01 4.800568579581208639e-01 1.460259745937503018e-01
3.739171445582160080e-01 4.800568952858468297e-01 1.460259601577892086e-01
3.739171223331237970e-01 4.800569321135643164e-01 1.460259455551639884e-01
3.739170971080302830e-01 4.800569719412800529e-01 1.460259309525416827e-01
3.739170697162712553e-01 4.800570139356585275e-01 1.460259163499222912e-01
3.739170433245194158e-01 4.800570549300267609e-01 1.460259017473058418e-01
3.739170180994413895e-01 4.800570947577182945e-01 1.460258871446923068e-01
3.739169945410375506e-01 4.800571329187326985e-01 1.460258725420816861e-01
3.739169736493088703e-01 4.800571684130691130e-01 1.460258579394739797e-01
3.739169550909207107e-01 4.800572015740620091e-01 1.460258433368692155e-01
3.739169361992025209e-01 4.800572350683821043e-01 1.460258287342673378e-01
3.739169183074892433e-01 4.800572673960274983e-01 1.460258142983352769e-01
3.739168972491097032e-01 4.800573030570031152e-01 1.460257996957392279e-01
3.739168763574011733e-01 4.800573385513047797e-01 1.460257850931461210e-01
3.739168562990308198e-01 4.800573732122653259e-01 1.460257704905559284e-01
3.739168372406651564e-01 4.800574068732182398e-01 1.460257558879686501e-01
3.739168190156371696e-01 4.800574393674970075e-01 1.460257416187178414e-01
3.739168002906125832e-01 4.800574723617695438e-01 1.460257273494698915e-01
3.739167853989265877e-01 4.800575016893673386e-01 1.460257129135580645e-01
3.739167726739108799e-01 4.800575288502920146e-01 1.460256984776490963e-01
3.739167584488974350e-01 4.800575575112115412e-01 1.460256840417430424e-01
3.739167430572200579e-01 4.800575871721253773e-01 1.460256697725065556e-01
3.739167276655457894e-01 4.800576169997000098e-01 1.460256553366062471e-01
