4.544114900074571195e-01 2.823514592800945300e-01 2.632370507256853731e-01
4.544114752328299867e-01 2.823515002675724972e-01 2.632370245128345387e-01
4.544114603470936764e-01 2.823515412550422488e-01 2.632369984111011529e-01
4.544114460169211833e-01 2.823515817980551401e-01 2.632369721982607547e-01
4.544114312423028768e-01 2.823516227855085714e-01 2.632369459854256299e-01
4.544114156899024537e-01 2.823516645507389011e-01 2.632369197725957788e-01
4.544114001375051948e-01 2.823517063159608487e-01 2.632368935597710902e-01
4.544113846962231085e-01 2.823517479700623500e-01 2.632368673469517306e-01
4.544113691438320113e-01 2.823517897352676442e-01 2.632368411341375336e-01
4.544113534803318477e-01 2.823518316115766758e-01 2.632368149213286657e-01
4.544113375946106648e-01 2.823518737101015086e-01 2.632367887085249603e-01
4.544113214866684625e-01 2.823519159197300232e-01 2.632367626068386479e-01
4.544113052676174158e-01 2.823519582404621642e-01 2.632367365051574981e-01
4.544112897152420838e-01 2.823519998945134835e-01 2.632367104034816219e-01
4.544112732739733485e-01 2.823520425485648855e-01 2.632366841906988997e-01
4.544112570549320163e-01 2.823520849803837218e-01 2.632366579779213955e-01
4.544112406136698312e-01 2.823521276344181374e-01 2.632366317651491094e-01
4.544112237279628874e-01 2.823521707328921493e-01 2.632366055523821524e-01
4.544112063978112404e-01 2.823522142758055353e-01 2.632365793396203579e-01
4.544111897343350304e-01 2.823522572631502192e-01 2.632365530157518285e-01
4.544111734041981210e-01 2.823522999171503844e-01 2.632365266918885727e-01
4.544111564073927134e-01 2.823523432378138298e-01 2.632365003680305904e-01
4.544111392994786280e-01 2.823523866695806239e-01 2.632364740441778261e-01
4.544111225249039543e-01 2.823524297680028439e-01 2.632364477203303910e-01
4.544111056392206027e-01 2.823524729775284126e-01 2.632364213964881738e-01
4.544110874201974237e-01 2.823525175203884796e-01 2.632363950726512303e-01
4.544110692011778529e-01 2.823525620632396649e-01 2.632363687488195603e-01
4.544110510932738989e-01 2.823526064949700154e-01 2.632363424249931638e-01
4.544110325409259632e-01 2.823526513711391295e-01 2.632363161011720409e-01
4.544110140996935332e-01 2.823526961361872978e-01 2.632362897773561361e-01
4.544109954362411941e-01 2.823527411234503237e-01 2.632362634535455603e-01
4.544109767727925742e-01 2.823527861107043568e-01 2.632362371297402026e-01
4.544109582204594600e-01 2.823528308757256577e-01 2.632362109170519604e-01
4.544109398903538044e-01 2.823528754185143375e-01 2.632361847043689917e-01
4.544109221158109113e-01 2.823529194057349256e-01 2.632361584916912411e-01
4.544109043412715709e-01 2.823529633929466875e-01 2.632361322790187641e-01
4.544108873445185104e-01 2.823530066023670626e-01 2.632361060663515051e-01
4.544108706811042508e-01 2.823530494784433076e-01 2.632360798536894642e-01
4.544108539065815910e-01 2.823530924656227903e-01 2.632360536410326968e-01
4.544108375765092966e-01 2.823531350083465785e-01 2.632360274283812029e-01
4.544108212464402219e-01 2.823531775510618735e-01 2.632360012157349272e-01
4.544108054719332990e-01 2.823532195382098542e-01 2.632359750030938694e-01
4.544107906974352296e-01 2.823532605253437078e-01 2.632359487904580853e-01
4.544107759229400467e-01 2.823533015124694012e-01 2.632359225778275191e-01
4.544107607040009933e-01 2.823533430551455337e-01 2.632358962540904956e-01
4.544107458184001302e-01 2.823533842644782021e-01 2.632358699303586902e-01
4.544107313772489665e-01 2.823534250293558423e-01 2.632358436066322138e-01
4.544107168249890694e-01 2.823534659053369977e-01 2.632358172829109555e-01
4.544107020505087080e-01 2.823535070035333439e-01 2.632357909591949707e-01
4.544106878315895548e-01 2.823535475461631528e-01 2.632357646354842595e-01
4.544106733904499928e-01 2.823535881998964769e-01 2.632357384228904418e-01
4.544106595048715835e-01 2.823536282980634304e-01 2.632357122103018976e-01
4.544106449526261193e-01 2.823536690628921653e-01 2.632356859977186270e-01
4.544106302892719218e-01 2.823537099388244154e-01 2.632356597851405189e-01
4.544106155148090465e-01 2.823537509258600697e-01 2.632356335725677399e-01
4.544106006292376043e-01 2.823537920239991839e-01 2.632356073600001234e-01
4.544105852992227357e-01 2.823538335665763954e-01 2.632355811474377805e-01
4.544105694136530427e-01 2.823538756647031578e-01 2.632355549348807111e-01
4.544105533058633295e-01 2.823539179850446112e-01 2.632355287223288598e-01
4.544105373091885114e-01 2.823539601942661181e-01 2.632355025097822820e-01
4.544105223125207149e-01 2.823540014034752743e-01 2.632354762972408668e-01
4.544105069825213894e-01 2.823540429460107415e-01 2.632354500847047807e-01
4.544104913191904793e-01 2.823540848218725197e-01 2.632354238721738571e-01
4.544104756558626779e-01 2.823541265866144068e-01 2.632353977707597714e-01
4.544104599925380406e-01 2.823541684624594761e-01 2.632353715582393394e-01
4.544104443292165674e-01 2.823542103382961077e-01 2.632353453457241810e-01
4.544104293325670896e-01 2.823542515474555259e-01 2.632353191332142406e-01
4.544104138914747404e-01 2.823542932010525974e-01 2.632352929207095737e-01
4.544103987837198599e-01 2.823543345213069267e-01 2.632352667082101250e-01
4.544103841204137351e-01 2.823543753971072268e-01 2.632352404957159497e-01
4.544103686793304897e-01 2.823544169395679204e-01 2.632352143943384459e-01
4.544103532382504085e-01 2.823544584820203429e-01 2.632351882929661602e-01
4.544103381305076295e-01 2.823544996911301896e-01 2.632351621915990925e-01
4.544103231338793014e-01 2.823545409002318207e-01 2.632351359791257894e-01
4.544103080261425731e-01 2.823545822204365785e-01 2.632351097666578155e-01
4.544102924739633620e-01 2.823546239850786566e-01 2.632350835541950040e-01
4.544102760328962987e-01 2.823546665274918599e-01 2.632350574528488640e-01
4.544102592584984834e-01 2.823547094032306526e-01 2.632350313515079421e-01
4.544102422618813697e-01 2.823547525011835257e-01 2.632350052501721827e-01
4.544102255986015582e-01 2.823547952657938231e-01 2.632349791488416968e-01
4.544102087131025036e-01 2.823548382526182010e-01 2.632349530475164290e-01
4.544101910498276053e-01 2.823548820172131490e-01 2.632349269461963792e-01
4.544101733865563153e-01 2.823549257817993818e-01 2.632349008448815475e-01
4.544101556121771246e-01 2.823549696574881307e-01 2.632348747435718783e-01
4.544101369489114139e-01 2.823550144220582925e-01 2.632348486422674827e-01
4.544101183967606539e-01 2.823550590755082856e-01 2.632348225409683051e-01
4.544101002890585939e-01 2.823551032845042497e-01 2.632347964396743456e-01
4.544100811813590046e-01 2.823551484934926359e-01 2.632347703383856041e-01
4.544100616292182648e-01 2.823551941469168991e-01 2.632347442371021362e-01
4.544100417437477724e-01 2.823552400225544656e-01 2.632347182469350622e-01
4.544100210805027684e-01 2.823552865648501498e-01 2.632346923678843820e-01
4.544100007505954553e-01 2.823553327738028695e-01 2.632346664888389198e-01
4.544099810873593603e-01 2.823553783160792641e-01 2.632346406097985647e-01
4.544099610907937348e-01 2.823554243027912580e-01 2.632346146196522518e-01
4.544099413164544021e-01 2.823554700672716855e-01 2.632345886295111570e-01
4.544099220976747788e-01 2.823555152761872411e-01 2.632345626393752247e-01
4.544099031011213374e-01 2.823555602628714523e-01 2.632345366492445105e-01
4.544098846601272723e-01 2.823556046939909581e-01 2.632345106591190143e-01
4.544098664413591671e-01 2.823556490139904618e-01 2.632344845578875603e-01
4.544098480003724849e-01 2.823556935562033243e-01 2.632344584566613244e-01
