2.182813409857666809e-01 4.781650485013202445e-01 3.035536105145423824e-01
2.182813191574186629e-01 4.781650006843468081e-01 3.035536801598638368e-01
2.182812973290750302e-01 4.781649528673829197e-01 3.035537498051714134e-01
2.182812755007357275e-01 4.781649050504285792e-01 3.035538194504650011e-01
2.182812536724008101e-01 4.781648572334837866e-01 3.035538890957447111e-01
2.182812318440702504e-01 4.781648094165485974e-01 3.035539587410104323e-01
2.182812100157440760e-01 4.781647615996229561e-01 3.035540283862622757e-01
2.182811881874222593e-01 4.781647137827068628e-01 3.035540980315001858e-01
2.182811663591048001e-01 4.781646659658003728e-01 3.035541676767241626e-01
2.182811445307916987e-01 4.781646181489034308e-01 3.035542373219342061e-01
2.182811227024829825e-01 4.781645703320160368e-01 3.035543069671303162e-01
2.182811008741786241e-01 4.781645225151382461e-01 3.035543766123124931e-01
2.182810790458786232e-01 4.781644746982699479e-01 3.035544462574807367e-01
2.182810572175830077e-01 4.781644275480836925e-01 3.035545152359626075e-01
2.182810353892917499e-01 4.781643803979068186e-01 3.035545842144307671e-01
2.182810135610048496e-01 4.781643332477394370e-01 3.035546531928850489e-01
2.182809917327223070e-01 4.781642860975814369e-01 3.035547221713255639e-01
2.182809699044441498e-01 4.781642389474328736e-01 3.035547911497523121e-01
2.182809480761703502e-01 4.781641917972937472e-01 3.035548601281652381e-01
2.182809262479009083e-01 4.781641446471640577e-01 3.035549291065643418e-01
2.182809044196358517e-01 4.781640974970438052e-01 3.035549980849496787e-01
2.182808825913751527e-01 4.781640496802610496e-01 3.035550677299931333e-01
2.182808607631188114e-01 4.781640018634878975e-01 3.035551373750225990e-01
2.182808389348668276e-01 4.781639540467242933e-01 3.035552070200381869e-01
2.182808171066192293e-01 4.781639062299702925e-01 3.035552766650397860e-01
2.182807952783759886e-01 4.781638584132257841e-01 3.035553463100275073e-01
2.182807734501371055e-01 4.781638105964908791e-01 3.035554159550012954e-01
2.182807516219026078e-01 4.781637627797655776e-01 3.035554855999611501e-01
2.182807297936724678e-01 4.781637149630497685e-01 3.035555552449070715e-01
2.182807079654466853e-01 4.781636671463435628e-01 3.035556248898390597e-01
2.182806861372252882e-01 4.781636193296469051e-01 3.035556945347571145e-01
2.182806643090082210e-01 4.781635715129598507e-01 3.035557641796612360e-01
2.182806424807955392e-01 4.781635236962822888e-01 3.035558338245514243e-01
2.182806206525872428e-01 4.781634758796143303e-01 3.035559034694277347e-01
2.182805988243832762e-01 4.781634280629559752e-01 3.035559731142900564e-01
2.182805769961836950e-01 4.781633802463071126e-01 3.035560427591385002e-01
2.182805551679884992e-01 4.781633324296678533e-01 3.035561124039729552e-01
2.182805333397976333e-01 4.781632846130381420e-01 3.035561820487935325e-01
2.182805115116111527e-01 4.781632367964180341e-01 3.035562516936001765e-01
2.182804896834290298e-01 4.781631889798074186e-01 3.035563213383928316e-01
2.182804678552512645e-01 4.781631411632064066e-01 3.035563909831716090e-01
2.182804460270778846e-01 4.781630933466149425e-01 3.035564606279364530e-01
2.182804241989088623e-01 4.781630455300330818e-01 3.035565302726873638e-01
2.182804023707441976e-01 4.781629977134607690e-01 3.035565999174243412e-01
2.182803805425839183e-01 4.781629498968980041e-01 3.035566695621474409e-01
2.182803587144279966e-01 4.781629020803447871e-01 3.035567392068565518e-01
2.182803368862764326e-01 4.781628542638011736e-01 3.035568088515517293e-01
2.182803150581292262e-01 4.781628064472670525e-01 3.035568784962330291e-01
2.182802932299864052e-01 4.781627586307425903e-01 3.035569481409003401e-01
2.182802714018479417e-01 4.781627108142276206e-01 3.035570177855537732e-01
2.182802495737138360e-01 4.781626629977222542e-01 3.035570874301932176e-01
2.182802277455841156e-01 4.781626151812264358e-01 3.035571570748187842e-01
2.182802059174587528e-01 4.781625673647401653e-01 3.035572267194304175e-01
2.182801840893377476e-01 4.781625195482634982e-01 3.035572963640281174e-01
2.182801622612211001e-01 4.781624717317963236e-01 3.035573660086118841e-01
2.182801404331088380e-01 4.781624239153387523e-01 3.035574356531817175e-01
2.182801186050009334e-01 4.781623760988907845e-01 3.035575052977376176e-01
2.182800967768973865e-01 4.781623289491218065e-01 3.035575742756100870e-01
2.182800749487982250e-01 4.781622817993623209e-01 3.035576432534687896e-01
2.182800531207034211e-01 4.781622346496122167e-01 3.035577122313137255e-01
2.182800312926129749e-01 4.781621874998715493e-01 3.035577812091447836e-01
2.182800094645268862e-01 4.781621403501403189e-01 3.035578501869621304e-01
2.182799876364451830e-01 4.781620932004184699e-01 3.035579191647656550e-01
2.182799658083678374e-01 4.781620460507061132e-01 3.035579881425553572e-01
2.182799439802948493e-01 4.781619989010031935e-01 3.035580571203312927e-01
2.182799221522262467e-01 4.781619517513096551e-01 3.035581260980934060e-01
2.182799003241620017e-01 4.781619046016255536e-01 3.035581950758417524e-01
2.182798784961021143e-01 4.781618574519508891e-01 3.035582640535762766e-01
2.182798566680466124e-01 4.781618103022856614e-01 3.035583330312970340e-01
2.182798348399954402e-01 4.781617631526298706e-01 3.035584020090039692e-01
2.182798130119486535e-01 4.781617160029835167e-01 3.035584709866971376e-01
2.182797911839062521e-01 4.781616688533465998e-01 3.035585399643764837e-01
2.182797693558681806e-01 4.781616217037190641e-01 3.035586089420420630e-01
2.182797475278344945e-01 4.781615745541010210e-01 3.035586779196938201e-01
2.182797256998051660e-01 4.781615274044923591e-01 3.035587468973317549e-01
2.182797038717802229e-01 4.781614802548931342e-01 3.035588158749559229e-01
2.182796820437596375e-01 4.781614331053033462e-01 3.035588848525663241e-01
2.182796602157434096e-01 4.781613859557229951e-01 3.035589538301629031e-01
2.182796383877315394e-01 4.781613388061520808e-01 3.035590228077457153e-01
2.182796165597240545e-01 4.781612916565905480e-01 3.035590917853147053e-01
2.182795947317209273e-01 4.781612445070385076e-01 3.035591607628698729e-01
2.182795729037221577e-01 4.781611973574958485e-01 3.035592297404112738e-01
2.182795510757277457e-01 4.781611502079626819e-01 3.035592987179389080e-01
2.182795292477377191e-01 4.781611030584388966e-01 3.035593676954527198e-01
2.182795074197520502e-01 4.781610559089245482e-01 3.035594366729527094e-01
2.182794855917707666e-01 4.781610087594196368e-01 3.035595056504389322e-01
2.182794637637938129e-01 4.781609616099241067e-01 3.035595746279113327e-01
2.182794419358212445e-01 4.781609144604380690e-01 3.035596436053699665e-01
2.182794201078530338e-01 4.781608673109614682e-01 3.035597125828148335e-01
2.182793982798892085e-01 4.781608201614942488e-01 3.035597815602458782e-01
2.182793764519297408e-01 4.781607730120364663e-01 3.035598505376631007e-01
2.182793546239746307e-01 4.781607258625881207e-01 3.035599195150665564e-01
2.182793327960238783e-01 4.781606787131492120e-01 3.035599884924561898e-01
2.182793109680775112e-01 4.781606315637197402e-01 3.035600574698320564e-01
2.182792891401355018e-01 4.781605844142997053e-01 3.035601264471941008e-01
2.182792673121978499e-01 4.781605372648891072e-01 3.035601954245423784e-01
2.182792454842645835e-01 4.781604901154878906e-01 3.035602644018768337e-01
2.182792236563356469e-01 4.781604436327629437e-01 3.035603327125307449e-01
2.182792018284111235e-01 4.781603971500473227e-01 3.035604010231710004e-01
2.182791800004909299e-01 4.781603506673409720e-01 3.035604693337975446e-01
