2.147139356682914724e-01 4.719907827092928443e-01 3.132952816247504546e-01
2.147139141966874776e-01 4.719907395097912572e-01 3.132953462958560364e-01
2.147138927250877849e-01 4.719906963102982744e-01 3.132954109669487397e-01
2.147138712534923943e-01 4.719906537774870015e-01 3.132954749713553477e-01
2.147138497819012781e-01 4.719906112446842217e-01 3.132955389757492437e-01
2.147138283103144640e-01 4.719905687118899906e-01 3.132956029801303166e-01
2.147138068387319521e-01 4.719905261791042528e-01 3.132956669844985664e-01
2.147137853671537144e-01 4.719904829796542356e-01 3.132957316555268212e-01
2.147137638955798067e-01 4.719904397802128226e-01 3.132957963265421419e-01
2.147137424240101733e-01 4.719903965807800139e-01 3.132958609975445841e-01
2.147137209524448143e-01 4.719903533813559204e-01 3.132959256685340366e-01
2.147136994808837851e-01 4.719903115152855322e-01 3.132959890061655095e-01
2.147136780093270303e-01 4.719902689825510311e-01 3.132960530104567654e-01
2.147136565377745776e-01 4.719902257831525838e-01 3.132961176814076376e-01
2.147136350662263993e-01 4.719901825837628517e-01 3.132961823523455758e-01
2.147136135946825508e-01 4.719901393843817239e-01 3.132962470232705243e-01
2.147135921231429767e-01 4.719900948516647654e-01 3.132963130275269736e-01
2.147135706516076770e-01 4.719900496522846378e-01 3.132963796984423732e-01
2.147135491800767071e-01 4.719900044529135030e-01 3.132964463693444501e-01
2.147135277085500116e-01 4.719899592535514166e-01 3.132965130402332044e-01
2.147135062370276182e-01 4.719899140541983784e-01 3.132965797111085804e-01
2.147134847655095269e-01 4.719898688548543331e-01 3.132966463819706338e-01
2.147134632939957100e-01 4.719898236555193916e-01 3.132967130528193644e-01
2.147134418224861951e-01 4.719897784561934428e-01 3.132967797236547725e-01
2.147134203509809824e-01 4.719897332568765980e-01 3.132968463944768023e-01
2.147133988794800441e-01 4.719896880575687459e-01 3.132969130652855094e-01
2.147133774079834356e-01 4.719896428582699421e-01 3.132969797360809494e-01
2.147133559364911015e-01 4.719895976589801867e-01 3.132970464068629557e-01
2.147133344650030418e-01 4.719895531263708643e-01 3.132971124109603100e-01
2.147133129935193119e-01 4.719895092604418085e-01 3.132971777483730680e-01
2.147132915220398564e-01 4.719894653945215235e-01 3.132972430857728363e-01
2.147132700505647029e-01 4.719894215286100092e-01 3.132973084231595040e-01
2.147132485790938239e-01 4.719893776627072657e-01 3.132973737605330711e-01
2.147132271076272469e-01 4.719893337968133484e-01 3.132974390978935930e-01
2.147132056361649721e-01 4.719892899309281464e-01 3.132975044352410698e-01
2.147131841647069994e-01 4.719892460650517152e-01 3.132975697725754460e-01
2.147131626932533011e-01 4.719892015325132251e-01 3.132976357765676068e-01
2.147131412218039326e-01 4.719891569999835612e-01 3.132977017805466113e-01
2.147131197503588107e-01 4.719891124674628902e-01 3.132977677845123488e-01
2.147130982789180187e-01 4.719890686016217640e-01 3.132978331217942669e-01
2.147130768074815010e-01 4.719890247357894086e-01 3.132978984590631399e-01
2.147130553360492855e-01 4.719889808699658240e-01 3.132979637963189123e-01
2.147130338646213721e-01 4.719889370041510102e-01 3.132980291335616396e-01
2.147130123931977608e-01 4.719888931383450226e-01 3.132980944707913218e-01
2.147129909217784238e-01 4.719888499392180803e-01 3.132981591413375178e-01
2.147129694503633890e-01 4.719888067400998533e-01 3.132982238118708351e-01
2.147129479789526285e-01 4.719887628743200114e-01 3.132982891490614374e-01
2.147129265075461979e-01 4.719887196752190484e-01 3.132983538195687756e-01
2.147129050361440417e-01 4.719886764761268005e-01 3.132984184900632352e-01
2.147128835647461598e-01 4.719886332770431570e-01 3.132984831605447051e-01
2.147128620933526078e-01 4.719885900779681731e-01 3.132985478310132965e-01
2.147128406219633301e-01 4.719885462122319075e-01 3.132986131681387842e-01
2.147128191505783545e-01 4.719885016798346378e-01 3.132986791719210018e-01
2.147127976791976811e-01 4.719884571474462498e-01 3.132987451756900077e-01
2.147127762078212820e-01 4.719884119483970797e-01 3.132988118461155214e-01
2.147127547364491851e-01 4.719883667493569579e-01 3.132988785165277124e-01
2.147127332650813902e-01 4.719883222169954373e-01 3.132989445202569723e-01
2.147127117937178697e-01 4.719882776846428540e-01 3.132990105239730760e-01
2.147126903223586791e-01 4.719882338189685389e-01 3.132990758610065818e-01
2.147126688510037629e-01 4.719881899533029945e-01 3.132991411980269869e-01
2.147126473796531210e-01 4.719881467543155518e-01 3.132992058683650716e-01
2.147126259083068089e-01 4.719881035553367132e-01 3.132992705386902776e-01
2.147126044369647713e-01 4.719880603563665344e-01 3.132993352090024941e-01
2.147125829656270357e-01 4.719880164907359066e-01 3.132994005459708298e-01
2.147125614942935745e-01 4.719879732917830473e-01 3.132994652162571225e-01
2.147125400229644154e-01 4.719879300928388477e-01 3.132995298865304812e-01
2.147125185516395585e-01 4.719878868939033079e-01 3.132995945567909057e-01
2.147124970803190036e-01 4.719878436949763723e-01 3.132996592270383962e-01
2.147124756090027231e-01 4.719878004960580964e-01 3.132997238972729526e-01
2.147124541376907725e-01 4.719877579638171450e-01 3.132997879008258546e-01
2.147124326663830685e-01 4.719877154315846868e-01 3.132998519043659891e-01
2.147124111950796943e-01 4.719876728993607218e-01 3.132999159078933560e-01
2.147123897237805945e-01 4.719876303671453055e-01 3.132999799114078998e-01
2.147123682524857968e-01 4.719875878349383269e-01 3.133000439149096206e-01
2.147123467811953013e-01 4.719875439694032337e-01 3.133001092517352371e-01
2.147123253099090801e-01 4.719875001038768558e-01 3.133001745885478084e-01
2.147123038386271887e-01 4.719874562383593042e-01 3.133002399253472792e-01
2.147122823673495440e-01 4.719874130395186329e-01 3.133003045954655952e-01
2.147122608960762291e-01 4.719873691740185118e-01 3.133003699322389757e-01
2.147122394248071886e-01 4.719873253085272169e-01 3.133004352689993666e-01
2.147122179535424502e-01 4.719872821097125803e-01 3.133004999390787138e-01
2.147121964822820139e-01 4.719872382442387715e-01 3.133005652758130144e-01
2.147121750110258520e-01 4.719871943787736779e-01 3.133006306125342144e-01
2.147121535397740200e-01 4.719871511799851316e-01 3.133006952825746483e-01
2.147121320685264623e-01 4.719871079812051895e-01 3.133007599526020925e-01
2.147121105972831789e-01 4.719870641157662972e-01 3.133008252892842682e-01
2.147120891260441977e-01 4.719870202503362311e-01 3.133008906259533433e-01
2.147120676548095464e-01 4.719869763849148803e-01 3.133009559626093732e-01
2.147120461835791416e-01 4.719869331861696882e-01 3.133010206325849145e-01
2.147120247123530667e-01 4.719868899874332113e-01 3.133010853025475217e-01
2.147120032411312662e-01 4.719868474553726156e-01 3.133011493058298624e-01
2.147119817699137678e-01 4.719868042566532917e-01 3.133012139757667125e-01
2.147119602987005438e-01 4.719867610579426276e-01 3.133012786456905729e-01
2.147119388274916496e-01 4.719867171925735683e-01 3.133013439822685542e-01
2.147119173562870298e-01 4.719866733272132242e-01 3.133014093188335458e-01
2.147118958850867121e-01 4.719866294618616509e-01 3.133014746553853813e-01
2.147118744138906687e-01 4.719865855965188484e-01 3.133015399919242272e-01
2.147118529426989275e-01 4.719865417311848721e-01 3.133016053284499725e-01
2.147118314715114884e-01 4.719864978658596111e-01 3.133016706649626171e-01
2.147118100003283514e-01 4.719864533338764545e-01 3.133017366681288829e-01
