4.580302701997152059e-01 4.551417960039418897e-01 8.682793379840411663e-02
4.580302792967773096e-01 4.551417534893456573e-01 8.682796721593821765e-02
4.580302885938395407e-01 4.551417102747511434e-01 8.682800113347050042e-02
4.580302956908788303e-01 4.551416666601614258e-01 8.682803765102095617e-02
4.580303023879129243e-01 4.551416234455842313e-01 8.682807416856411220e-02
4.580303101849559910e-01 4.551415802310156966e-01 8.682810958608962182e-02
4.580303193820104979e-01 4.551415368164538622e-01 8.682814380359689388e-02
4.580303265790447997e-01 4.551414940019062882e-01 8.682817942111017984e-02
4.580303349760885823e-01 4.551414514873700079e-01 8.682821353860270541e-02
4.580303416731154043e-01 4.551414094728467585e-01 8.682824885609920218e-02
4.580303489701462172e-01 4.551413678583354216e-01 8.682828317357975390e-02
4.580303604672124607e-01 4.551413260438306185e-01 8.682831349101823026e-02
4.580303735642903273e-01 4.551412840293325157e-01 8.682834240843846640e-02
4.580303875613733755e-01 4.551412415148385349e-01 8.682837092584946848e-02
4.580304026584629540e-01 4.551411998003597748e-01 8.682839754323862236e-02
4.580304176555486939e-01 4.551411580858893413e-01 8.682842426062330199e-02
4.580304315526222969e-01 4.551411163714272901e-01 8.682845207801176413e-02
4.580304442496832551e-01 4.551410758569834347e-01 8.682847989539466127e-02
4.580304565467384070e-01 4.551410354425484694e-01 8.682850801277441910e-02
4.580304687437903866e-01 4.551409940281136435e-01 8.682853723015734881e-02
4.580304813408430098e-01 4.551409518136806942e-01 8.682856684753760546e-02
4.580304941378947059e-01 4.551409100992601098e-01 8.682859576490647990e-02
4.580305039349206742e-01 4.551408692848548654e-01 8.682862678228574216e-02
4.580305100319166933e-01 4.551408280704546949e-01 8.682866189968994897e-02
4.580305170289181160e-01 4.551407862560581941e-01 8.682869671708490222e-02
4.580305230259107963e-01 4.551407433416619908e-01 8.682873363448841142e-02
4.580305284228979312e-01 4.551407000272714720e-01 8.682877155189185070e-02
4.580305312198652001e-01 4.551406565128880977e-01 8.682881226930785901e-02
4.580305356168433151e-01 4.551406128985128197e-01 8.682885148670507758e-02
4.580305397138184076e-01 4.551405693841468758e-01 8.682889090409585953e-02
4.580305433107892399e-01 4.551405254697868941e-01 8.682893122148495346e-02
4.580305444077423238e-01 4.551404821554398406e-01 8.682897343887890917e-02
4.580305458046972644e-01 4.551404391411034700e-01 8.682901505626039462e-02
4.580305471016512531e-01 4.551403971267822257e-01 8.682905577362762251e-02
4.580305487986074953e-01 4.551403549124681258e-01 8.682909629098541082e-02
4.580305514955699264e-01 4.551403131981656136e-01 8.682913530832547799e-02
4.580305537925292159e-01 4.551402722838765458e-01 8.682917392565524251e-02
4.580305516894607742e-01 4.551402309695932180e-01 8.682921734300702576e-02
4.580305467863757252e-01 4.551401898553192882e-01 8.682926336036600468e-02
4.580305404832831773e-01 4.551401487410536295e-01 8.682931077772416961e-02
4.580305353801989998e-01 4.551401080267985511e-01 8.682935659506342552e-02
4.580305279771024751e-01 4.551400670125498871e-01 8.682940501240858644e-02
4.580305202740057591e-01 4.551400266983133824e-01 8.682945302974177937e-02
4.580305106708999485e-01 4.551399864840855458e-01 8.682950284707545430e-02
4.580305009677954620e-01 4.551399458698635048e-01 8.682955316440191251e-02
4.580304897646848561e-01 4.551399050556485526e-01 8.682960518172748443e-02
4.580304786615770340e-01 4.551398650414459346e-01 8.682965629903788285e-02
4.580304720584948419e-01 4.551398241272466838e-01 8.682970381631935353e-02
4.580304663554184974e-01 4.551397831130550853e-01 8.682975053358722717e-02
4.580304599523398745e-01 4.551397429988761623e-01 8.682979705084475919e-02
4.580304531492604969e-01 4.551397036847091848e-01 8.682984316809103098e-02
4.580304441461720000e-01 4.551396647705520104e-01 8.682989108533671618e-02
4.580304347430833589e-01 4.551396256564017029e-01 8.682993960257563704e-02
4.580304278400081919e-01 4.551395840422477468e-01 8.682998811980485732e-02
4.580304232369446504e-01 4.551395431281052284e-01 8.683003363701087551e-02
4.580304172338758861e-01 4.551395021139704178e-01 8.683008065421439492e-02
4.580304116308100415e-01 4.551394605998417275e-01 8.683012777140892979e-02
4.580304055277432673e-01 4.551394190857213085e-01 8.683017538859613693e-02
4.580304008246834369e-01 4.551393766716055334e-01 8.683022250577178414e-02
4.580303962216248914e-01 4.551393343574985928e-01 8.683026942293720074e-02
4.580303913185661546e-01 4.551392923434012805e-01 8.683031634009322208e-02
4.580303848155023450e-01 4.551392497293101358e-01 8.683036545724823196e-02
4.580303796124446380e-01 4.551392073152282780e-01 8.683041307438786605e-02
4.580303755093919627e-01 4.551391651011555406e-01 8.683045939151330661e-02
4.580303706063372227e-01 4.551391231870923759e-01 8.683050620863123903e-02
4.580303663032855299e-01 4.551390803730344659e-01 8.683055332574081409e-02
4.580303601002284064e-01 4.551390371589838502e-01 8.683060274284855329e-02
4.580303567971818479e-01 4.551389935449405844e-01 8.683064965993841922e-02
4.580303564941451966e-01 4.551389494309044936e-01 8.683069407701113351e-02
4.580303554911065445e-01 4.551389060168792855e-01 8.683073849407497991e-02
4.580303579880782294e-01 4.551388632028645076e-01 8.683077881111804508e-02
4.580303581850430072e-01 4.551388199888571906e-01 8.683082182816061201e-02
4.580303582820073882e-01 4.551387766748582475e-01 8.683086504519510473e-02
4.580303592789742306e-01 4.551387328608666460e-01 8.683090786221993318e-02
4.580303606759417723e-01 4.551386880468813456e-01 8.683095127923767809e-02
4.580303626729105293e-01 4.551386431329047522e-01 8.683099419624555615e-02
4.580303637698767139e-01 4.551385986189380728e-01 8.683103761324598158e-02
4.580303660668453847e-01 4.551385545049811965e-01 8.683107943023421482e-02
4.580303691638152874e-01 4.551385111910347669e-01 8.683111964721072773e-02
4.580303722607845796e-01 4.551384682770977519e-01 8.683115946417839515e-02
4.580303752577530307e-01 4.551384253631693966e-01 8.683119938113829928e-02
4.580303775547195921e-01 4.551383823492494707e-01 8.683124009809163601e-02
4.580303802516864642e-01 4.551383391353377439e-01 8.683128061503650463e-02
4.580303850486561190e-01 4.551382959214346768e-01 8.683131903196991686e-02
4.580303852456178992e-01 4.551382527075402695e-01 8.683136204890254395e-02
4.580303874425825095e-01 4.551382096936548161e-01 8.683140286582347045e-02
4.580303864395424140e-01 4.551381665797778475e-01 8.683144698274054829e-02
4.580303877365053400e-01 4.551381233659093084e-01 8.683148889964614758e-02
4.580303887334676860e-01 4.551380799520491904e-01 8.683153131654393342e-02
4.580303900304301123e-01 4.551380365381977877e-01 8.683157343343290979e-02
4.580303905273915843e-01 4.551379930243549254e-01 8.683161645031428622e-02
4.580303919243536859e-01 4.551379502105213359e-01 8.683165786718577417e-02
4.580303951213167135e-01 4.551379076966965975e-01 8.683169718404751269e-02
4.580303991182795853e-01 4.551378654828804882e-01 8.683173540090072251e-02
4.580304041152422068e-01 4.551378230690727444e-01 8.683177281774590028e-02
4.580304068122029171e-01 4.551377806552735494e-01 8.683181253458450988e-02
4.580304072091623824e-01 4.551377383414827449e-01 8.683185445141583525e-02
4.580304080061218253e-01 4.551376961277004418e-01 8.683189586823868156e-02
4.580304068030809361e-01 4.551376543139266095e-01 8.683193888505338909e-02
4.580304059000402939e-01 4.551376117001611488e-01 8.683198240185950600e-02
