3.385112899293766242e-01 3.497679513704576304e-01 3.117207587086631149e-01
3.385112610779648645e-01 3.497680113942507885e-01 3.117207275362817165e-01
3.385112318932223530e-01 3.497680717513684256e-01 3.117206963639065909e-01
3.385112017084760394e-01 3.497681331084835921e-01 3.117206651915377380e-01
3.385111718570723016e-01 3.497681941322500210e-01 3.117206340191750469e-01
3.385111426723474426e-01 3.497682544893312429e-01 3.117206028468186285e-01
3.385111138209648818e-01 3.497683145130640603e-01 3.117205716744684274e-01
3.385110849695880386e-01 3.497683745367848318e-01 3.117205405021244990e-01
3.385110564515533271e-01 3.497684342271572544e-01 3.117205093297867879e-01
3.385110279335243333e-01 3.497684939175177421e-01 3.117204781574552941e-01
3.385109997488373601e-01 3.497685532745299364e-01 3.117204469851300175e-01
3.385109715641560491e-01 3.497686126315303068e-01 3.117204158128110136e-01
3.385109437128165921e-01 3.497686716551825503e-01 3.117203846404982270e-01
3.385109161948189338e-01 3.497687303454867780e-01 3.117203534681917132e-01
3.385108886768267156e-01 3.497687890357792373e-01 3.117203222958914166e-01
3.385108611588400485e-01 3.497688477260599837e-01 3.117202911235973373e-01
3.385108333075227960e-01 3.497689067496650983e-01 3.117202599513094752e-01
3.385108054562110946e-01 3.497689654399223635e-01 3.117202291123639113e-01
3.385107779382409698e-01 3.497690237968317795e-01 3.117201982734245647e-01
3.385107507536124216e-01 3.497690818203936236e-01 3.117201674344913798e-01
3.385107242356611423e-01 3.497691391772718705e-01 3.117201365955643566e-01
3.385106977177152476e-01 3.497691965341386822e-01 3.117201057566434952e-01
3.385106711997745710e-01 3.497692542243299174e-01 3.117200745843928811e-01
3.385106450151751378e-01 3.497693115811737474e-01 3.117200434121485397e-01
3.385106191639167816e-01 3.497693686046702832e-01 3.117200122399103601e-01
3.385105933126635325e-01 3.497694256281553837e-01 3.117199810676785088e-01
3.385105677947513048e-01 3.497694823182933010e-01 3.117199498954528192e-01
3.385105422768441286e-01 3.497695390084198941e-01 3.117199187232334023e-01
3.385105167589420594e-01 3.497695956985351629e-01 3.117198875510202027e-01
3.385104912410450972e-01 3.497696523886390518e-01 3.117198563788132204e-01
3.385104657231532421e-01 3.497697090787316165e-01 3.117198252066125108e-01
3.385104412052732936e-01 3.497697647688060574e-01 3.117197940344180185e-01
3.385104170207338115e-01 3.497698201255338146e-01 3.117197628622297434e-01
3.385103925028636329e-01 3.497698758155860510e-01 3.117197316900477411e-01
3.385103669849918728e-01 3.497699325056335962e-01 3.117197005178719560e-01
3.385103404671187532e-01 3.497699901956762281e-01 3.117196693457023882e-01
3.385103136159155479e-01 3.497700482190427840e-01 3.117196381735390931e-01
3.385102870980530865e-01 3.497701059090623232e-01 3.117196070013820153e-01
3.385102602468605948e-01 3.497701639324056755e-01 3.117195758292311547e-01
3.385102337290087360e-01 3.497702216224021221e-01 3.117195446570865114e-01
3.385102068778269579e-01 3.497702796457222707e-01 3.117195134849481408e-01
3.385101796933152607e-01 3.497703380023661213e-01 3.117194823128159875e-01
3.385101521754738108e-01 3.497703966923335073e-01 3.117194511406901070e-01
3.385101246576378564e-01 3.497704553822891249e-01 3.117194199685703881e-01
3.385100978064776722e-01 3.497705134055627552e-01 3.117193887964569421e-01
3.385100712886580099e-01 3.497705710954895908e-01 3.117193576243497688e-01
3.385100447708436766e-01 3.497706287854049356e-01 3.117193264522487572e-01
3.385100179196995351e-01 3.497706868086438159e-01 3.117192952801540184e-01
3.385099924019009943e-01 3.497707434985308783e-01 3.117192641080655524e-01
3.385099665507724787e-01 3.497708005217416427e-01 3.117192329359832481e-01
3.385099406996491811e-01 3.497708575449409718e-01 3.117192017639072166e-01
3.385099145151960753e-01 3.497709149014638919e-01 3.117191705918374023e-01
3.385098883307482431e-01 3.497709722579753211e-01 3.117191394197738608e-01
3.385098614796358540e-01 3.497710302811449790e-01 3.117191082477165365e-01
3.385098349618637092e-01 3.497710879709682308e-01 3.117190770756654294e-01
3.385098081107620338e-01 3.497711459941147960e-01 3.117190459036205397e-01
3.385097812596657429e-01 3.497712040172497039e-01 3.117190147315819226e-01
3.385097540752401435e-01 3.497712623737077031e-01 3.117189835595495229e-01
3.385097262241505423e-01 3.497713213968234314e-01 3.117189523875233959e-01
3.385096980397318545e-01 3.497713807532620844e-01 3.117189212155034306e-01
3.385096698553187733e-01 3.497714401096888026e-01 3.117188900434897381e-01
3.385096423375805741e-01 3.497714987994344771e-01 3.117188588714823183e-01
3.385096148198478705e-01 3.497715574891684387e-01 3.117188276994810603e-01
3.385095876354552447e-01 3.497716158455560498e-01 3.117187965274860750e-01
3.385095604510680034e-01 3.497716742019320590e-01 3.117187653554973070e-01
3.385095339333551445e-01 3.497717318916274132e-01 3.117187341835148118e-01
3.385095070823130881e-01 3.497717899146457476e-01 3.117187030115385338e-01
3.385094805646108873e-01 3.497718476043180091e-01 3.117186718395684730e-01
3.385094537135795445e-01 3.497719056273131399e-01 3.117186406676046295e-01
3.385094268625536418e-01 3.497719636502966689e-01 3.117186094956470588e-01
3.385094000115330681e-01 3.497720216732685961e-01 3.117185783236957053e-01
3.385093724938493254e-01 3.497720803628974195e-01 3.117185471517506246e-01
3.385093449761711337e-01 3.497721390525144747e-01 3.117185159798117056e-01
3.385093167918300505e-01 3.497721984087882596e-01 3.117184848078790593e-01
3.385092892741629056e-01 3.497722570983817780e-01 3.117184536359526859e-01
3.385092627565036705e-01 3.497723147879612249e-01 3.117184224640324741e-01
3.385092359055156264e-01 3.497723728108632080e-01 3.117183912921185351e-01
3.385092100545351590e-01 3.497724298337513416e-01 3.117183601202108689e-01
3.385091845368939367e-01 3.497724865232940683e-01 3.117183289483093644e-01
3.385091590192577660e-01 3.497725432128254708e-01 3.117182977764141327e-01
3.385091335016267577e-01 3.497725999023454935e-01 3.117182666045251183e-01
3.385091086506686331e-01 3.497726559251863598e-01 3.117182354326423765e-01
3.385090834663815884e-01 3.497727122813499290e-01 3.117182042607658521e-01
3.385090582820995952e-01 3.497727686375022293e-01 3.117181730888955449e-01
3.385090330978226536e-01 3.497728249936432610e-01 3.117181419170314549e-01
3.385090079135507080e-01 3.497728813497730238e-01 3.117181107451736377e-01
3.385089830626176188e-01 3.497729373725577129e-01 3.117180795733220378e-01
3.385089578783557207e-01 3.497729937286649382e-01 3.117180484014766551e-01
3.385089316940977922e-01 3.497730510847620322e-01 3.117180172296375451e-01
3.385089055098451372e-01 3.497731081075139414e-01 3.117179863911382909e-01
3.385088796589312832e-01 3.497731647969207769e-01 3.117179555526452539e-01
3.385088538080226472e-01 3.497732214863162881e-01 3.117179247141583787e-01
3.385088279571191738e-01 3.497732781757004750e-01 3.117178938756776652e-01
3.385088017728873355e-01 3.497733351984068650e-01 3.117178630372031134e-01
3.385087769219947140e-01 3.497733908877678766e-01 3.117178321987347234e-01
3.385087520711070885e-01 3.497734465771177303e-01 3.117178013602724951e-01
3.385087265535575707e-01 3.497735029331233703e-01 3.117177705218164840e-01
3.385087017026799372e-01 3.497735586224508531e-01 3.117177396833665792e-01
3.385086768518072442e-01 3.497736143117672336e-01 3.117177088449228917e-01
3.385086530009395744e-01 3.497736693344057901e-01 3.117176776731520049e-01
