4.454033497794409602e-01 3.029894114527912907e-01 2.516072387825128431e-01
4.454033810965557505e-01 3.029893875821876303e-01 2.516072313360017132e-01
4.454034116993716430e-01 3.029893635687302411e-01 2.516072247466432099e-01
4.454034438736250712e-01 3.029893394124191230e-01 2.516072167287008998e-01
4.454034763335890101e-01 3.029893153989713372e-01 2.516072082821847467e-01
4.454035086506880625e-01 3.029892912426698781e-01 2.516072001213872089e-01
4.454035411106390119e-01 3.029892666577977955e-01 2.516071922463082311e-01
4.454035727134327827e-01 3.029892423586476036e-01 2.516071849426647078e-01
4.454036048876540699e-01 3.029892179166437938e-01 2.516071772104472859e-01
4.454036364904351286e-01 3.029891936175033162e-01 2.516071699068067047e-01
4.454036678074930200e-01 3.029891694612261155e-01 2.516071627460259585e-01
4.454036988388279106e-01 3.029891454478121360e-01 2.516071557281051030e-01
4.454037300130149202e-01 3.029891214344029304e-01 2.516071485673272434e-01
4.454037611871957125e-01 3.029890978495736742e-01 2.516071409779756518e-01
4.454037923613702321e-01 3.029890745504658089e-01 2.516071331029089420e-01
4.454038238212552070e-01 3.029890503942126445e-01 2.516071257992771315e-01
4.454038552811339091e-01 3.029890265236808711e-01 2.516071182099300918e-01
4.454038873124396281e-01 3.029890026531539271e-01 2.516071100491513723e-01
4.454039186294473929e-01 3.029889787826317016e-01 2.516071026026657220e-01
4.454039498035906042e-01 3.029889549121142500e-01 2.516070952990399068e-01
4.454039809777275982e-01 3.029889310416016279e-01 2.516070879954155348e-01
4.454040117232835883e-01 3.029889073139520050e-01 2.516070809775091677e-01
4.454040414688257843e-01 3.029888837291653814e-01 2.516070748167535953e-01
4.454040712143620406e-01 3.029888600015252509e-01 2.516070687988575250e-01
4.454041013884669220e-01 3.029888362738898944e-01 2.516070623523880556e-01
4.454041315625657527e-01 3.029888125462592563e-01 2.516070559059198075e-01
4.454041630223822268e-01 3.029887882472006022e-01 2.516070487451619875e-01
4.454041943393342584e-01 3.029887642338631726e-01 2.516070414415473855e-01
4.454042250848474493e-01 3.029887402205305169e-01 2.516070347093668502e-01
4.454042555446381391e-01 3.029887164929189747e-01 2.516070279771877027e-01
4.454042865758552905e-01 3.029886926224540367e-01 2.516070208164355448e-01
4.454043164642012553e-01 3.029886693234263295e-01 2.516070142271172316e-01
4.454043463525412805e-01 3.029886457386871124e-01 2.516070079235163681e-01
4.454043758123010788e-01 3.029886227253849040e-01 2.516070014770587782e-01
4.454044062720615149e-01 3.029885994263711857e-01 2.516069943163121159e-01
4.454044357318094338e-01 3.029885764130782477e-01 2.516069878698571349e-01
4.454044650486934098e-01 3.029885532569318585e-01 2.516069817091195482e-01
4.454044936512813746e-01 3.029885302436481354e-01 2.516069761198153065e-01
4.454045222538635662e-01 3.029885072303690197e-01 2.516069705305121196e-01
4.454045509992980989e-01 3.029884840742365082e-01 2.516069649412100984e-01
4.454045797447268584e-01 3.029884612038246106e-01 2.516069590661932365e-01
4.454046089187237989e-01 3.029884381905592616e-01 2.516069529054615894e-01
4.454046390927206001e-01 3.029884154630144710e-01 2.516069454590095789e-01
4.454046689809954551e-01 3.029883924497583370e-01 2.516069385839908024e-01
4.454046994406960502e-01 3.029883694365068103e-01 2.516069311375417339e-01
4.454047304718223299e-01 3.029883469946915153e-01 2.516069225482308047e-01
4.454047620743739055e-01 3.029883239814491480e-01 2.516069139589215964e-01
4.454047933912033685e-01 3.029883012539271170e-01 2.516069053696141089e-01
4.454048247080265588e-01 3.029882782406939090e-01 2.516068970660240711e-01
4.454048553105542374e-01 3.029882555131809818e-01 2.516068891910093197e-01
4.454048849130709531e-01 3.029882333571040642e-01 2.516068817445695771e-01
4.454049143727238924e-01 3.029882109153158587e-01 2.516068747267048433e-01
4.454049429752239830e-01 3.029881886163899307e-01 2.516068684231306252e-01
4.454049717205761372e-01 3.029881664603263358e-01 2.516068618338420104e-01
4.454050006087804103e-01 3.029881440185515640e-01 2.516068553874125646e-01
4.454050289255478412e-01 3.029881212910657262e-01 2.516068497981310270e-01
4.454050568137362665e-01 3.029880987064421660e-01 2.516068444945661065e-01
4.454050855590656055e-01 3.029880761218231577e-01 2.516068383338557757e-01
4.454051143043891714e-01 3.029880525372045663e-01 2.516068331731508012e-01
4.454051430497069641e-01 3.029880286668752420e-01 2.516068282981622217e-01
4.454051719378767094e-01 3.029880046536929661e-01 2.516068234231746970e-01
4.454052003974677265e-01 3.029879804976579050e-01 2.516068191196188519e-01
4.454052285713376858e-01 3.029879567702006282e-01 2.516068146732062250e-01
4.454052567452019828e-01 3.029879330427480699e-01 2.516068102267944862e-01
4.454052847762030032e-01 3.029879091724426710e-01 2.516068060660988648e-01
4.454053132357713163e-01 3.029878854449996606e-01 2.516068013339736176e-01
4.454053419810491410e-01 3.029878615747037540e-01 2.516067964589916439e-01
4.454053702977484042e-01 3.029878381329854653e-01 2.516067915840106695e-01
4.454053989001571789e-01 3.029878144055566658e-01 2.516067867090306942e-01
4.454054277882753543e-01 3.029877903924174110e-01 2.516067818340516626e-01
4.454054563906726383e-01 3.029877666649981593e-01 2.516067769590736303e-01
4.454054848502067010e-01 3.029877423661534452e-01 2.516067727983842817e-01
4.454055135954501088e-01 3.029877177815985534e-01 2.516067686376957657e-01
4.454055417692577290e-01 3.029876931970485465e-01 2.516067650484381524e-01
4.454055696573446799e-01 3.029876688982184874e-01 2.516067614591812052e-01
4.454055966882812245e-01 3.029876450279657130e-01 2.516067582984974904e-01
4.454056235763548255e-01 3.029876210148602644e-01 2.516067554235293380e-01
4.454056508929953861e-01 3.029875968589021418e-01 2.516067522628469000e-01
4.454056784953454029e-01 3.029875722743765598e-01 2.516067492450224652e-01
4.454057066691196609e-01 3.029875476898558628e-01 2.516067456557689042e-01
4.454057341286011273e-01 3.029875232481974989e-01 2.516067426379457461e-01
4.454057614452197056e-01 3.029874992351161977e-01 2.516067393344083580e-01
4.454057894761198066e-01 3.029874746506102112e-01 2.516067358880142990e-01
4.454058176498716937e-01 3.029874502089665023e-01 2.516067321559061765e-01
4.454058461093326482e-01 3.029874257673276228e-01 2.516067281380840459e-01
4.454058757116466372e-01 3.029874016114084134e-01 2.516067226916893218e-01
4.454059047425253937e-01 3.029873768840646853e-01 2.516067183881542935e-01
4.454059334876836473e-01 3.029873518710112790e-01 2.516067146560493906e-01
4.454059626614081391e-01 3.029873272865347689e-01 2.516067100668014644e-01
4.454059926922704360e-01 3.029873022734912991e-01 2.516067050489825818e-01
4.454060227231267377e-01 3.029872775461673884e-01 2.516066997454501908e-01
4.454060536111206225e-01 3.029872526759911922e-01 2.516066937276325022e-01
4.454060839276793304e-01 3.029872276629627104e-01 2.516066884241022761e-01
4.454061142442319876e-01 3.029872026499392246e-01 2.516066831205731602e-01
4.454061444179213125e-01 3.029871776369207348e-01 2.516066779599022696e-01
4.454061744487474162e-01 3.029871530524788636e-01 2.516066725135179816e-01
4.454062041938532390e-01 3.029871284680418775e-01 2.516066673528492004e-01
4.454062339389531222e-01 3.029871038836097763e-01 2.516066621921814739e-01
4.454062635411898396e-01 3.029870790134683856e-01 2.516066574600862027e-01
4.454062921434205902e-01 3.029870542861890503e-01 2.516066535851347874e-01
