# k f_up f_down f_allD C_global_avg
2.000000 0.297167 0.436744 0.266088 0.725506
3.000000 0.348378 0.604875 0.046747 0.941176
4.000000 0.353054 0.612641 0.034305 0.952936
5.000000 0.356466 0.608489 0.035045 0.950236
6.000000 0.341510 0.619652 0.038839 0.945142
7.000000 0.322592 0.634744 0.042664 0.940125
8.000000 0.314768 0.632807 0.052425 0.928458
9.000000 0.295000 0.645314 0.059686 0.919472
10.000000 0.283009 0.647062 0.069930 0.908189
11.000000 0.267445 0.658606 0.073949 0.903891
12.000000 0.255790 0.663703 0.080507 0.897086
13.000000 0.250791 0.662020 0.087189 0.889264
14.000000 0.243397 0.660166 0.096437 0.879197
15.000000 0.234194 0.661610 0.104195 0.871082
16.000000 0.234621 0.661711 0.103667 0.871092
17.000000 0.228300 0.655367 0.116333 0.857342
18.000000 0.225826 0.651065 0.123109 0.850034
19.000000 0.219352 0.654289 0.126359 0.846734
20.000000 0.220106 0.646643 0.133251 0.838986
21.000000 0.216381 0.641582 0.142037 0.829376
22.000000 0.215567 0.640456 0.143977 0.827469
23.000000 0.210343 0.645360 0.144297 0.826922
24.000000 0.205670 0.648816 0.145514 0.825833
25.000000 0.205727 0.638592 0.155681 0.814336
26.000000 0.207371 0.633269 0.159361 0.810504
27.000000 0.203836 0.632266 0.163898 0.805455
28.000000 0.206052 0.628858 0.165090 0.803455
29.000000 0.199228 0.627215 0.173557 0.795137
30.000000 0.203503 0.618836 0.177662 0.790009
31.000000 0.200600 0.622120 0.177280 0.789951
32.000000 0.198868 0.616771 0.184361 0.782910
33.000000 0.197374 0.620189 0.182436 0.784711
34.000000 0.200125 0.609900 0.189975 0.775952
35.000000 0.197084 0.616354 0.186561 0.779808
36.000000 0.195763 0.618089 0.186148 0.780454
37.000000 0.199006 0.597738 0.203256 0.761975
38.000000 0.196469 0.608007 0.195524 0.769369
39.000000 0.192933 0.599964 0.207103 0.757886
40.000000 0.196841 0.607560 0.195599 0.769372
41.000000 0.197211 0.596453 0.206336 0.757762
42.000000 0.195824 0.603990 0.200186 0.764152
43.000000 0.196577 0.589690 0.213733 0.749754
44.000000 0.193094 0.599230 0.207675 0.755756
45.000000 0.194784 0.596495 0.208721 0.754559
46.000000 0.195502 0.595579 0.208919 0.754036
47.000000 0.190495 0.594204 0.215300 0.747817
48.000000 0.196670 0.585078 0.218252 0.743930
49.000000 0.195580 0.583552 0.220867 0.740752
50.000000 0.196457 0.572037 0.231506 0.729857
51.000000 0.191964 0.582168 0.225867 0.735412
52.000000 0.196189 0.567881 0.235930 0.724168
53.000000 0.193417 0.581124 0.225459 0.735509
54.000000 0.194767 0.573553 0.231680 0.728753
55.000000 0.195137 0.571670 0.233194 0.726960
56.000000 0.195890 0.574334 0.229776 0.731026
57.000000 0.195463 0.563920 0.240617 0.718136
58.000000 0.198054 0.565164 0.236782 0.722082
59.000000 0.195364 0.558459 0.246177 0.712425
60.000000 0.196276 0.553603 0.250122 0.708304
61.000000 0.191876 0.558734 0.249390 0.708868
62.000000 0.195296 0.556452 0.248252 0.709903
63.000000 0.194580 0.562309 0.243112 0.715292
64.000000 0.196168 0.560309 0.243523 0.713993
65.000000 0.195257 0.560564 0.244179 0.713767
66.000000 0.194588 0.555035 0.250377 0.707230
67.000000 0.200690 0.540667 0.258644 0.697491
68.000000 0.194937 0.540150 0.264913 0.691438
69.000000 0.198109 0.551192 0.250698 0.705698
70.000000 0.194796 0.552891 0.252312 0.704235
71.000000 0.195985 0.549857 0.254159 0.702351
72.000000 0.196626 0.537871 0.265503 0.690118
73.000000 0.195886 0.545002 0.259112 0.696941
74.000000 0.196624 0.536676 0.266700 0.688203
75.000000 0.196867 0.550911 0.252222 0.703311
76.000000 0.196228 0.538067 0.265705 0.688849
77.000000 0.195101 0.543567 0.261333 0.694162
78.000000 0.195660 0.542328 0.262012 0.693170
79.000000 0.195942 0.543111 0.260948 0.694110
80.000000 0.198390 0.537883 0.263727 0.690385
81.000000 0.196238 0.537475 0.266286 0.687675
82.000000 0.194298 0.534513 0.271189 0.682874
83.000000 0.199144 0.535246 0.265611 0.687405
84.000000 0.195558 0.519848 0.284594 0.668195
85.000000 0.196752 0.536737 0.266511 0.687538
86.000000 0.197117 0.521860 0.281024 0.671445
87.000000 0.197330 0.524531 0.278139 0.674262
88.000000 0.193464 0.531624 0.274913 0.678777
89.000000 0.197760 0.530885 0.271355 0.681280
90.000000 0.199690 0.513369 0.286941 0.664669
91.000000 0.198385 0.519091 0.282524 0.669381
92.000000 0.196599 0.517428 0.285973 0.665672
93.000000 0.195026 0.523553 0.281421 0.670041
94.000000 0.200257 0.523080 0.276662 0.674914
95.000000 0.196571 0.520001 0.283428 0.668104
96.000000 0.199128 0.524408 0.276465 0.675174
97.000000 0.197748 0.519155 0.283097 0.668511
98.000000 0.197468 0.519037 0.283496 0.667473
99.000000 0.197103 0.510916 0.291981 0.658298
100.000000 0.200236 0.520146 0.279618 0.671029
101.000000 0.196035 0.521152 0.282813 0.668173
102.000000 0.196865 0.521611 0.281524 0.669124
103.000000 0.195720 0.506267 0.298013 0.652252
104.000000 0.198066 0.513423 0.288511 0.662073
105.000000 0.195631 0.507676 0.296693 0.653171
106.000000 0.198163 0.511611 0.290227 0.659471
107.000000 0.195690 0.516949 0.287361 0.662604
108.000000 0.202669 0.505503 0.291828 0.656804
109.000000 0.199327 0.508234 0.292439 0.656853
110.000000 0.202525 0.504123 0.293352 0.655209
111.000000 0.198306 0.513538 0.288156 0.660638
112.000000 0.196955 0.501624 0.301421 0.647366
113.000000 0.198507 0.504151 0.297342 0.650829
114.000000 0.196683 0.512195 0.291123 0.657813
115.000000 0.194956 0.506006 0.299038 0.649494
116.000000 0.193735 0.510853 0.295412 0.653543
117.000000 0.198416 0.509610 0.291974 0.655983
118.000000 0.199746 0.504010 0.296244 0.651527
119.000000 0.198051 0.515376 0.286574 0.662175
120.000000 0.199488 0.499341 0.301171 0.646808
121.000000 0.197681 0.506902 0.295417 0.652360
122.000000 0.197192 0.504086 0.298721 0.648718
123.000000 0.198899 0.507489 0.293612 0.653714
124.000000 0.195821 0.500561 0.303618 0.644097
125.000000 0.197548 0.506430 0.296022 0.651636
126.000000 0.200400 0.501384 0.298216 0.648205
127.000000 0.199198 0.501459 0.299343 0.647102
128.000000 0.198345 0.506234 0.295421 0.651100
129.000000 0.198819 0.498221 0.302960 0.643588
