5.712818413782843642e-03 9.928427977039945285e-01 1.444383870765932271e-03
5.712817842495403545e-03 9.928427979911461643e-01 1.444384154901758250e-03
5.712817271208077939e-03 9.928427982782978001e-01 1.444384439037527416e-03
5.712816842779380039e-03 9.928427984225907110e-01 1.444384723173239553e-03
5.712816414350768875e-03 9.928427985668836220e-01 1.444385007308895096e-03
5.712815985922242712e-03 9.928427987111765329e-01 1.444385291444493825e-03
5.712815557493802418e-03 9.928427988554694439e-01 1.444385575580035743e-03
5.712815129065447993e-03 9.928427987140453492e-01 1.444386145432434952e-03
5.712814700637179437e-03 9.928427985726212546e-01 1.444386715284720320e-03
5.712814272208995882e-03 9.928427985740556627e-01 1.444387142278463418e-03
5.712813843780899063e-03 9.928427987183485737e-01 1.444387426413706313e-03
5.712813415352887246e-03 9.928427988626412626e-01 1.444387710548892612e-03
5.712813129783346142e-03 9.928427988640757818e-01 1.444387994684022099e-03
5.712812844213863150e-03 9.928427988655101899e-01 1.444388278819094774e-03
5.712812701502794493e-03 9.928427987240862063e-01 1.444388562954110637e-03
5.712812558791753592e-03 9.928427985826622226e-01 1.444388847089069471e-03
5.712812416080741314e-03 9.928427985840967418e-01 1.444388988365643244e-03
5.712812416228072246e-03 9.928427984426727582e-01 1.444389129642188610e-03
5.712812559233703888e-03 9.928427983012488856e-01 1.444389128060405512e-03
5.712812702239306040e-03 9.928427981598250129e-01 1.444389126478622847e-03
5.712812845244880436e-03 9.928427980184011403e-01 1.444389124896840399e-03
5.712813131108683551e-03 9.928427977341190980e-01 1.444389123315058384e-03
5.712813274114185956e-03 9.928427974498371666e-01 1.444389264591519617e-03
5.712813417119659738e-03 9.928427970226969546e-01 1.444389548726181163e-03
5.712813417266890056e-03 9.928427967384151343e-01 1.444389832860785896e-03
5.712813417414121242e-03 9.928427964541334250e-01 1.444390116995333600e-03
5.712813417561351560e-03 9.928427961698517157e-01 1.444390401129824709e-03
5.712813417708581878e-03 9.928427957427118367e-01 1.444390828122430479e-03
5.712813417855812197e-03 9.928427953155719576e-01 1.444391255114950813e-03
5.712813275144899665e-03 9.928427950312904704e-01 1.444391682107385713e-03
5.712813132434015756e-03 9.928427946041508134e-01 1.444392251957863716e-03
5.712812989723160470e-03 9.928427938912951500e-01 1.444393107524456332e-03
5.712812847012333807e-03 9.928427934641557151e-01 1.444393677374678029e-03
5.712812704301535767e-03 9.928427930370162802e-01 1.444394247224785452e-03
5.712812704448837209e-03 9.928427924670190086e-01 1.444394817074779033e-03
5.712812704596138651e-03 9.928427920398797957e-01 1.444395244066601575e-03
5.712812704743440093e-03 9.928427916127406938e-01 1.444395671058338682e-03
5.712812562032713176e-03 9.928427913284597617e-01 1.444396098049990354e-03
5.712812419322014883e-03 9.928427910441789406e-01 1.444396525041556807e-03
5.712812276611345212e-03 9.928427907598981195e-01 1.444396952033037826e-03
5.712812133900704165e-03 9.928427904756174094e-01 1.444397379024433192e-03
5.712811991190090873e-03 9.928427903341946470e-01 1.444397663157771794e-03
5.712811848479507071e-03 9.928427901927718846e-01 1.444397947291053584e-03
5.712811705768951025e-03 9.928427899084912855e-01 1.444398374282221485e-03
5.712811563058424469e-03 9.928427896242107975e-01 1.444398801273304167e-03
5.712811420347925669e-03 9.928427893399303095e-01 1.444399228264301198e-03
5.712811277637455491e-03 9.928427890556498214e-01 1.444399655255213010e-03
5.712811134927013937e-03 9.928427886285114967e-01 1.444400225103924847e-03
5.712810849358729640e-03 9.928427883442312307e-01 1.444400794952522844e-03
5.712810563790502588e-03 9.928427882028088014e-01 1.444401221943149728e-03
5.712810278222332783e-03 9.928427880613863721e-01 1.444401648933691393e-03
5.712809992654219356e-03 9.928427879199639428e-01 1.444402075924147624e-03
5.712809849943977294e-03 9.928427876356837878e-01 1.444402502914518202e-03
5.712809707233764724e-03 9.928427874942614695e-01 1.444402787047003537e-03
5.712809564523579908e-03 9.928427872099814255e-01 1.444403214037217774e-03
5.712809421813423716e-03 9.928427869257014926e-01 1.444403641027346575e-03
5.712808993387782398e-03 9.928427869271371220e-01 1.444404068017390158e-03
5.712808564962226082e-03 9.928427869285728624e-01 1.444404495007348089e-03
5.712808136536756502e-03 9.928427869300084918e-01 1.444404921997220802e-03
5.712807708111371924e-03 9.928427869314441212e-01 1.444405348987008080e-03
5.712807279686072347e-03 9.928427869328797506e-01 1.444405775976709922e-03
5.712806708403173755e-03 9.928427870771729946e-01 1.444406202966326330e-03
5.712806137120389656e-03 9.928427872214662386e-01 1.444406629955857302e-03
5.712805565837719181e-03 9.928427872229017570e-01 1.444407199802960184e-03
5.712804994555163197e-03 9.928427873671950010e-01 1.444407626792306191e-03
5.712804423272720838e-03 9.928427875114881340e-01 1.444408053781566764e-03
5.712803851990393839e-03 9.928427877986389927e-01 1.444408337913127491e-03
5.712803280708180463e-03 9.928427882286472439e-01 1.444408479187031524e-03
5.712802709426081579e-03 9.928427886586553841e-01 1.444408620460907152e-03
5.712802138144096320e-03 9.928427889458060207e-01 1.444408904592326065e-03
5.712801566862225552e-03 9.928427893758141609e-01 1.444409045866131220e-03
5.712801138438012780e-03 9.928427898058220791e-01 1.444409044282364898e-03
5.712800710013884141e-03 9.928427902358299972e-01 1.444409042698599011e-03
5.712800281589842238e-03 9.928427906658376934e-01 1.444409041114833340e-03
5.712799853165886205e-03 9.928427909529879969e-01 1.444409182388568238e-03
5.712799424742015172e-03 9.928427912401383004e-01 1.444409323662274730e-03
5.712798996318230009e-03 9.928427915272883819e-01 1.444409464935953033e-03
5.712798567894530714e-03 9.928427918144385744e-01 1.444409606209603146e-03
5.712798139470917289e-03 9.928427921015885449e-01 1.444409747483224853e-03
5.712797853904817875e-03 9.928427923887386264e-01 1.444409745899389794e-03
5.712797568338774841e-03 9.928427928187458784e-01 1.444409601458140685e-03
5.712797282772789920e-03 9.928427932487530194e-01 1.444409457016920632e-03
5.712796997206861377e-03 9.928427936787601604e-01 1.444409312575729420e-03
5.712796711640990947e-03 9.928427941087671904e-01 1.444409168134567047e-03
5.712796426075176896e-03 9.928427945387741094e-01 1.444409023693433514e-03
5.712796140509420091e-03 9.928427949687809173e-01 1.444408879252328821e-03
5.712795854943720532e-03 9.928427953987877252e-01 1.444408734811253184e-03
5.712795569378077351e-03 9.928427958287943111e-01 1.444408590370206387e-03
5.712795283812492284e-03 9.928427962588008970e-01 1.444408445929188430e-03
5.712794998246963595e-03 9.928427966888074829e-01 1.444408301488199530e-03
5.712794712681492151e-03 9.928427971188138468e-01 1.444408157047239252e-03
5.712794427116077954e-03 9.928427975488202106e-01 1.444408012606308031e-03
5.712794141550721003e-03 9.928427979788264635e-01 1.444407868165405650e-03
5.712793855985421297e-03 9.928427984088326053e-01 1.444407723724532109e-03
5.712793570420178837e-03 9.928427988388386360e-01 1.444407579283687624e-03
5.712793284854992756e-03 9.928427992688446668e-01 1.444407434842871979e-03
5.712792999289863921e-03 9.928427996988504756e-01 1.444407290402085174e-03
5.712792713724792332e-03 9.928428001288562843e-01 1.444407145961327209e-03
5.712792428159777988e-03 9.928428005588620930e-01 1.444407001520598083e-03
5.712792428309106454e-03 9.928428007031533387e-01 1.444406857079898014e-03
