1.088654411006901440e-01 6.226332340703210066e-01 2.685013248293286470e-01
1.088654302140393410e-01 6.226331718063873311e-01 2.685013979799130701e-01
1.088654193273907167e-01 6.226331095424662010e-01 2.685014711304828383e-01
1.088654084407442713e-01 6.226330472785575054e-01 2.685015442810379516e-01
1.088653975541000046e-01 6.226329850146613554e-01 2.685016174315784654e-01
1.088653866674579168e-01 6.226329227507775288e-01 2.685016905821043243e-01
1.088653757808180078e-01 6.226328604869062477e-01 2.685017637326155837e-01
1.088653648941802776e-01 6.226327982230472902e-01 2.685018368831121882e-01
1.088653540075447124e-01 6.226327359592008781e-01 2.685019100335941933e-01
1.088653431209113398e-01 6.226326736953669005e-01 2.685019831840615434e-01
1.088653322342801322e-01 6.226326114315454685e-01 2.685020563345142386e-01
1.088653213476511034e-01 6.226325491677363599e-01 2.685021294849523343e-01
1.088653104610242534e-01 6.226324869039397969e-01 2.685022026353757751e-01
1.088652995743995822e-01 6.226324246401555573e-01 2.685022757857846165e-01
1.088652886877770898e-01 6.226323623763838633e-01 2.685023489361788029e-01
1.088652778011567762e-01 6.226323001126246037e-01 2.685024220865583899e-01
1.088652669145386415e-01 6.226322378488777787e-01 2.685024952369233220e-01
1.088652560279226716e-01 6.226321755851434991e-01 2.685025683872736546e-01
1.088652451413088945e-01 6.226321133214215431e-01 2.685026415376093323e-01
1.088652342546972823e-01 6.226320510577121325e-01 2.685027146879303550e-01
1.088652233680878489e-01 6.226319887940151565e-01 2.685027878382367783e-01
1.088652124814805944e-01 6.226319265303306150e-01 2.685028609885286022e-01
1.088652015948755186e-01 6.226318642666585079e-01 2.685029341388057156e-01
1.088651907082726217e-01 6.226318020029989464e-01 2.685030072890682851e-01
1.088651798216719035e-01 6.226317397393517084e-01 2.685030804393161441e-01
1.088651689350733642e-01 6.226316774757170158e-01 2.685031535895494037e-01
1.088651580484770037e-01 6.226316152120947578e-01 2.685032267397680639e-01
1.088651471618828082e-01 6.226315529484849343e-01 2.685032998899720691e-01
1.088651362752908053e-01 6.226314906848875452e-01 2.685033730401614749e-01
1.088651253887009673e-01 6.226314284213025907e-01 2.685034461903361702e-01
1.088651145021133082e-01 6.226313661577301817e-01 2.685035193404963216e-01
1.088651036155278279e-01 6.226313038941702072e-01 2.685035924906418181e-01
1.088650927289445264e-01 6.226312416306225561e-01 2.685036656407726596e-01
1.088650818423634037e-01 6.226311793670875616e-01 2.685037387908889017e-01
1.088650709557844598e-01 6.226311171035648906e-01 2.685038119409904889e-01
1.088650600692076809e-01 6.226310548400546541e-01 2.685038850910774211e-01
1.088650491826330946e-01 6.226309925765569631e-01 2.685039582411498094e-01
1.088650382960606872e-01 6.226309303130715955e-01 2.685040313912074872e-01
1.088650274094904447e-01 6.226308680495987735e-01 2.685041045412505656e-01
1.088650165229223810e-01 6.226308057861383860e-01 2.685041776912789890e-01
1.088650056363564961e-01 6.226307435226904330e-01 2.685042508412928131e-01
1.088649947497927900e-01 6.226306812592550255e-01 2.685043239912920376e-01
1.088649838632312628e-01 6.226306189958319415e-01 2.685043971412765518e-01
1.088649729766719143e-01 6.226305567324214030e-01 2.685044702912465220e-01
1.088649620901147447e-01 6.226304944690232990e-01 2.685045434412017817e-01
1.088649512035597400e-01 6.226304322056376295e-01 2.685046165911424421e-01
1.088649403170069280e-01 6.226303699422643945e-01 2.685046897410685030e-01
1.088649294304562809e-01 6.226303076789035940e-01 2.685047628909799089e-01
1.088649185439078126e-01 6.226302454155553390e-01 2.685048360408766599e-01
1.088649076573615371e-01 6.226301831522194075e-01 2.685049091907588115e-01
1.088648967708174264e-01 6.226301208888960215e-01 2.685049823406263081e-01
1.088648858842754946e-01 6.226300586255850700e-01 2.685050554904792053e-01
1.088648749977357277e-01 6.226299963622865530e-01 2.685051286403174475e-01
1.088648641111981535e-01 6.226299340990005815e-01 2.685052017901410903e-01
1.088648532246627582e-01 6.226298718357269335e-01 2.685052749399500782e-01
1.088648423381295277e-01 6.226298095724658310e-01 2.685053480897444667e-01
1.088648314515984900e-01 6.226297473092171630e-01 2.685054212395242001e-01
1.088648205650696171e-01 6.226296850459809296e-01 2.685054943892892787e-01
1.088648096785429231e-01 6.226296227827571306e-01 2.685055675390397578e-01
1.088647987920184079e-01 6.226295605195457661e-01 2.685056406887756375e-01
1.088647879054960715e-01 6.226294982563468361e-01 2.685057138384968067e-01
1.088647770189759140e-01 6.226294359931604516e-01 2.685057869882034320e-01
1.088647661324579352e-01 6.226293737299865017e-01 2.685058601378953469e-01
1.088647552459421353e-01 6.226293114668249862e-01 2.685059332875727178e-01
1.088647443594285003e-01 6.226292492036759052e-01 2.685060064372353783e-01
1.088647334729170579e-01 6.226291869405392587e-01 2.685060795868834393e-01
1.088647225864077805e-01 6.226291246774151578e-01 2.685061527365169010e-01
1.088647116999006820e-01 6.226290624143033803e-01 2.685062258861357076e-01
1.088647008133957622e-01 6.226290001512041483e-01 2.685062990357398593e-01
1.088646899268930213e-01 6.226289378881173509e-01 2.685063721853294116e-01
1.088646790403924591e-01 6.226288756250429879e-01 2.685064453349043090e-01
1.088646681538940758e-01 6.226288133619810594e-01 2.685065184844646069e-01
1.088646572673978713e-01 6.226287510989316765e-01 2.685065916340102499e-01
1.088646463809038317e-01 6.226286888358946170e-01 2.685066647835412934e-01
1.088646354944119848e-01 6.226286265728701030e-01 2.685067379330576820e-01
1.088646246079223029e-01 6.226285643098580236e-01 2.685068110825594712e-01
1.088646137214347998e-01 6.226285020468583786e-01 2.685068842320466054e-01
1.088646028349494754e-01 6.226284397838711682e-01 2.685069573815190846e-01
1.088645919484663299e-01 6.226283775208965032e-01 2.685070305309769645e-01
1.088645810619853632e-01 6.226283152579341618e-01 2.685071036804202449e-01
1.088645701755065753e-01 6.226282529949843658e-01 2.685071768298488148e-01
1.088645592890299663e-01 6.226281907320470044e-01 2.685072499792628409e-01
1.088645484025555360e-01 6.226281284691220774e-01 2.685073231286621565e-01
1.088645375160832707e-01 6.226280662062095850e-01 2.685073962780469281e-01
1.088645266296131842e-01 6.226280039433096380e-01 2.685074694274169893e-01
1.088645157431452903e-01 6.226279416804220146e-01 2.685075425767724511e-01
1.088645048566795615e-01 6.226278794175469367e-01 2.685076157261133134e-01
1.088644939702160114e-01 6.226278171546842932e-01 2.685076888754395208e-01
1.088644830837546401e-01 6.226277548918340843e-01 2.685077620247510732e-01
1.088644721972954477e-01 6.226276926289963098e-01 2.685078351740480262e-01
1.088644613108384201e-01 6.226276303661709699e-01 2.685079083233303798e-01
1.088644504243835853e-01 6.226275681033581755e-01 2.685079814725980230e-01
1.088644395379309154e-01 6.226275058405578156e-01 2.685080546218511222e-01
1.088644286514804382e-01 6.226274435777697791e-01 2.685081277710895109e-01
1.088644177650321260e-01 6.226273813149942882e-01 2.685082009203133002e-01
1.088644068785859925e-01 6.226273190522313428e-01 2.685082740695224901e-01
1.088643959921420379e-01 6.226272567894807208e-01 2.685083472187170250e-01
1.088643851057002621e-01 6.226271945267426444e-01 2.685084203678969605e-01
1.088643742192606650e-01 6.226271322640168915e-01 2.685084935170622411e-01
1.088643633328232468e-01 6.226270700013036841e-01 2.685085666662128667e-01
