2.798085834386833115e-01 4.760419194819222044e-01 2.441494970806886988e-01
2.798085554575507339e-01 4.760419718782437082e-01 2.441494726654997172e-01
2.798085274764237629e-01 4.760420242745547759e-01 2.441494482503156205e-01
2.798084994953023985e-01 4.760420766708553519e-01 2.441494238351364088e-01
2.798084715141866408e-01 4.760421290671454364e-01 2.441493994199620821e-01
2.798084435330764896e-01 4.760421814634250848e-01 2.441493750047926403e-01
2.798084155519718896e-01 4.760422338596941860e-01 2.441493505896280836e-01
2.798083875708728963e-01 4.760422862559528512e-01 2.441493261744684118e-01
2.798083595897795095e-01 4.760423386522010247e-01 2.441493017593135972e-01
2.798083316086917294e-01 4.760423910484387622e-01 2.441492773441636954e-01
2.798083036276095559e-01 4.760424434446659525e-01 2.441492529290186786e-01
2.798082756465329335e-01 4.760424958408827067e-01 2.441492285138785190e-01
2.798082476654619732e-01 4.760425482370889694e-01 2.441492040987432721e-01
2.798082196843965641e-01 4.760426006332847404e-01 2.441491796836128825e-01
2.798081917033367616e-01 4.760426530294700753e-01 2.441491552684873778e-01
2.798081637222825102e-01 4.760427054256448631e-01 2.441491308533667581e-01
2.798081357412339210e-01 4.760427578218092148e-01 2.441491064382510512e-01
2.798081077601908828e-01 4.760428102179630749e-01 2.441490820231402015e-01
2.798080797791534513e-01 4.760428626141064989e-01 2.441490576080342367e-01
2.798080517981216264e-01 4.760429150102393758e-01 2.441490331929331570e-01
2.798080238170954082e-01 4.760429674063618166e-01 2.441490087778369344e-01
2.798079958360747965e-01 4.760430198024737658e-01 2.441489843627456247e-01
2.798079678550597360e-01 4.760430721985752234e-01 2.441489599476591998e-01
2.798079398740502821e-01 4.760431245946662449e-01 2.441489355325776600e-01
2.798079118930464348e-01 4.760431769907467192e-01 2.441489111175009774e-01
2.798078839120481942e-01 4.760432293868167575e-01 2.441488867024292075e-01
2.798078559310555602e-01 4.760432817828763041e-01 2.441488622873622949e-01
2.798078279500684773e-01 4.760433341789254147e-01 2.441488378723002672e-01
2.798077999690870565e-01 4.760433865749639781e-01 2.441488134572431523e-01
2.798077719881111869e-01 4.760434389709921055e-01 2.441487890421908946e-01
2.798077440071409239e-01 4.760434913670097412e-01 2.441487646271435219e-01
2.798077160261762120e-01 4.760435437630168853e-01 2.441487402121010342e-01
2.798076880452171622e-01 4.760435961590135934e-01 2.441487157970634314e-01
2.798076600642636635e-01 4.760436485549997543e-01 2.441486913820307136e-01
2.798076320833157715e-01 4.760437009509754791e-01 2.441486669670028808e-01
2.798076041023734861e-01 4.760437533469407123e-01 2.441486425519799330e-01
2.798075761214368073e-01 4.760438057428955094e-01 2.441486181369618702e-01
2.798075481405057352e-01 4.760438581388397594e-01 2.441485937219486646e-01
2.798075201595802142e-01 4.760439105347735733e-01 2.441485693069403717e-01
2.798074921786603553e-01 4.760439629306968956e-01 2.441485448919369639e-01
2.798074641977460475e-01 4.760440153266097263e-01 2.441485204769384132e-01
2.798074362168372908e-01 4.760440677225121209e-01 2.441484960619447475e-01
2.798074082359341963e-01 4.760441201184039683e-01 2.441484716469559946e-01
2.798073802550367084e-01 4.760441725142853797e-01 2.441484472319720989e-01
2.798073522741447716e-01 4.760442249101562995e-01 2.441484228169930881e-01
2.798073242932584415e-01 4.760442773060167831e-01 2.441483984020189624e-01
2.798072963123777179e-01 4.760443297018667197e-01 2.441483739870497216e-01
2.798072683315026010e-01 4.760443820977062201e-01 2.441483495720853658e-01
2.798072403506330352e-01 4.760444344935352290e-01 2.441483251571258950e-01
2.798072123697691316e-01 4.760444868893537462e-01 2.441483007421713092e-01
2.798071843889107790e-01 4.760445392851618274e-01 2.441482763272216083e-01
2.798071564080580331e-01 4.760445916809593614e-01 2.441482519122767925e-01
2.798071284272108383e-01 4.760446440767464593e-01 2.441482274973368338e-01
2.798071004463693057e-01 4.760446964725230656e-01 2.441482030824017879e-01
2.798070724655333241e-01 4.760447488682892359e-01 2.441481786674715992e-01
2.798070444847030047e-01 4.760448012640448590e-01 2.441481542525463233e-01
2.798070165038782364e-01 4.760448536597900460e-01 2.441481298376259046e-01
2.798069885230590748e-01 4.760449060555247414e-01 2.441481054227103709e-01
2.798069605422454642e-01 4.760449584512489452e-01 2.441480810077997221e-01
2.798069325614375158e-01 4.760450108469627128e-01 2.441480565928939583e-01
2.798069045806351185e-01 4.760450632426659334e-01 2.441480321779931073e-01
2.798068765998383278e-01 4.760451156383587179e-01 2.441480077630971135e-01
2.798068486190471438e-01 4.760451680340410108e-01 2.441479833482059769e-01
2.798068206382615664e-01 4.760452204297128675e-01 2.441479589333197531e-01
2.798067926574815401e-01 4.760452728253741772e-01 2.441479345184384142e-01
2.798067646767071759e-01 4.760453252210250508e-01 2.441479101035619603e-01
2.798067366959383628e-01 4.760453776166654327e-01 2.441478856886903637e-01
2.798067087151751564e-01 4.760454300122953231e-01 2.441478612738236798e-01
2.798066807344175566e-01 4.760454824079147773e-01 2.441478368589618531e-01
2.798066527536655079e-01 4.760455348035237400e-01 2.441478124441049391e-01
2.798066247729191214e-01 4.760455871991222110e-01 2.441477880292528824e-01
2.798065967921782859e-01 4.760456395947101904e-01 2.441477636144057106e-01
2.798065688114430571e-01 4.760456919902876782e-01 2.441477391995634516e-01
2.798065408307134350e-01 4.760457443858547300e-01 2.441477147847260498e-01
2.798065128499893639e-01 4.760457967814112901e-01 2.441476903698935330e-01
2.798064848692709550e-01 4.760458491769573586e-01 2.441476659550659012e-01
2.798064568885580972e-01 4.760459015724929355e-01 2.441476415402431543e-01
2.798064289078508460e-01 4.760459539680180208e-01 2.441476171254252647e-01
2.798064009271492014e-01 4.760460063635326700e-01 2.441475927106122878e-01
2.798063729464531635e-01 4.760460587590368275e-01 2.441475682958041959e-01
2.798063449657626767e-01 4.760461111545304935e-01 2.441475438810009613e-01
2.798063169850778520e-01 4.760461635500137234e-01 2.441475194662026393e-01
2.798062890043985784e-01 4.760462159454864062e-01 2.441474950514091746e-01
2.798062610237249115e-01 4.760462683409486528e-01 2.441474706366206227e-01
2.798062330430567957e-01 4.760463207364004079e-01 2.441474462218369279e-01
2.798062050623943420e-01 4.760463731318416714e-01 2.441474218070581181e-01
2.798061770817374394e-01 4.760464255272724987e-01 2.441473973922842211e-01
2.798061491010861990e-01 4.760464779226928345e-01 2.441473729775151813e-01
2.798061211204405097e-01 4.760465303181026786e-01 2.441473485627510265e-01
2.798060931398003714e-01 4.760465827135020311e-01 2.441473241479917566e-01
2.798060651591658954e-01 4.760466351088908921e-01 2.441472997332373718e-01
2.798060371785370259e-01 4.760466875042693169e-01 2.441472753184878441e-01
2.798060091979137076e-01 4.760467398996372501e-01 2.441472509037432292e-01
2.798059812172959959e-01 4.760467922949946917e-01 2.441472264890034993e-01
2.798059532366838909e-01 4.760468446903416417e-01 2.441472020742686266e-01
2.798059252560773369e-01 4.760468970856781556e-01 2.441471776595386667e-01
2.798058972754764451e-01 4.760469494810041780e-01 2.441471532448135640e-01
2.798058692948811044e-01 4.760470018763197086e-01 2.441471288300933740e-01
2.798058413142913703e-01 4.760470542716247477e-01 2.441471044153780412e-01
2.798058133337072428e-01 4.760471066669192952e-01 2.441470800006675934e-01
