3.666286298685189626e-01 3.214781316287085855e-01 3.118932384850586770e-01
3.666286697060464062e-01 3.214781229808106877e-01 3.118932072954291868e-01
3.666287107935779499e-01 3.214781130829023614e-01 3.118931761058059138e-01
3.666287511310941105e-01 3.214781039350032565e-01 3.118931449161888581e-01
3.666287912185998699e-01 3.214780950371083357e-01 3.118931137265780751e-01
3.666288315560998767e-01 3.214780858892128390e-01 3.118930825369735094e-01
3.666288721435941866e-01 3.214780764913168221e-01 3.118930513473752164e-01
3.666289137310896340e-01 3.214780660934135059e-01 3.118930201577831407e-01
3.666289560685835336e-01 3.214780549455054648e-01 3.118929889681972822e-01
3.666289986560711811e-01 3.214780435475974030e-01 3.118929577786176965e-01
3.666290414935525765e-01 3.214780316496871349e-01 3.118929268390465692e-01
3.666290835810188109e-01 3.214780205017858661e-01 3.118928958994816036e-01
3.666291256684766076e-01 3.214780093538868178e-01 3.118928649599227998e-01
3.666291670059195207e-01 3.214779989559964357e-01 3.118928340203702132e-01
3.666292088433584784e-01 3.214779880581039029e-01 3.118928030808238439e-01
3.666292511807932031e-01 3.214779766602093858e-01 3.118927721412836362e-01
3.666292940182236393e-01 3.214779647623129955e-01 3.118927412017496459e-01
3.666293363556414331e-01 3.214779536144251049e-01 3.118927100122197427e-01
3.666293796930588100e-01 3.214779414665313584e-01 3.118926788226961122e-01
3.666294235304715654e-01 3.214779288186360162e-01 3.118926476331786990e-01
3.666294681178814407e-01 3.214779154207372813e-01 3.118926164436675585e-01
3.666295124552804707e-01 3.214779022728431745e-01 3.118925852541626353e-01
3.666295560426648392e-01 3.214778898749574565e-01 3.118925540646639294e-01
3.666295988800348238e-01 3.214778782270799606e-01 3.118925228751714962e-01
3.666296409673905909e-01 3.214778673292103539e-01 3.118924916856852803e-01
3.666296833047397730e-01 3.214778561813411706e-01 3.118924604962053371e-01
3.666297253920787202e-01 3.214778452834759492e-01 3.118924293067316111e-01
3.666297664794019862e-01 3.214778353856201920e-01 3.118923981172641025e-01
3.666298078167187779e-01 3.214778252377646361e-01 3.118923669278028110e-01
3.666298484040221295e-01 3.214778158399163033e-01 3.118923357383477923e-01
3.666298889913173209e-01 3.214778064420699133e-01 3.118923045488990464e-01
3.666299295786044077e-01 3.214777970442253552e-01 3.118922733594565178e-01
3.666299706658867619e-01 3.214777871463793679e-01 3.118922421700202063e-01
3.666300105031526368e-01 3.214777784985435316e-01 3.118922109805901122e-01
3.666300490904023657e-01 3.214777711007176242e-01 3.118921797911662908e-01
3.666300874276428035e-01 3.214777639528947351e-01 3.118921486017486866e-01
3.666301262648787307e-01 3.214777563050701947e-01 3.118921174123373552e-01
3.666301651021068864e-01 3.214777486572471532e-01 3.118920862229322410e-01
3.666302031893227120e-01 3.214777417594302245e-01 3.118920550335333441e-01
3.666302415265324521e-01 3.214777346116131640e-01 3.118920238441407200e-01
3.666302801137359402e-01 3.214777269637945634e-01 3.118919929047557771e-01
3.666303209509447769e-01 3.214777173159659163e-01 3.118919617153755874e-01
3.666303622881482704e-01 3.214777071681363951e-01 3.118919305260016150e-01
3.666304033753421399e-01 3.214776972703102254e-01 3.118918993366339154e-01
3.666304444625277381e-01 3.214776873724861095e-01 3.118918681472724330e-01
3.666304850497024703e-01 3.214776779746665869e-01 3.118918369579172234e-01
3.666305258868703953e-01 3.214776683268477098e-01 3.118918057685682310e-01
3.666305662240275653e-01 3.214776591790332594e-01 3.118917745792254559e-01
3.666306063111753888e-01 3.214776502812219938e-01 3.118917433898889535e-01
3.666306458983127348e-01 3.214776418834149330e-01 3.118917122005586684e-01
3.666306849854396033e-01 3.214776339856120768e-01 3.118916810112346005e-01
3.666307235725563274e-01 3.214776265878131478e-01 3.118916498219168054e-01
3.666307626596676528e-01 3.214776186900134003e-01 3.118916186326052276e-01
3.666308012467688893e-01 3.214776112922175244e-01 3.118915874432998669e-01
3.666308405838658024e-01 3.214776031444197546e-01 3.118915562540007791e-01
3.666308784209482141e-01 3.214775964966301580e-01 3.118915250647079085e-01
3.666309155080198501e-01 3.214775905988451754e-01 3.118914938754213106e-01
3.666309528450851229e-01 3.214775844510602831e-01 3.118914626861409300e-01
3.666309906821449971e-01 3.214775778032745723e-01 3.118914314968667667e-01
3.666310282691962463e-01 3.214775714054911582e-01 3.118914003075988761e-01
3.666310653562380728e-01 3.214775655077110605e-01 3.118913691183372028e-01
3.666311004432648568e-01 3.214775616099397326e-01 3.118913379290817467e-01
3.666311367802892462e-01 3.214775564621645265e-01 3.118913067398325634e-01
3.666311723673036926e-01 3.214775520643929907e-01 3.118912755505895973e-01
3.666312074543092159e-01 3.214775481666241608e-01 3.118912443613529040e-01
3.666312425413077447e-01 3.214775442688561080e-01 3.118912131721224279e-01
3.666312776282992791e-01 3.214775403710888879e-01 3.118911819828981691e-01
3.666313122152821680e-01 3.214775369733239851e-01 3.118911507936801830e-01
3.666313463022566332e-01 3.214775340755612887e-01 3.118911196044684142e-01
3.666313801392235283e-01 3.214775311777992028e-01 3.118910886652636050e-01
3.666314134761822219e-01 3.214775287800391013e-01 3.118910577260650130e-01
3.666314465631334563e-01 3.214775266322801861e-01 3.118910267868726383e-01
3.666314804000802008e-01 3.214775237345197101e-01 3.118909958476864253e-01
3.666315147370214356e-01 3.214775203367584711e-01 3.118909649085063740e-01
3.666315500739583122e-01 3.214775159389954284e-01 3.118909339693325400e-01
3.666315859108893460e-01 3.214775112912326982e-01 3.118909027801642919e-01
3.666316219978137392e-01 3.214775063934702803e-01 3.118908715910022611e-01
3.666316575847298198e-01 3.214775019957099578e-01 3.118908404018465030e-01
3.666316931716388505e-01 3.214774973479500031e-01 3.118908094626974825e-01
3.666317292585417054e-01 3.214774922001899515e-01 3.118907785235546237e-01
3.666317653454373438e-01 3.214774870524309547e-01 3.118907475844179822e-01
3.666318001823234973e-01 3.214774831546752809e-01 3.118907166452875579e-01
3.666318357692039953e-01 3.214774785069190455e-01 3.118906857061632953e-01
3.666318711060769786e-01 3.214774741091641630e-01 3.118906547670451945e-01
3.666319059429420935e-01 3.214774702114108762e-01 3.118906238279333110e-01
3.666319412798009769e-01 3.214774658136577146e-01 3.118905928888275891e-01
3.666319763666524567e-01 3.214774616659057394e-01 3.118905619497280846e-01
3.666320107034960474e-01 3.214774582681554915e-01 3.118905310106347417e-01
3.666320452903329974e-01 3.214774548704059098e-01 3.118904998215473734e-01
3.666320798771630085e-01 3.214774514726570498e-01 3.118904686324661668e-01
3.666321149639866217e-01 3.214774475749084259e-01 3.118904374433912330e-01
3.666321493008025678e-01 3.214774444271611409e-01 3.118904062543225719e-01
3.666321843876121922e-01 3.214774405294140158e-01 3.118903750652600726e-01
3.666322194744147667e-01 3.214774366316676124e-01 3.118903438762039015e-01
3.666322538112100071e-01 3.214774334839223813e-01 3.118903126871538922e-01
3.666322881479983642e-01 3.214774303361777608e-01 3.118902814981101557e-01
3.666323212347794569e-01 3.214774284384341874e-01 3.118902503090726364e-01
3.666323538215537914e-01 3.214774270406910994e-01 3.118902191200413898e-01
3.666323861583216659e-01 3.214774258929482542e-01 3.118901879310163605e-01
3.666324177450830391e-01 3.214774254952056931e-01 3.118901567419975485e-01
