4.135144269579291709e-01 2.993608790049785973e-01 2.871246940295941741e-01
4.135143862727544417e-01 2.993608505686120580e-01 2.871247631511354981e-01
4.135143455875878726e-01 2.993608222989194156e-01 2.871248321059947095e-01
4.135143050690976985e-01 2.993607938625642562e-01 2.871249010608401542e-01
4.135142645506155734e-01 2.993607654262147033e-01 2.871249700156717766e-01
4.135142240321415530e-01 2.993607371565391029e-01 2.871250388038213419e-01
4.135141835136756927e-01 2.993607087202009298e-01 2.871251077586254308e-01
4.135141429952178815e-01 2.993606799505320604e-01 2.871251770467521114e-01
4.135141024767681750e-01 2.993606510142007293e-01 2.871252465015330935e-01
4.135140622916629316e-01 2.993606220778751714e-01 2.871253156229638948e-01
4.135140219398975581e-01 2.993605931415553867e-01 2.871253849110489975e-01
4.135139819214765367e-01 2.993605642052414306e-01 2.871254538657839195e-01
4.135139419030635088e-01 2.993605356022694952e-01 2.871255224871688827e-01
4.135139020513265984e-01 2.993605068326351537e-01 2.871255911085400792e-01
4.135138620329295578e-01 2.993604780630066409e-01 2.871256598965656881e-01
4.135138221812086345e-01 2.993604491267157219e-01 2.871257286845775303e-01
4.135137828294997986e-01 2.993604200237625634e-01 2.871257971392394692e-01
4.135137433111307770e-01 2.993603907541472764e-01 2.871258659272238334e-01
4.135137036261016807e-01 2.993603614845377625e-01 2.871259348818624435e-01
4.135136637744125099e-01 2.993603320482661201e-01 2.871260041698232568e-01
4.135136239227313326e-01 2.993603024453324046e-01 2.871260736244382050e-01
4.135135839043900807e-01 2.993602730090725306e-01 2.871261430790392200e-01
4.135135442193927924e-01 2.993602435728185962e-01 2.871262122002904982e-01
4.135135047010713993e-01 2.993602141365704905e-01 2.871262811548599969e-01
4.135134658494295512e-01 2.993601847003282690e-01 2.871263494427440666e-01
4.135134268311275729e-01 2.993601550974240855e-01 2.871264180639502284e-01
4.135133876461654645e-01 2.993601254945258416e-01 2.871264868518105806e-01
4.135133482945433925e-01 2.993600958916334820e-01 2.871265558063250123e-01
4.135133089429291475e-01 2.993600662887470620e-01 2.871266247608256772e-01
4.135132694246549945e-01 2.993600366858665263e-01 2.871266938819803660e-01
4.135132299063887240e-01 2.993600070829919857e-01 2.871267630031212881e-01
4.135131902214625454e-01 2.993599776467910645e-01 2.871268321242483323e-01
4.135131507032120957e-01 2.993599482105960830e-01 2.871269010786938192e-01
4.135131111849695285e-01 2.993599187744069856e-01 2.871269700331254282e-01
4.135130718334026345e-01 2.993598895048915076e-01 2.871270386542078001e-01
4.135130326485113583e-01 2.993598602353819138e-01 2.871271071086087256e-01
4.135129936302955889e-01 2.993598307992104690e-01 2.871271755629959399e-01
4.135129547787553261e-01 2.993598013630448529e-01 2.871272438507017633e-01
4.135129162605582498e-01 2.993597719268851209e-01 2.871273118050585715e-01
4.135128779090364581e-01 2.993597424907313287e-01 2.871273795927340999e-01
4.135128395575223825e-01 2.993597130545833651e-01 2.871274473803960836e-01
4.135128012060159675e-01 2.993596836184413412e-01 2.871275151680445226e-01
4.135127626878496443e-01 2.993596540156375774e-01 2.871275832890146096e-01
4.135127238363557889e-01 2.993596242461721291e-01 2.871276519099738578e-01
4.135126846515345678e-01 2.993595944767126205e-01 2.871277208642545875e-01
4.135126456333887424e-01 2.993595647072590515e-01 2.871277896518539818e-01
4.135126064485831199e-01 2.993595351044790465e-01 2.871278584394395539e-01
4.135125674304529486e-01 2.993595055017049256e-01 2.871279270603439016e-01
4.135125285789980620e-01 2.993594758989367444e-01 2.871279955145669693e-01
4.135124893942159208e-01 2.993594462961745029e-01 2.871280643021113521e-01
4.135124500427741490e-01 2.993594166934181455e-01 2.871281332563094257e-01
4.135124111913426326e-01 2.993593870906677279e-01 2.871282017104913598e-01
4.135123720065840280e-01 2.993593574879232500e-01 2.871282704979944977e-01
4.135123328218331951e-01 2.993593280518520583e-01 2.871283391188164114e-01
4.135122936370902447e-01 2.993592986157868063e-01 2.871284077396246137e-01
4.135122546190225234e-01 2.993592691797273830e-01 2.871284761937517027e-01
4.135122154342952272e-01 2.993592399103413015e-01 2.871285446478651360e-01
4.135121762495757580e-01 2.993592106409610487e-01 2.871286131019648580e-01
4.135121367315294783e-01 2.993591813715866801e-01 2.871286818893855619e-01
4.135120972134910811e-01 2.993591521022181401e-01 2.871287506767925546e-01
4.135120575287932754e-01 2.993591229995227754e-01 2.871288194641857250e-01
4.135120180107706989e-01 2.993590940635004749e-01 2.871288879182306020e-01
4.135119784927560049e-01 2.993590649608167120e-01 2.871289565389290033e-01
4.135119391414164847e-01 2.993590358581387778e-01 2.871290249929464578e-01
4.135118997900848470e-01 2.993590067554666723e-01 2.871290934469502010e-01
4.135118602720938563e-01 2.993589778194675755e-01 2.871291619009402885e-01
4.135118209207779838e-01 2.993589488834743073e-01 2.871292301882494846e-01
4.135117814028028138e-01 2.993589199474868123e-01 2.871292986422121496e-01
4.135117418848355264e-01 2.993588910115050905e-01 2.871293670961611588e-01
4.135117022002089415e-01 2.993588620755291418e-01 2.871294357167636369e-01
4.135116625155902947e-01 2.993588331395590219e-01 2.871295043373524036e-01
4.135116231643138351e-01 2.993588042035946195e-01 2.871295726245931546e-01
4.135115839797123827e-01 2.993587751009689768e-01 2.871296409118203052e-01
4.135115447951187573e-01 2.993587458316820382e-01 2.871297093657008692e-01
4.135115056105329590e-01 2.993587165624009838e-01 2.871297778195677219e-01
4.135114664259549877e-01 2.993586872931257581e-01 2.871298462734209189e-01
4.135114274080519681e-01 2.993586578571892920e-01 2.871299147272604046e-01
4.135113882234896510e-01 2.993586284212587656e-01 2.871299833477531926e-01
4.135113490389352164e-01 2.993585989853340679e-01 2.871300519682322694e-01
4.135113100210556225e-01 2.993585695494153098e-01 2.871301204220306769e-01
4.135112713365177717e-01 2.993585401135024360e-01 2.871301885424814015e-01
4.135112324853207344e-01 2.993585106775953908e-01 2.871302568295854840e-01
4.135111934674645107e-01 2.993584812416942853e-01 2.871303252833428132e-01
4.135111546162829610e-01 2.993584518057990640e-01 2.871303935704195842e-01
4.135111157651092384e-01 2.993584225365766294e-01 2.871304616908157414e-01
4.135110769139432318e-01 2.993583932673600789e-01 2.871305298111982429e-01
4.135110380627850524e-01 2.993583639981494127e-01 2.871305979315671442e-01
4.135109993783014914e-01 2.993583347289445751e-01 2.871306658852555982e-01
4.135109605271587996e-01 2.993583054597455662e-01 2.871307340055972435e-01
4.135109215093570878e-01 2.993582761905524414e-01 2.871308022925921355e-01
4.135108823248963006e-01 2.993582467546982984e-01 2.871308709129070103e-01
4.135108428071098130e-01 2.993582173188500950e-01 2.871309398665417012e-01
4.135108034559979995e-01 2.993581878830077203e-01 2.871310086534958894e-01
4.135107641048940685e-01 2.993581584471712853e-01 2.871310774404363109e-01
4.135107245871312287e-01 2.993581290113406790e-01 2.871311463940297015e-01
4.135106850693763270e-01 2.993580995755160123e-01 2.871312153476093254e-01
4.135106455516293078e-01 2.993580701396972299e-01 2.871312843011751270e-01
4.135106060338902267e-01 2.993580407038843316e-01 2.871313532547271063e-01
4.135105666828256532e-01 2.993580114347439980e-01 2.871314218749319580e-01
4.135105271651023373e-01 2.993579821656095485e-01 2.871314906617897789e-01
