2.723923366782860511e-01 4.056376568073736810e-01 3.219700065006597112e-01
2.723923094387854515e-01 4.056376162432104859e-01 3.219700743043235613e-01
2.723922821992902921e-01 4.056375756790553955e-01 3.219701421079738113e-01
2.723922549598005727e-01 4.056375351149084096e-01 3.219702099116105165e-01
2.723922277203162934e-01 4.056374945507695284e-01 3.219702777152336770e-01
2.723922004808374542e-01 4.056374539866387519e-01 3.219703455188432373e-01
2.723921732413641106e-01 4.056374134225161354e-01 3.219704133224392528e-01
2.723921460018961516e-01 4.056373728584015681e-01 3.219704811260217237e-01
2.723921187624336882e-01 4.056373322942951609e-01 3.219705489295906498e-01
2.723920915229766648e-01 4.056372917301968584e-01 3.219706167331459756e-01
2.723920642835250816e-01 4.056372511661066604e-01 3.219706845366877568e-01
2.723920370440789385e-01 4.056372106020245671e-01 3.219707523402159377e-01
2.723920098046382354e-01 4.056371700379506340e-01 3.219708201437306294e-01
2.723919825652030280e-01 4.056371294738847499e-01 3.219708879472317209e-01
2.723919553257732051e-01 4.056370889098270260e-01 3.219709557507192677e-01
2.723919280863488779e-01 4.056370483457774068e-01 3.219710235541932142e-01
2.723919008469299907e-01 4.056370077817358921e-01 3.219710913576536160e-01
2.723918736075165437e-01 4.056369672177024821e-01 3.219711591611004731e-01
2.723918463681085367e-01 4.056369266536771767e-01 3.219712269645337854e-01
2.723918191287059698e-01 4.056368860896600315e-01 3.219712947679534976e-01
2.723917918893088985e-01 4.056368455256509353e-01 3.219713625713596650e-01
2.723917646499172118e-01 4.056368049616499993e-01 3.219714303747522877e-01
2.723917374105310207e-01 4.056367643976571680e-01 3.219714981781313101e-01
2.723917101711502697e-01 4.056367238336724412e-01 3.219715659814968434e-01
2.723916829317749588e-01 4.056366832696958191e-01 3.219716337848487764e-01
2.723916556924050880e-01 4.056366427057273016e-01 3.219717015881871092e-01
2.723916284530406573e-01 4.056366021417669443e-01 3.219717693915118972e-01
2.723916012136817222e-01 4.056365615778146361e-01 3.219718371948231961e-01
2.723915739743281716e-01 4.056365210138704880e-01 3.219719049981208392e-01
2.723915467349801167e-01 4.056364804499344445e-01 3.219719728014049931e-01
2.723915194956375019e-01 4.056364398860065057e-01 3.219720406046755468e-01
2.723914922563003271e-01 4.056363993220866715e-01 3.219721084079325557e-01
2.723914650169685925e-01 4.056363587581749419e-01 3.219721762111759644e-01
2.723914377776422979e-01 4.056363181942713725e-01 3.219722440144058839e-01
2.723914105383214435e-01 4.056362776303759077e-01 3.219723118176222032e-01
2.723913832990060846e-01 4.056362370664884920e-01 3.219723796208249222e-01
2.723913560596961103e-01 4.056361965026092364e-01 3.219724474240141521e-01
2.723913288203916316e-01 4.056361559387380855e-01 3.219725152271897817e-01
2.723913015810925931e-01 4.056361153748750947e-01 3.219725830303518666e-01
2.723912743417989946e-01 4.056360748110201531e-01 3.219726508335003512e-01
2.723912471025108917e-01 4.056360342471733715e-01 3.219727186366353466e-01
2.723912198632281734e-01 4.056359936833346391e-01 3.219727864397567418e-01
2.723911926239508952e-01 4.056359531195040669e-01 3.219728542428645368e-01
2.723911653846791125e-01 4.056359125556815992e-01 3.219729220459588426e-01
2.723911381454127700e-01 4.056358719918672362e-01 3.219729898490395481e-01
2.723911109061518676e-01 4.056358314280609778e-01 3.219730576521067089e-01
2.723910836668964053e-01 4.056357908642628796e-01 3.219731254551602695e-01
2.723910564276463830e-01 4.056357503004728304e-01 3.219731932582002853e-01
2.723910291884018009e-01 4.056357097366909414e-01 3.219732610612267565e-01
2.723910019491627144e-01 4.056356691729171571e-01 3.219733288642396829e-01
2.723909747099290124e-01 4.056356286091514773e-01 3.219733966672390091e-01
2.723909474707008060e-01 4.056355880453939022e-01 3.219734644702248461e-01
2.723909202314780398e-01 4.056355479816468046e-01 3.219735317731947100e-01
2.723908929922607136e-01 4.056355079179077006e-01 3.219735990761511402e-01
2.723908657530488275e-01 4.056354678541765901e-01 3.219736663790940812e-01
2.723908385138424371e-01 4.056354277904535288e-01 3.219737336820235885e-01
2.723908112746414312e-01 4.056353877267384611e-01 3.219738009849396621e-01
2.723907840354459209e-01 4.056353481630334823e-01 3.219738677878401512e-01
2.723907567962558507e-01 4.056353085993364416e-01 3.219739345907272621e-01
2.723907295570711651e-01 4.056352690356472834e-01 3.219740013936010503e-01
2.723907023178919751e-01 4.056352294719660634e-01 3.219740681964614604e-01
2.723906750787182807e-01 4.056351899082927814e-01 3.219741349993085477e-01
2.723906478395499708e-01 4.056351503446273821e-01 3.219742018021422014e-01
2.723906206003871011e-01 4.056351107809698653e-01 3.219742686049625324e-01
2.723905933612297270e-01 4.056350712173203421e-01 3.219743354077695408e-01
2.723905661220777930e-01 4.056350316536786460e-01 3.219744022105631154e-01
2.723905388829312990e-01 4.056349920900448880e-01 3.219744690133433673e-01
2.723905116437902452e-01 4.056349525264190681e-01 3.219745358161102966e-01
2.723904844046546314e-01 4.056349129628011307e-01 3.219746026188637922e-01
2.723904571655244577e-01 4.056348733991911315e-01 3.219746694216039651e-01
2.723904299263997242e-01 4.056348338355890704e-01 3.219747362243307598e-01
2.723904026872804862e-01 4.056347942719948363e-01 3.219748030270442318e-01
2.723903754481666883e-01 4.056347547084085958e-01 3.219748698297443257e-01
2.723903482090583306e-01 4.056347151448302379e-01 3.219749366324310413e-01
2.723903209699554129e-01 4.056346755812597626e-01 3.219750034351044343e-01
2.723902937308579353e-01 4.056346360176972254e-01 3.219750702377643936e-01
2.723902664917658978e-01 4.056345964541426263e-01 3.219751370404110857e-01
2.723902392526793004e-01 4.056345573905970614e-01 3.219752033430431926e-01
2.723902120135981986e-01 4.056345183270593235e-01 3.219752696456620877e-01
2.723901847745225369e-01 4.056344792635293572e-01 3.219753359482677157e-01
2.723901575354522597e-01 4.056344402000072180e-01 3.219754022508600766e-01
2.723901302963874782e-01 4.056344016364937799e-01 3.219754680534382962e-01
2.723901030573281368e-01 4.056343630729880578e-01 3.219755338560033597e-01
2.723900758182742909e-01 4.056343245094900518e-01 3.219755996585552671e-01
2.723900485792258297e-01 4.056342859459997618e-01 3.219756654610940183e-01
2.723900213401828641e-01 4.056342478825178954e-01 3.219757307636189059e-01
2.723899941011452830e-01 4.056342093190429265e-01 3.219757965661313448e-01
2.723899668621131975e-01 4.056341707555757292e-01 3.219758623686306831e-01
2.723899396230865522e-01 4.056341321921162479e-01 3.219759281711168097e-01
2.723899123840653469e-01 4.056340931286639973e-01 3.219759944735902657e-01
2.723898851450495817e-01 4.056340540652195181e-01 3.219760607760505100e-01
2.723898579060393121e-01 4.056340150017828661e-01 3.219761270784974316e-01
2.723898306670344271e-01 4.056339759383540411e-01 3.219761933809311416e-01
2.723898034280350378e-01 4.056339373749333066e-01 3.219762591833512655e-01
2.723897761890410329e-01 4.056338983115200802e-01 3.219763254857584966e-01
2.723897489500525237e-01 4.056338587481143620e-01 3.219763922881526685e-01
2.723897217110694546e-01 4.056338191847166375e-01 3.219764590905335178e-01
2.723896944720918811e-01 4.056337796213267399e-01 3.219765258929009888e-01
2.723896672331196922e-01 4.056337400579448360e-01 3.219765926952550816e-01
2.723896399941529434e-01 4.056337004945708147e-01 3.219766594975958518e-01
