4.268891462008091997e-01 3.032599096051302734e-01 2.698509441886022819e-01
4.268891650120789638e-01 3.032599177792194012e-01 2.698509172032433900e-01
4.268891836566766074e-01 3.032599261199752094e-01 2.698508902178899382e-01
4.268892013012610120e-01 3.032599354607389275e-01 2.698508632325418155e-01
4.268892199458513281e-01 3.032599438014912940e-01 2.698508362471991329e-01
4.268892384237696347e-01 3.032599523089101745e-01 2.698508092618618903e-01
4.268892575683571611e-01 3.032599601496545616e-01 2.698507822765299768e-01
4.268892765462726224e-01 3.032599681570655181e-01 2.698507552912035035e-01
4.268892963575252608e-01 3.032599753311340240e-01 2.698507283058824147e-01
4.268893168354466194e-01 3.032599818385283696e-01 2.698507013205667104e-01
4.268893366466912642e-01 3.032599890125940445e-01 2.698506743352563908e-01
4.268893569579362834e-01 3.032599956866538493e-01 2.698506473499515113e-01
4.268893781025179246e-01 3.032600015273718141e-01 2.698506203646519608e-01
4.268893992470953469e-01 3.032600073680885577e-01 2.698505933793578504e-01
4.268894202250003711e-01 3.032600133754722038e-01 2.698505663940691801e-01
4.268894410362331637e-01 3.032600195495227524e-01 2.698505394087858389e-01
4.268894613474576438e-01 3.032600262235761734e-01 2.698505124235079378e-01
4.268894819920141526e-01 3.032600325642922368e-01 2.698504854382354212e-01
4.268895033032385489e-01 3.032600382383349169e-01 2.698504584529682893e-01
4.268895256144667472e-01 3.032600429123685215e-01 2.698504314677065419e-01
4.268895479256904490e-01 3.032600475864011269e-01 2.698504044824502346e-01
4.268895710702495516e-01 3.032600514270930026e-01 2.698503774971993119e-01
4.268895933814642607e-01 3.032600561011238871e-01 2.698503505119537738e-01
4.268896153593386145e-01 3.032600611084896869e-01 2.698503235267136202e-01
4.268896376705444418e-01 3.032600657825186286e-01 2.698502965414788513e-01
4.268896596484099693e-01 3.032600707898824854e-01 2.698502695562495224e-01
4.268896814596031541e-01 3.032600759639131338e-01 2.698502425710255781e-01
4.268897036041278126e-01 3.032600808046070906e-01 2.698502155858070184e-01
4.268897267486551073e-01 3.032600846452929155e-01 2.698501886005938988e-01
4.268897502265134869e-01 3.032600881526423819e-01 2.698501616153861082e-01
4.268897737043671481e-01 3.032600916599910712e-01 2.698501346301837578e-01
4.268897978488872536e-01 3.032600945006678761e-01 2.698501076449867919e-01
4.268898221600703757e-01 3.032600971746763352e-01 2.698500806597952106e-01
4.268898471379196646e-01 3.032600991820132430e-01 2.698500536746090694e-01
4.268898717824284317e-01 3.032601015226851771e-01 2.698500266894283128e-01
4.268898969269355748e-01 3.032601033633534615e-01 2.698499997042529408e-01
4.268899215714344053e-01 3.032601057040245629e-01 2.698499727190829534e-01
4.268899450492545378e-01 3.032601092113690888e-01 2.698499457339183505e-01
4.268899686937375759e-01 3.032601125520451579e-01 2.698499187487591877e-01
4.268899928382188236e-01 3.032601153927176330e-01 2.698498917636054095e-01
4.268900164826923693e-01 3.032601187333924253e-01 2.698498647784570159e-01
4.268900394604906445e-01 3.032601227407371036e-01 2.698498377933140069e-01
4.268900621049490640e-01 3.032601270814162531e-01 2.698498108081764379e-01
4.268900847494030426e-01 3.032601314220945143e-01 2.698497838230441981e-01
4.268901068938497079e-01 3.032601362627746489e-01 2.698497568379173983e-01
4.268901287049567395e-01 3.032601414367889769e-01 2.698497298527960386e-01
4.268901498493892777e-01 3.032601472774724694e-01 2.698497028676800080e-01
4.268901708271500839e-01 3.032601532848223091e-01 2.698496758825694175e-01
4.268901923049091551e-01 3.032601587921683883e-01 2.698496488974642116e-01
4.268902127826590398e-01 3.032601652995183805e-01 2.698496219123643902e-01
4.268902327604023328e-01 3.032601723068695243e-01 2.698495949272699534e-01
4.268902520714717430e-01 3.032601799808891108e-01 2.698495679421809568e-01
4.268902712158698098e-01 3.032601878215746560e-01 2.698495409570972892e-01
4.268902903602641019e-01 3.032601956622586470e-01 2.698495139720190616e-01
4.268903093379871061e-01 3.032602036696084302e-01 2.698494869869462742e-01
4.268903274823693250e-01 3.032602123436262676e-01 2.698494601685462180e-01
4.268903464600847797e-01 3.032602201843054290e-01 2.698494333501514908e-01
4.268903651044617664e-01 3.032602281916503273e-01 2.698494066984296058e-01
4.268903832488329941e-01 3.032602366989957110e-01 2.698493800467129944e-01
4.268904010598659760e-01 3.032602455396740671e-01 2.698493533950017120e-01
4.268904180375587276e-01 3.032602552136872687e-01 2.698493267432957587e-01
4.268904351819154397e-01 3.032602648876984719e-01 2.698492999249278435e-01
4.268904531596051100e-01 3.032602737283713878e-01 2.698492731065652572e-01
4.268904706372893543e-01 3.032602830690442897e-01 2.698492462882080556e-01
4.268904874483011036e-01 3.032602930763843019e-01 2.698492194698561830e-01
4.268905032593061089e-01 3.032603040837257846e-01 2.698491926515097505e-01
4.268905190703079500e-01 3.032603150910650469e-01 2.698491658331685916e-01
4.268905345479722668e-01 3.032603264317365044e-01 2.698491390148328728e-01
4.268905500256335306e-01 3.032603376057385058e-01 2.698491123631696631e-01
4.268905656699587547e-01 3.032603486130711068e-01 2.698490857115118380e-01
4.268905814809480503e-01 3.032603594537343628e-01 2.698490590598592864e-01
4.268905959585970744e-01 3.032603716277324502e-01 2.698490324082121194e-01
4.268906096029076447e-01 3.032603846350637733e-01 2.698490057565702260e-01
4.268906225805471077e-01 3.032603983090608191e-01 2.698489791049337172e-01
4.268906353915168372e-01 3.032604121497222693e-01 2.698489524533025374e-01
4.268906488691522894e-01 3.032604254903797369e-01 2.698489256350095622e-01
4.268906630134532976e-01 3.032604383310333884e-01 2.698488986500549580e-01
4.268906769910843502e-01 3.032604513383514999e-01 2.698488716651056829e-01
4.268906909687126827e-01 3.032604641789999889e-01 2.698488448468288614e-01
4.268907047796712262e-01 3.032604771863128823e-01 2.698488180285573690e-01
4.268907184239600361e-01 3.032604903602902358e-01 2.698487912102912611e-01
4.268907322349130840e-01 3.032605033675979112e-01 2.698487643920305379e-01
4.268907450458616082e-01 3.032605173749047256e-01 2.698487375737751437e-01
4.268907580234745369e-01 3.032605312155418065e-01 2.698487107555251341e-01
4.268907701677502331e-01 3.032605458895107353e-01 2.698486839372804535e-01
4.268907813120221273e-01 3.032605615634780816e-01 2.698486571190412131e-01
4.268907912896235946e-01 3.032605782374436232e-01 2.698486304674741487e-01
4.268908011005562719e-01 3.032605950780726811e-01 2.698486038159124689e-01
4.268908105781532569e-01 3.032606122520320469e-01 2.698485771643561182e-01
4.268908198890814520e-01 3.032606297593216649e-01 2.698485503461382495e-01
4.268908295333415093e-01 3.032606469332741472e-01 2.698485235279257100e-01
4.268908386775991937e-01 3.032606646072236178e-01 2.698484967097185550e-01
4.268908486551889481e-01 3.032606814478356339e-01 2.698484698915167845e-01
4.268908589661102870e-01 3.032606979551106807e-01 2.698484430733203432e-01
4.268908694436962525e-01 3.032607142957157720e-01 2.698484162551292309e-01
4.268908790879465398e-01 3.032607313029844209e-01 2.698483896036102947e-01
4.268908888988616201e-01 3.032607483102497392e-01 2.698483627854299516e-01
4.268908995431081599e-01 3.032607644841781025e-01 2.698483359672549375e-01
4.268909110206860480e-01 3.032607798247698438e-01 2.698483091490853081e-01
4.268909221649282437e-01 3.032607956653585179e-01 2.698482821642544383e-01
