1.244205803361281004e-01 5.924700440226191578e-01 2.831093756403033623e-01
1.244205678939481335e-01 5.924699847750340975e-01 2.831094473300683201e-01
1.244205554517706508e-01 5.924699255274609166e-01 2.831095190198190115e-01
1.244205430095956660e-01 5.924698662798996152e-01 2.831095907095553255e-01
1.244205305674231654e-01 5.924698070323500820e-01 2.831096623992773176e-01
1.244205181252531489e-01 5.924697477848125393e-01 2.831097340889849323e-01
1.244205056830856304e-01 5.924696885372866539e-01 2.831098057786782252e-01
1.244204932409205960e-01 5.924696292897727590e-01 2.831098774683571961e-01
1.244204807987580458e-01 5.924695700422707434e-01 2.831099491580218452e-01
1.244204683565979797e-01 5.924695107947804962e-01 2.831100208476721170e-01
1.244204559144404115e-01 5.924694515473021283e-01 2.831100925373080668e-01
1.244204434722853275e-01 5.924693922998355289e-01 2.831101642269296947e-01
1.244204310301327415e-01 5.924693330523809198e-01 2.831102359165370008e-01
1.244204185879826258e-01 5.924692738049380791e-01 2.831103076061299295e-01
1.244204061458350080e-01 5.924692145575070068e-01 2.831103792957085363e-01
1.244203937036898883e-01 5.924691553100879249e-01 2.831104509852727658e-01
1.244203812615472388e-01 5.924690960626806113e-01 2.831105226748227288e-01
1.244203688194070873e-01 5.924690368152851772e-01 2.831105943643583145e-01
1.244203563772694338e-01 5.924689775679016224e-01 2.831106660538795228e-01
1.244203439351342505e-01 5.924689183205298360e-01 2.831107377433864647e-01
1.244203314930015652e-01 5.924688590731700399e-01 2.831108094328790292e-01
1.244203190508713641e-01 5.924687998258219013e-01 2.831108811223572719e-01
1.244203066087436610e-01 5.924687405784857530e-01 2.831109528118211371e-01
1.244202941666184420e-01 5.924686813311614841e-01 2.831110245012707360e-01
1.244202817244957071e-01 5.924686220838489836e-01 2.831110961907059576e-01
1.244202692823754564e-01 5.924685628365482515e-01 2.831111678801268017e-01
1.244202568402577036e-01 5.924685035892595097e-01 2.831112395695333794e-01
1.244202443981424350e-01 5.924684443419825364e-01 2.831113112589255798e-01
1.244202319560296643e-01 5.924683850947174424e-01 2.831113829483034583e-01
1.244202195139193640e-01 5.924683258474642278e-01 2.831114546376669594e-01
1.244202070718115755e-01 5.924682666002228926e-01 2.831115263270161386e-01
1.244201946297062572e-01 5.924682073529933257e-01 2.831115980163509960e-01
1.244201821876034370e-01 5.924681481057756383e-01 2.831116697056715314e-01
1.244201697455030869e-01 5.924680888585698302e-01 2.831117413949776895e-01
1.244201573034052488e-01 5.924680296113757905e-01 2.831118130842695257e-01
1.244201448613098809e-01 5.924679703641936301e-01 2.831118847735470401e-01
1.244201324192170111e-01 5.924679111170233492e-01 2.831119564628102325e-01
1.244201199771266253e-01 5.924678518698649476e-01 2.831120281520590476e-01
1.244201075350387375e-01 5.924677926227183145e-01 2.831120998412935408e-01
1.244200950929533339e-01 5.924677333755835607e-01 2.831121715305136566e-01
1.244200826508704144e-01 5.924676741284606862e-01 2.831122432197195060e-01
1.244200702087899790e-01 5.924676148813495802e-01 2.831123149089109781e-01
1.244200577667120416e-01 5.924675556342504645e-01 2.831123865980881282e-01
1.244200453246365884e-01 5.924674963871631173e-01 2.831124582872509010e-01
1.244200328825636331e-01 5.924674371400875383e-01 2.831125299763993519e-01
1.244200204404931481e-01 5.924673778930239498e-01 2.831126016655334809e-01
1.244200079984251611e-01 5.924673186459721297e-01 2.831126733546532881e-01
1.244199955563596721e-01 5.924672593989321889e-01 2.831127450437587179e-01
1.244199831142966534e-01 5.924672001519041276e-01 2.831128167328498257e-01
1.244199706722361326e-01 5.924671409048878346e-01 2.831128884219266117e-01
1.244199582301780960e-01 5.924670816578834209e-01 2.831129601109890204e-01
1.244199457881225573e-01 5.924670224108908867e-01 2.831130318000371626e-01
1.244199333460695028e-01 5.924669631639102318e-01 2.831131034890708720e-01
1.244199209040189325e-01 5.924669039169413454e-01 2.831131751780903150e-01
1.244199084619708462e-01 5.924668446699843383e-01 2.831132468670953806e-01
1.244198960199252579e-01 5.924667854230392106e-01 2.831133185560861243e-01
1.244198835778821538e-01 5.924667261761058512e-01 2.831133902450625461e-01
1.244198711358415477e-01 5.924666669291843712e-01 2.831134619340246461e-01
1.244198586938034118e-01 5.924666076822747707e-01 2.831135336229723687e-01
1.244198462517677739e-01 5.924665484353770495e-01 2.831136053119057694e-01
1.244198338097346340e-01 5.924664891884910967e-01 2.831136770008247927e-01
1.244198213677039644e-01 5.924664299416171342e-01 2.831137486897294941e-01
1.244198089256757928e-01 5.924663706947548292e-01 2.831138203786199292e-01
1.244197964836501191e-01 5.924663114479045145e-01 2.831138920674959314e-01
1.244197840416269157e-01 5.924662522010659682e-01 2.831139637563576672e-01
1.244197715996062104e-01 5.924661929542393013e-01 2.831140354452050256e-01
1.244197591575879891e-01 5.924661337074245138e-01 2.831141071340380622e-01
1.244197467155722658e-01 5.924660744606216056e-01 2.831141788228567213e-01
1.244197342735590267e-01 5.924660152138304658e-01 2.831142505116611141e-01
1.244197218315482717e-01 5.924659559670512055e-01 2.831143222004511295e-01
1.244197093895400008e-01 5.924658967202838245e-01 2.831143938892267675e-01
1.244196969475342279e-01 5.924658374735282118e-01 2.831144655779881392e-01
1.244196845055309392e-01 5.924657782267844786e-01 2.831145372667351334e-01
1.244196720635301345e-01 5.924657189800526247e-01 2.831146089554678058e-01
1.244196596215318279e-01 5.924656597333326502e-01 2.831146806441861008e-01
1.244196471795360054e-01 5.924656004866244441e-01 2.831147523328900739e-01
1.244196347375426670e-01 5.924655412399281174e-01 2.831148240215797252e-01
1.244196222955518266e-01 5.924654819932436700e-01 2.831148957102550545e-01
1.244196098535634704e-01 5.924654227465711021e-01 2.831149673989160620e-01
1.244195974115775982e-01 5.924653634999103025e-01 2.831150390875626921e-01
1.244195849695942102e-01 5.924653042532613823e-01 2.831151107761950003e-01
1.244195725276133202e-01 5.924652450066243414e-01 2.831151824648129312e-01
1.244195600856349143e-01 5.924651857599990690e-01 2.831152541534165401e-01
1.244195476436590064e-01 5.924651265133857869e-01 2.831153258420058272e-01
1.244195352016855827e-01 5.924650672667841622e-01 2.831153975305807924e-01
1.244195227597146430e-01 5.924650080201945279e-01 2.831154692191413802e-01
1.244195103177461875e-01 5.924649487736167730e-01 2.831155409076877016e-01
1.244194978757802300e-01 5.924648895270507865e-01 2.831156125962195902e-01
1.244194854338167566e-01 5.924648302804965683e-01 2.831156842847372124e-01
1.244194729918557674e-01 5.924647710339543405e-01 2.831157559732404572e-01
1.244194605498972622e-01 5.924647117874238811e-01 2.831158276617293801e-01
1.244194481079412551e-01 5.924646525409053011e-01 2.831158993502039811e-01
1.244194356659877460e-01 5.924645932943986004e-01 2.831159710386642048e-01
1.244194232240367071e-01 5.924645340479037792e-01 2.831160427271101621e-01
1.244194107820881662e-01 5.924644748014207263e-01 2.831161144155416864e-01
1.244193983401421094e-01 5.924644155549495528e-01 2.831161861039589445e-01
1.244193858981985368e-01 5.924643563084902587e-01 2.831162577923618251e-01
1.244193734562574621e-01 5.924642970620427329e-01 2.831163294807503839e-01
1.244193610143188716e-01 5.924642378156070865e-01 2.831164011691246207e-01
1.244193485723827791e-01 5.924641785691833196e-01 2.831164728574844802e-01
