1.159391977984266658e-01 6.166144694852511154e-01 2.674463327185104822e-01
1.159391862043932520e-01 6.166145078241799249e-01 2.674463059736151282e-01
1.159391746103621695e-01 6.166145461631009628e-01 2.674462792287251034e-01
1.159391630163334047e-01 6.166145845020144511e-01 2.674462524838404076e-01
1.159391514223069714e-01 6.166146228409201679e-01 2.674462257389610964e-01
1.159391398282828417e-01 6.166146611798183352e-01 2.674461989940871143e-01
1.159391282342610296e-01 6.166146995187087310e-01 2.674461722492185167e-01
1.159391166402415491e-01 6.166147378575914662e-01 2.674461455043552482e-01
1.159391050462243722e-01 6.166147761964666518e-01 2.674461187594973088e-01
1.159390934522095268e-01 6.166148145353340659e-01 2.674460920146446985e-01
1.159390818581969990e-01 6.166148528741938195e-01 2.674460652697974727e-01
1.159390702641867749e-01 6.166148912130459125e-01 2.674460385249556316e-01
1.159390586701788822e-01 6.166149295518903450e-01 2.674460117801190639e-01
1.159390470761733072e-01 6.166149678907271170e-01 2.674459850352878809e-01
1.159390354821700497e-01 6.166150062295561174e-01 2.674459582904620270e-01
1.159390238881691099e-01 6.166150445683775683e-01 2.674459315456415576e-01
1.159390122941705015e-01 6.166150829071913586e-01 2.674459048008264173e-01
1.159390007001741968e-01 6.166151212459974884e-01 2.674458780560166615e-01
1.159389891061802097e-01 6.166151595847958466e-01 2.674458513112121794e-01
1.159389775121885541e-01 6.166151979235866554e-01 2.674458245664131373e-01
1.159389659181992022e-01 6.166152362623696925e-01 2.674457978216193688e-01
1.159389543242121817e-01 6.166152746011450692e-01 2.674457710768309848e-01
1.159389427302274789e-01 6.166153129399128963e-01 2.674457443320479300e-01
1.159389311362450936e-01 6.166153512786729518e-01 2.674457175872702597e-01
1.159389195422650259e-01 6.166153896174253468e-01 2.674456908424979185e-01
1.159389079482872759e-01 6.166154279561700813e-01 2.674456640977309063e-01
1.159388963543118434e-01 6.166154662949071552e-01 2.674456373529692788e-01
1.159388847603387285e-01 6.166155046336365686e-01 2.674456106082129803e-01
1.159388731663679312e-01 6.166155429723583214e-01 2.674455838634620108e-01
1.159388615723994653e-01 6.166155813110724138e-01 2.674455571187164260e-01
1.159388499784333032e-01 6.166156196497788455e-01 2.674455303739761702e-01
1.159388383844694725e-01 6.166156579884775057e-01 2.674455036292412435e-01
1.159388267905079456e-01 6.166156963271686164e-01 2.674454768845117014e-01
1.159388151965487501e-01 6.166157346658520666e-01 2.674454501397874884e-01
1.159388036025918722e-01 6.166157730045277452e-01 2.674454233950686599e-01
1.159387920086373119e-01 6.166158113431957632e-01 2.674453966503551605e-01
1.159387804146850692e-01 6.166158496818562318e-01 2.674453699056469902e-01
1.159387688207351441e-01 6.166158880205089288e-01 2.674453431609442045e-01
1.159387572267875366e-01 6.166159263591539652e-01 2.674453164162467478e-01
1.159387456328422467e-01 6.166159646977914521e-01 2.674452896715546202e-01
1.159387340388992882e-01 6.166160030364211675e-01 2.674452629268678772e-01
1.159387224449586334e-01 6.166160413750432223e-01 2.674452361821864632e-01
1.159387108510203102e-01 6.166160797136576166e-01 2.674452094375103783e-01
1.159386992570842906e-01 6.166161180522643503e-01 2.674451826928396780e-01
1.159386876631506025e-01 6.166161563908634236e-01 2.674451559481743068e-01
1.159386760692192320e-01 6.166161947294547252e-01 2.674451292035142647e-01
1.159386644752901790e-01 6.166162330680384773e-01 2.674451024588596071e-01
1.159386528813634437e-01 6.166162714066145689e-01 2.674450757142102786e-01
1.159386412874390260e-01 6.166163097451828889e-01 2.674450489695663347e-01
1.159386296935169258e-01 6.166163480837436595e-01 2.674450222249277198e-01
1.159386180995971433e-01 6.166163864222966584e-01 2.674449954802944340e-01
1.159386065056796783e-01 6.166164247608421078e-01 2.674449687356665328e-01
1.159385949117645448e-01 6.166164630993797857e-01 2.674449419910439607e-01
1.159385833178517150e-01 6.166165014379098031e-01 2.674449152464267176e-01
1.159385717239412167e-01 6.166165397764321598e-01 2.674448885018148592e-01
1.159385601300330221e-01 6.166165781149469671e-01 2.674448617572083298e-01
1.159385485361271589e-01 6.166166164534540028e-01 2.674448350126071294e-01
1.159385369422236134e-01 6.166166547919533780e-01 2.674448082680113137e-01
1.159385253483223854e-01 6.166166931304450927e-01 2.674447815234208270e-01
1.159385137544234751e-01 6.166167314689291468e-01 2.674447547788357249e-01
1.159385021605268823e-01 6.166167698074054293e-01 2.674447280342558964e-01
1.159384905666326071e-01 6.166168081458741623e-01 2.674447012896815079e-01
1.159384789727406495e-01 6.166168464843352348e-01 2.674446745451123930e-01
1.159384673788510234e-01 6.166168848227885357e-01 2.674446478005486627e-01
1.159384557849637010e-01 6.166169231612342871e-01 2.674446210559902615e-01
1.159384441910787100e-01 6.166169614996722670e-01 2.674445943114372448e-01
1.159384325971960228e-01 6.166169998381026973e-01 2.674445675668895572e-01
1.159384210033156670e-01 6.166170381765253561e-01 2.674445408223471987e-01
1.159384094094376288e-01 6.166170765149404653e-01 2.674445140778102248e-01
1.159383978155618944e-01 6.166171148533478030e-01 2.674444873332785799e-01
1.159383862216884914e-01 6.166171531917474802e-01 2.674444605887523196e-01
1.159383746278174060e-01 6.166171915301394968e-01 2.674444338442313329e-01
1.159383630339486521e-01 6.166172298685238529e-01 2.674444070997157308e-01
1.159383514400822018e-01 6.166172682069005484e-01 2.674443803552055132e-01
1.159383398462180692e-01 6.166173065452695834e-01 2.674443536107006247e-01
1.159383282523562542e-01 6.166173448836309579e-01 2.674443268662010653e-01
1.159383166584967706e-01 6.166173832219846718e-01 2.674443001217068905e-01
1.159383050646395907e-01 6.166174215603306141e-01 2.674442733772179892e-01
1.159382934707847423e-01 6.166174598986690070e-01 2.674442466327345280e-01
1.159382818769322115e-01 6.166174982369997393e-01 2.674442198882563404e-01
1.159382702830819983e-01 6.166175365753227000e-01 2.674441931437835374e-01
1.159382586892340888e-01 6.166175749136381112e-01 2.674441663993161189e-01
1.159382470953885108e-01 6.166176132519457509e-01 2.674441396548539740e-01
1.159382355015452504e-01 6.166176515902457300e-01 2.674441129103972692e-01
1.159382239077043214e-01 6.166176899285381596e-01 2.674440861659458379e-01
1.159382123138656961e-01 6.166177282668228177e-01 2.674440594214997913e-01
1.159382007200293885e-01 6.166177666050998152e-01 2.674440326770590737e-01
1.159381891261954123e-01 6.166178049433691521e-01 2.674440059326236852e-01
1.159381775323637398e-01 6.166178432816308286e-01 2.674439791881936812e-01
1.159381659385343988e-01 6.166178816198848445e-01 2.674439524437690063e-01
1.159381543447073615e-01 6.166179199581311998e-01 2.674439256993497160e-01
1.159381427508826556e-01 6.166179582963698946e-01 2.674438989549357548e-01
1.159381311570602674e-01 6.166179966346008179e-01 2.674438722105271227e-01
1.159381195632401967e-01 6.166180349728241916e-01 2.674438454661238751e-01
1.159381079694224437e-01 6.166180733110399048e-01 2.674438187217259566e-01
1.159380963756070082e-01 6.166181116492478465e-01 2.674437919773333672e-01
1.159380847817938903e-01 6.166181499874482386e-01 2.674437652329461623e-01
1.159380731879830900e-01 6.166181883256408591e-01 2.674437384885642865e-01
1.159380615941746073e-01 6.166182266638259302e-01 2.674437117441877398e-01
1.159380500003684561e-01 6.166182650020032296e-01 2.674436849998165777e-01
