2.655608615517608406e-01 5.249934899353896345e-01 2.094456485112211053e-01
2.655609349963944377e-01 5.249934374355261779e-01 2.094456275664509926e-01
2.655610084410133798e-01 5.249933849356731574e-01 2.094456066216850709e-01
2.655610818856176114e-01 5.249933324358306841e-01 2.094455856769233404e-01
2.655611553302071326e-01 5.249932799359987579e-01 2.094455647321658009e-01
2.655612287747819988e-01 5.249932274361772677e-01 2.094455437874124248e-01
2.655613022193421546e-01 5.249931749363662137e-01 2.094455228426632676e-01
2.655613756638876000e-01 5.249931224365657068e-01 2.094455018979183014e-01
2.655614491084183904e-01 5.249930699367757470e-01 2.094454809531774986e-01
2.655615225529344703e-01 5.249930174369962232e-01 2.094454600084409146e-01
2.655615959974358953e-01 5.249929649372272467e-01 2.094454390637084940e-01
2.655616694419225543e-01 5.249929124374688172e-01 2.094454181189802922e-01
2.655617428863946139e-01 5.249928599377208238e-01 2.094453971742562537e-01
2.655618163308519630e-01 5.249928074379832665e-01 2.094453762295364063e-01
2.655618897752946017e-01 5.249927549382562564e-01 2.094453552848207500e-01
2.655619632197225299e-01 5.249927024385397933e-01 2.094453343401092849e-01
2.655620366641358032e-01 5.249926499388337664e-01 2.094453133954020108e-01
2.655621101085343660e-01 5.249925974391382866e-01 2.094452924506989278e-01
2.655621835529182739e-01 5.249925449394533539e-01 2.094452715060000358e-01
2.655622569972874714e-01 5.249924924397788573e-01 2.094452505613053350e-01
2.655623304416419583e-01 5.249924399401149078e-01 2.094452296166147975e-01
2.655624038859817904e-01 5.249923874404613944e-01 2.094452086719284789e-01
2.655624773303069119e-01 5.249923349408183171e-01 2.094451877272463236e-01
2.655625507746173786e-01 5.249922824411858979e-01 2.094451667825683872e-01
2.655626242189131347e-01 5.249922299415639149e-01 2.094451458378946140e-01
2.655626976631941805e-01 5.249921774419523679e-01 2.094451248932250320e-01
2.655627711074605712e-01 5.249921249423513681e-01 2.094451039485596688e-01
2.655628445517122516e-01 5.249920724427609153e-01 2.094450830038984690e-01
2.655629179959492769e-01 5.249920199431808987e-01 2.094450620592414603e-01
2.655629914401715919e-01 5.249919674436114292e-01 2.094450411145886426e-01
2.655630648843791963e-01 5.249919149440523958e-01 2.094450201699400160e-01
2.655631383285721459e-01 5.249918624445039095e-01 2.094449992252955528e-01
2.655632117727503849e-01 5.249918099449659703e-01 2.094449782806553084e-01
2.655632852169139135e-01 5.249917574454384672e-01 2.094449573360192551e-01
2.655633586610627872e-01 5.249917049459215113e-01 2.094449363913873652e-01
2.655634321051969504e-01 5.249916524464149914e-01 2.094449154467596941e-01
2.655635055493164587e-01 5.249915999469190186e-01 2.094448945021361863e-01
2.655635789934212565e-01 5.249915474474334820e-01 2.094448735575168974e-01
2.655636524375113439e-01 5.249914949479584925e-01 2.094448526129017718e-01
2.655637258815867763e-01 5.249914424484940501e-01 2.094448316682908373e-01
2.655637993256474982e-01 5.249913899490400437e-01 2.094448107236840939e-01
2.655638727696935653e-01 5.249913374495965845e-01 2.094447897790815416e-01
2.655639462137249218e-01 5.249912849501635614e-01 2.094447688344831804e-01
2.655640196577415679e-01 5.249912324507410855e-01 2.094447478898890103e-01
2.655640931017435591e-01 5.249911799513290456e-01 2.094447269452990312e-01
2.655641665457308398e-01 5.249911274519275528e-01 2.094447060007132433e-01
2.655642399897034100e-01 5.249910749525366072e-01 2.094446850561316187e-01
2.655643134336613254e-01 5.249910224531560976e-01 2.094446641115542129e-01
2.655643868776045857e-01 5.249909699537861352e-01 2.094446431669809983e-01
2.655644603215330801e-01 5.249909174544266088e-01 2.094446222224119469e-01
2.655645337654469196e-01 5.249908649550776296e-01 2.094446012778470867e-01
2.655646072093461041e-01 5.249908124557390865e-01 2.094445803332864453e-01
2.655646806532305781e-01 5.249907599564110905e-01 2.094445593887299673e-01
2.655647540971003417e-01 5.249907074570936416e-01 2.094445384441776803e-01
2.655648275409554504e-01 5.249906549577866288e-01 2.094445174996295844e-01
2.655649009847958486e-01 5.249906024584901632e-01 2.094444965550856796e-01
2.655649744286215364e-01 5.249905499592041336e-01 2.094444756105459660e-01
2.655650478724325692e-01 5.249904974599286511e-01 2.094444546660104434e-01
2.655651213162288915e-01 5.249904449606637158e-01 2.094444337214790841e-01
2.655651947600105589e-01 5.249903924614092166e-01 2.094444127769519437e-01
2.655652682037774603e-01 5.249903399621651534e-01 2.094443918324289666e-01
2.655653416475297623e-01 5.249902874629316374e-01 2.094443708879102084e-01
2.655654150912673539e-01 5.249902349637086685e-01 2.094443499433956135e-01
2.655654885349902350e-01 5.249901824644962467e-01 2.094443289988852375e-01
2.655655619786984056e-01 5.249901299652942610e-01 2.094443080543790248e-01
2.655656354223919213e-01 5.249900774661027114e-01 2.094442871098770032e-01
2.655657088660707266e-01 5.249900249669217089e-01 2.094442661653791726e-01
2.655657823097348769e-01 5.249899724677512536e-01 2.094442452208855332e-01
2.655658557533843167e-01 5.249899199685912343e-01 2.094442242763960849e-01
2.655659291970191016e-01 5.249898674694417622e-01 2.094442033319108276e-01
2.655660026406391760e-01 5.249898149703027261e-01 2.094441823874297615e-01
2.655660760842445400e-01 5.249897624711742372e-01 2.094441614429528864e-01
2.655661470278284919e-01 5.249897124720630526e-01 2.094441404984801747e-01
2.655662179713982329e-01 5.249896624729618599e-01 2.094441195540116818e-01
2.655662889149538186e-01 5.249896124738706593e-01 2.094440986095473523e-01
2.655663598584951934e-01 5.249895624747894507e-01 2.094440776650872416e-01
2.655664308020223574e-01 5.249895124757182341e-01 2.094440567206312942e-01
2.655665017455353660e-01 5.249894624766570095e-01 2.094440357761795379e-01
2.655665726890342193e-01 5.249894124776057769e-01 2.094440148317319728e-01
2.655666436325188062e-01 5.249893624785645363e-01 2.094439938872885987e-01
2.655667145759892933e-01 5.249893124795333987e-01 2.094439729428494157e-01
2.655667855194455140e-01 5.249892624805121422e-01 2.094439519984144238e-01
2.655668564628875794e-01 5.249892124815009886e-01 2.094439310539836230e-01
2.655669274063154339e-01 5.249891624824997161e-01 2.094439101095570133e-01
2.655669983497291331e-01 5.249891124835085465e-01 2.094438891651345669e-01
2.655670692931286214e-01 5.249890624845273690e-01 2.094438682207163394e-01
2.655671402365139544e-01 5.249890124855560725e-01 2.094438472763023029e-01
2.655672111798850765e-01 5.249889624865948790e-01 2.094438263318924298e-01
2.655672821232419878e-01 5.249889124876436775e-01 2.094438053874867478e-01
2.655673530665847437e-01 5.249888624887024680e-01 2.094437844430852846e-01
2.655674240099132888e-01 5.249888124897712505e-01 2.094437634986879848e-01
2.655674949532276230e-01 5.249887624908500250e-01 2.094437425542948761e-01
2.655675658965278019e-01 5.249887124919389025e-01 2.094437216099059584e-01
2.655676368398138254e-01 5.249886624930376611e-01 2.094437006655212319e-01
2.655677077830855826e-01 5.249886124941464116e-01 2.094436797211406964e-01
2.655677787263431844e-01 5.249885624952652652e-01 2.094436587767643521e-01
2.655678496695866309e-01 5.249885124963939997e-01 2.094436378323921710e-01
2.655679206128158665e-01 5.249884624975328373e-01 2.094436168880242088e-01
2.655679915560308912e-01 5.249884124986815559e-01 2.094435959436604378e-01
2.655680624992317607e-01 5.249883624998403775e-01 2.094435749993008300e-01
