2.632963266416545045e-02 9.697557406047412343e-01 3.914626754677573948e-03
2.632963603123518112e-02 9.697557376291380260e-01 3.914626363211061964e-03
2.632963939830423872e-02 9.697557346535352618e-01 3.914625971744628043e-03
2.632964326537742122e-02 9.697557311779285705e-01 3.914625580278273051e-03
2.632964563243558181e-02 9.697557292023365472e-01 3.914625188811996122e-03
2.632964749948856625e-02 9.697557277267497833e-01 3.914624797345797255e-03
2.632965036655048052e-02 9.697557252511540549e-01 3.914624405879677319e-03
2.632965373361641909e-02 9.697557222755540662e-01 3.914624014413635444e-03
2.632965660067713640e-02 9.697557197999593370e-01 3.914623622947671633e-03
2.632966096775078008e-02 9.697557158243514941e-01 3.914623231481785884e-03
2.632966583482800396e-02 9.697557113487401681e-01 3.914622840015979065e-03
2.632967070190424946e-02 9.697557068731297303e-01 3.914622448550249441e-03
2.632967706899257826e-02 9.697557008975070669e-01 3.914622057084598747e-03
2.632968343607963030e-02 9.697556949218856248e-01 3.914621665619026983e-03
2.632968930316115924e-02 9.697556894462695531e-01 3.914621274153532414e-03
2.632969517024151204e-02 9.697556839706544807e-01 3.914620882688116775e-03
2.632970153732484483e-02 9.697556779950364803e-01 3.914620491222780066e-03
2.632970790440690434e-02 9.697556720194197011e-01 3.914620099757520552e-03
2.632971477149173567e-02 9.697556655437999940e-01 3.914619708292339968e-03
2.632972213857919311e-02 9.697556585681776919e-01 3.914619316827237447e-03
2.632973000566912747e-02 9.697556510925526840e-01 3.914618925362212988e-03
2.632973787275748670e-02 9.697556436169292304e-01 3.914618533897266592e-03
2.632974623984812509e-02 9.697556356413035150e-01 3.914618142432399125e-03
2.632975510694089000e-02 9.697556271656755378e-01 3.914617750967609722e-03
2.632976247402063139e-02 9.697556201900605632e-01 3.914617359502898380e-03
2.632976934109519662e-02 9.697556137144505151e-01 3.914616968038265969e-03
2.632977570816474530e-02 9.697556077388455043e-01 3.914616576573711620e-03
2.632978157522941967e-02 9.697556022632453088e-01 3.914616185109235334e-03
2.632978744229291790e-02 9.697555967876461125e-01 3.914615793644837111e-03
2.632979330935524692e-02 9.697555913120480264e-01 3.914615402180517817e-03
2.632979817640949960e-02 9.697555868364580167e-01 3.914615010716276586e-03
2.632980404346958042e-02 9.697555813608620401e-01 3.914614619252113417e-03
2.632980991052848510e-02 9.697555758852671737e-01 3.914614227788028311e-03
2.632981677759281547e-02 9.697555694096666734e-01 3.914613836324022135e-03
2.632982314465252480e-02 9.697555634340709885e-01 3.914613444860094021e-03
2.632982951171096431e-02 9.697555574584764138e-01 3.914613053396243970e-03
2.632983637877127359e-02 9.697555509828797993e-01 3.914612661932472849e-03
2.632984324583020549e-02 9.697555445072844060e-01 3.914612270468779791e-03
2.632985011288777044e-02 9.697555380316904561e-01 3.914611879005164795e-03
2.632985647994096068e-02 9.697555320561007663e-01 3.914611487541627861e-03
2.632986384699877863e-02 9.697555250805064420e-01 3.914611096078168991e-03
2.632987121405511860e-02 9.697555181049135609e-01 3.914610704614789050e-03
2.632987808110713590e-02 9.697555116293247179e-01 3.914610313151487171e-03
2.632988444815498666e-02 9.697555056537401352e-01 3.914609921688264223e-03
2.632989131520430820e-02 9.697554991781538458e-01 3.914609530225118469e-03
2.632989918225765724e-02 9.697554917025635879e-01 3.914609138762051646e-03
2.632990704930943116e-02 9.697554842269747732e-01 3.914608747299062885e-03
2.632991491635963341e-02 9.697554767513874019e-01 3.914608355836153054e-03
2.632992178340316097e-02 9.697554697758041797e-01 3.914608464375870199e-03
2.632992965045031705e-02 9.697554618002174331e-01 3.914608572915566527e-03
2.632993801749835064e-02 9.697554533246296460e-01 3.914608681455241171e-03
2.632994738454950967e-02 9.697554438490388895e-01 3.914608789994893263e-03
2.632995575159409463e-02 9.697554353734545440e-01 3.914608898534524539e-03
2.632996311863240388e-02 9.697554283978789824e-01 3.914608507071833284e-03
2.632997148567374490e-02 9.697554204223003405e-01 3.914608115609221825e-03
2.632998085271780891e-02 9.697554114467188402e-01 3.914607724146687562e-03
2.632999021976000290e-02 9.697554024711392273e-01 3.914607332684231361e-03
2.632999908679822115e-02 9.697553939955633195e-01 3.914606941221854090e-03
2.633000795383466652e-02 9.697553855199891881e-01 3.914606549759554882e-03
2.633001582086533579e-02 9.697553780444206906e-01 3.914606158297334604e-03
2.633002318789248383e-02 9.697553710688556761e-01 3.914605766835191521e-03
2.633002955491436231e-02 9.697553650932959624e-01 3.914605375373127367e-03
2.633003492193126613e-02 9.697553601177409943e-01 3.914604983911141277e-03
2.633004028894709789e-02 9.697553551421870255e-01 3.914604592449234116e-03
2.633004565596185412e-02 9.697553501666341669e-01 3.914604200987405018e-03
2.633005102297553829e-02 9.697553451910821964e-01 3.914603809525653982e-03
2.633005638998814693e-02 9.697553402155312252e-01 3.914603418063981009e-03
2.633006075699648521e-02 9.697553362399844445e-01 3.914603026602386099e-03
2.633006512400394572e-02 9.697553322644384410e-01 3.914602635140870118e-03
2.633006949101053540e-02 9.697553282888933257e-01 3.914602243679432200e-03
2.633007435801770421e-02 9.697553238133476139e-01 3.914601852218072345e-03
2.633007922502389464e-02 9.697553193378026792e-01 3.914601460756791419e-03
2.633008459203046644e-02 9.697553143622573701e-01 3.914601069295588556e-03
2.633008945903466194e-02 9.697553098867143229e-01 3.914600677834463756e-03
2.633009382603663379e-02 9.697553059111734264e-01 3.914600286373417018e-03
2.633009819303773480e-02 9.697553019356331960e-01 3.914599894912449210e-03
2.633010206003680992e-02 9.697552984600951165e-01 3.914599503451559465e-03
2.633010642703621090e-02 9.697552944845564404e-01 3.914599111990747782e-03
2.633011029403369008e-02 9.697552910090198042e-01 3.914598720530014161e-03
2.633011466103139450e-02 9.697552870334826824e-01 3.914598329069359471e-03
2.633011902802822463e-02 9.697552830579464489e-01 3.914597937608782843e-03
2.633012289502328560e-02 9.697552795824119221e-01 3.914597546148284278e-03
2.633012726201841916e-02 9.697552756068771318e-01 3.914597154687863775e-03
2.633013212901347960e-02 9.697552711313425222e-01 3.914596763227522203e-03
2.633013649600681946e-02 9.697552671558093973e-01 3.914596371767258692e-03
2.633014086299928502e-02 9.697552631802770495e-01 3.914595980307073245e-03
2.633014472999022429e-02 9.697552597047462974e-01 3.914595588846966727e-03
2.633014909698099329e-02 9.697552557292155040e-01 3.914595197386938272e-03
2.633015296397033661e-02 9.697552522536861952e-01 3.914594805926987879e-03
2.633015683095890971e-02 9.697552487781575525e-01 3.914594414467115549e-03
2.633016119794715643e-02 9.697552448026290906e-01 3.914594023007322149e-03
2.633016556493453231e-02 9.697552408271014057e-01 3.914593631547606811e-03
2.633017143192208434e-02 9.697552353515733747e-01 3.914593240087969536e-03
2.633017729890846370e-02 9.697552298760464540e-01 3.914592848628410324e-03
2.633018216589316784e-02 9.697552254005212813e-01 3.914592457168930041e-03
2.633018653287669958e-02 9.697552214249971492e-01 3.914592065709527821e-03
2.633019039985920462e-02 9.697552179494740576e-01 3.914591674250203664e-03
2.633019426684093944e-02 9.697552144739515212e-01 3.914591282790957569e-03
2.633019863382194889e-02 9.697552104984297205e-01 3.914590891331790404e-03
2.633020350080208724e-02 9.697552060229087667e-01 3.914590499872701301e-03
